chrom	start	end	ref	depth	r_depth	a_depth	num_A	num_C	num_G	num_T	num_D	num_I	totQ_A	totQ_C	totQ_G	totQ_T	all_ins	num_F_A	num_F_C	num_F_G	num_F_T	num_F_D	num_F_I	totQ_F_A	totQ_F_C	totQ_F_G	totQ_F_T	all_F_ins	num_R_A	num_R_C	num_R_G	num_R_T	num_R_D	num_R_I	totQ_R_A	totQ_R_C	totQ_R_G	totQ_R_T	all_R_ins	sample_1
5HT2cR-ligated-N	0	1	G	1275	1275	0	0	0	1275	0	0	0	0	0	43271	0	.	0	0	0	0	0	0	0	0	0	0	.	0	0	1275	0	0	0	0	0	43271	0	.	0|0|0|0,0|0|0|0,0|0|1275|43271,0|0|0|0,0|.0|.,.|.
5HT2cR-ligated-N	1	2	G	1276	1276	0	0	0	1276	0	0	0	0	0	43353	0	.	0	0	0	0	0	0	0	0	0	0	.	0	0	1276	0	0	0	0	0	43353	0	.	0|0|0|0,0|0|0|0,0|0|1276|43353,0|0|0|0,0|.0|.,.|.
5HT2cR-ligated-N	2	3	C	1296	1296	0	0	1296	0	0	0	0	0	44455	0	0	.	0	0	0	0	0	0	0	0	0	0	.	0	1296	0	0	0	0	0	44455	0	0	.	0|0|0|0,0|0|1296|44455,0|0|0|0,0|0|0|0,0|.0|.,.|.
5HT2cR-ligated-N	3	4	T	1328	1324	4	1	2	1	1324	0	9	34	72	34	45709	.G,G,G,G,G,G,G,G,G	0	0	0	0	0	0	0	0	0	0	.	1	2	1	1324	0	9	34	72	34	45709	G,G,G,G,G,G,G,G,G	0|0|1|34,0|0|2|72,0|0|1|34,0|0|1324|45709,0|.0|.,.|G,G,G,G,G,G,G,G,G
5HT2cR-ligated-N	4	5	G	1568	1534	34	4	3	1534	5	22	0	150	114	56331	190	.	0	0	0	0	0	0	0	0	0	0	.	4	3	1534	5	22	0	150	114	56331	190	.	0|0|4|150,0|0|3|114,0|0|1534|56331,0|0|5|190,0|.22|.,.|.
5HT2cR-ligated-N	5	6	G	1580	1574	6	3	0	1574	3	0	2	114	0	58509	114	.A,A	0	0	0	0	0	0	0	0	0	0	.	3	0	1574	3	0	2	114	0	58509	114	A,A	0|0|3|114,0|0|0|0,0|0|1574|58509,0|0|3|114,0|.0|.,.|A,A
5HT2cR-ligated-N	6	7	A	1589	1584	5	1584	2	0	3	0	0	59097	43	0	78	.	0	0	0	0	0	0	0	0	0	0	.	1584	2	0	3	0	0	59097	43	0	78	.	0|0|1584|59097,0|0|2|43,0|0|0|0,0|0|3|78,0|.0|.,.|.
5HT2cR-ligated-N	7	8	T	1598	1588	10	2	4	0	1588	4	1	52	143	0	58898	.C	0	0	0	0	0	0	0	0	0	0	.	2	4	0	1588	4	1	52	143	0	58898	C	0|0|2|52,0|0|4|143,0|0|0|0,0|0|1588|58898,0|.4|.,.|C
5HT2cR-ligated-N	8	9	C	1605	1600	5	0	1600	1	0	4	1	0	60247	12	0	.G	0	0	0	0	0	0	0	0	0	0	.	0	1600	1	0	4	1	0	60247	12	0	G	0|0|0|0,0|0|1600|60247,0|0|1|12,0|0|0|0,0|.4|.,.|G
5HT2cR-ligated-N	9	10	G	1631	1602	29	8	0	1602	9	12	0	298	0	59934	343	.	0	0	0	0	0	0	0	0	0	0	.	8	0	1602	9	12	0	298	0	59934	343	.	0|0|8|298,0|0|0|0,0|0|1602|59934,0|0|9|343,0|.12|.,.|.
5HT2cR-ligated-N	10	11	G	1636	1620	16	3	1	1620	6	6	0	115	38	60959	222	.	0	0	0	0	0	0	0	0	0	0	.	3	1	1620	6	6	0	115	38	60959	222	.	0|0|3|115,0|0|1|38,0|0|1620|60959,0|0|6|222,0|.6|.,.|.
5HT2cR-ligated-N	11	12	T	1638	1622	16	0	3	1	1622	12	0	0	80	38	58244	.	0	0	0	0	0	0	0	0	0	0	.	0	3	1	1622	12	0	0	80	38	58244	.	0|0|0|0,0|0|3|80,0|0|1|38,0|0|1622|58244,0|.12|.,.|.
5HT2cR-ligated-N	12	13	A	1643	1629	14	1629	0	0	3	11	1	61088	0	0	113	.T	0	0	0	0	0	0	0	0	0	0	.	1629	0	0	3	11	1	61088	0	0	113	T	0|0|1629|61088,0|0|0|0,0|0|0|0,0|0|3|113,0|.11|.,.|T
5HT2cR-ligated-N	13	14	T	1648	1637	11	0	0	1	1637	10	1	0	0	38	61402	.G	0	0	0	0	0	0	0	0	0	0	.	0	0	1	1637	10	1	0	0	38	61402	G	0|0|0|0,0|0|0|0,0|0|1|38,0|0|1637|61402,0|.10|.,.|G
5HT2cR-ligated-N	14	15	G	1719	1693	26	6	0	1693	10	10	0	204	0	64764	285	.	0	0	0	0	0	0	0	0	0	0	.	6	0	1693	10	10	0	204	0	64764	285	.	0|0|6|204,0|0|0|0,0|0|1693|64764,0|0|10|285,0|.10|.,.|.
5HT2cR-ligated-N	15	16	T	1723	1712	11	0	4	2	1712	5	1	0	154	77	65399	.A	0	0	0	0	0	0	0	0	0	0	.	0	4	2	1712	5	1	0	154	77	65399	A	0|0|0|0,0|0|4|154,0|0|2|77,0|0|1712|65399,0|.5|.,.|A
5HT2cR-ligated-N	16	17	A	1725	1709	16	1709	0	2	4	10	3	64991	0	40	119	.G,G,G	0	0	0	0	0	0	0	0	0	0	.	1709	0	2	4	10	3	64991	0	40	119	G,G,G	0|0|1709|64991,0|0|0|0,0|0|2|40,0|0|4|119,0|.10|.,.|G,G,G
5HT2cR-ligated-N	17	18	G	1770	1739	31	10	6	1739	6	9	0	387	195	66299	194	.	0	0	0	0	0	0	0	0	0	0	.	10	6	1739	6	9	0	387	195	66299	194	.	0|0|10|387,0|0|6|195,0|0|1739|66299,0|0|6|194,0|.9|.,.|.
5HT2cR-ligated-N	18	19	C	1770	1762	8	1	1762	0	1	6	1	2	67804	0	39	.A	0	0	0	0	0	0	0	0	0	0	.	1	1762	0	1	6	1	2	67804	0	39	A	0|0|1|2,0|0|1762|67804,0|0|0|0,0|0|1|39,0|.6|.,.|A
5HT2cR-ligated-N	19	20	A	1772	1765	7	1765	1	0	4	2	0	67218	15	0	152	.	0	0	0	0	0	0	0	0	0	0	.	1765	1	0	4	2	0	67218	15	0	152	.	0|0|1765|67218,0|0|1|15,0|0|0|0,0|0|4|152,0|.2|.,.|.
5HT2cR-ligated-N	20	21	N	1772	0	1772	1755	1	1	2	13	0	66210	39	37	78	.	0	0	0	0	0	0	0	0	0	0	.	1755	1	1	2	13	0	66210	39	37	78	.	0|0|1755|66210,0|0|1|39,0|0|1|37,0|0|2|78,0|.13|.,.|.
5HT2cR-ligated-N	21	22	T	1779	1772	7	1	2	0	1772	4	1	2	41	0	68082	.A	0	0	0	0	0	0	0	0	0	0	.	1	2	0	1772	4	1	2	41	0	68082	A	0|0|1|2,0|0|2|41,0|0|0|0,0|0|1772|68082,0|.4|.,.|A
5HT2cR-ligated-N	22	23	N	1779	0	1779	1767	2	0	5	5	0	67748	18	0	193	.	0	0	0	0	0	0	0	0	0	0	.	1767	2	0	5	5	0	67748	18	0	193	.	0|0|1767|67748,0|0|2|18,0|0|0|0,0|0|5|193,0|.5|.,.|.
5HT2cR-ligated-N	23	24	C	1786	1780	6	1	1780	0	0	5	2	2	68496	0	0	.G,G	0	0	0	0	0	0	0	0	0	0	.	1	1780	0	0	5	2	2	68496	0	0	G,G	0|0|1|2,0|0|1780|68496,0|0|0|0,0|0|0|0,0|.5|.,.|G,G
5HT2cR-ligated-N	24	25	G	1791	1764	27	12	0	1764	9	6	0	458	0	67494	350	.	0	0	0	0	0	0	0	0	0	0	.	12	0	1764	9	6	0	458	0	67494	350	.	0|0|12|458,0|0|0|0,0|0|1764|67494,0|0|9|350,0|.6|.,.|.
5HT2cR-ligated-N	25	26	T	1791	1780	11	6	1	2	1780	2	3	205	38	4	67683	.AATCCTATTG,A,A	0	0	0	0	0	0	0	0	0	0	.	6	1	2	1780	2	3	205	38	4	67683	AATCCTATTG,A,A	0|0|6|205,0|0|1|38,0|0|2|4,0|0|1780|67683,0|.2|.,.|AATCCTATTG,A,A
5HT2cR-ligated-N	26	27	N	1791	0	1791	1781	1	1	2	6	0	68336	39	39	76	.	0	0	0	0	0	0	0	0	0	0	.	1781	1	1	2	6	0	68336	39	39	76	.	0|0|1781|68336,0|0|1|39,0|0|1|39,0|0|2|76,0|.6|.,.|.
5HT2cR-ligated-N	27	28	N	1791	0	1791	1782	2	0	3	4	0	68404	78	0	114	.	0	0	0	0	0	0	0	0	0	0	.	1782	2	0	3	4	0	68404	78	0	114	.	0|0|1782|68404,0|0|2|78,0|0|0|0,0|0|3|114,0|.4|.,.|.
5HT2cR-ligated-N	28	29	T	1806	1797	9	0	5	0	1797	4	1	0	166	0	67597	.CCCATAGCC	0	0	0	0	0	0	0	0	0	0	.	0	5	0	1797	4	1	0	166	0	67597	CCCATAGCC	0|0|0|0,0|0|5|166,0|0|0|0,0|0|1797|67597,0|.4|.,.|CCCATAGCC
5HT2cR-ligated-N	29	30	C	1810	1805	5	0	1805	0	0	5	0	0	69544	0	0	.	0	0	0	0	0	0	0	0	0	0	.	0	1805	0	0	5	0	0	69544	0	0	.	0|0|0|0,0|0|1805|69544,0|0|0|0,0|0|0|0,0|.5|.,.|.
5HT2cR-ligated-N	30	31	C	1812	1804	8	0	1804	0	3	5	0	0	69561	0	115	.	0	0	0	0	0	0	0	0	0	0	.	0	1804	0	3	5	0	0	69561	0	115	.	0|0|0|0,0|0|1804|69561,0|0|0|0,0|0|3|115,0|.5|.,.|.
5HT2cR-ligated-N	31	32	T	1821	1801	20	2	1	0	1801	17	6	55	16	0	69597	.A,ATTGAGC,ATTGAGCATAGC,ATTGAGCATAGC,A,A	0	0	0	0	0	0	0	0	0	0	.	2	1	0	1801	17	6	55	16	0	69597	A,ATTGAGC,ATTGAGCATAGC,ATTGAGCATAGC,A,A	0|0|2|55,0|0|1|16,0|0|0|0,0|0|1801|69597,0|.17|.,.|A,ATTGAGC,ATTGAGCATAGC,ATTGAGCATAGC,A,A
5HT2cR-ligated-N	32	33	N	1821	0	1821	1791	3	2	7	18	0	68703	117	53	250	.	0	0	0	0	0	0	0	0	0	0	.	1791	3	2	7	18	0	68703	117	53	250	.	0|0|1791|68703,0|0|3|117,0|0|2|53,0|0|7|250,0|.18|.,.|.
5HT2cR-ligated-N	33	34	T	1825	1802	23	1	0	1	1802	21	3	2	0	37	69589	.TAATCC,TGAGCATAGCC,TGAGCATAGCC	0	0	0	0	0	0	0	0	0	0	.	1	0	1	1802	21	3	2	0	37	69589	TAATCC,TGAGCATAGCC,TGAGCATAGCC	0|0|1|2,0|0|0|0,0|0|1|37,0|0|1802|69589,0|.21|.,.|TAATCC,TGAGCATAGCC,TGAGCATAGCC
5HT2cR-ligated-N	34	35	T	1830	1815	15	1	2	3	1815	9	2	39	78	57	70065	.G,G	0	0	0	0	0	0	0	0	0	0	.	1	2	3	1815	9	2	39	78	57	70065	G,G	0|0|1|39,0|0|2|78,0|0|3|57,0|0|1815|70065,0|.9|.,.|G,G
5HT2cR-ligated-N	35	36	G	1887	1852	35	13	2	1852	4	16	3	460	78	70985	155	.AGCATAGT,AGCATAGT,AGCAT	0	0	2	0	0	0	0	0	62	0	.	13	2	1850	4	16	3	460	78	70923	155	AGCATAGT,AGCATAGT,AGCAT	0|0|13|460,0|0|2|78,2|62|1850|70923,0|0|4|155,0|.16|.,.|AGCATAGT,AGCATAGT,AGCAT
5HT2cR-ligated-N	36	37	A	1889	1871	18	1871	1	0	8	9	2	71405	16	0	285	.GCATAGCC,G	2	0	0	0	0	0	62	0	0	0	.	1869	1	0	8	9	2	71343	16	0	285	GCATAGCC,G	2|62|1869|71343,0|0|1|16,0|0|0|0,0|0|8|285,0|.9|.,.|GCATAGCC,G
5HT2cR-ligated-N	37	38	G	1897	1871	26	11	1	1871	2	12	10	427	16	71354	78	.CATAGC,CATAGC,CATAGC,CATAGCC,CATAGCC,CATAGC,CATAGC,CATAGCCCATAGC,C,CATAGC	0	0	2	0	0	0	0	0	65	0	.	11	1	1869	2	12	10	427	16	71289	78	CATAGC,CATAGC,CATAGC,CATAGCC,CATAGCC,CATAGC,CATAGC,CATAGCCCATAGC,C,CATAGC	0|0|11|427,0|0|1|16,2|65|1869|71289,0|0|2|78,0|.12|.,.|CATAGC,CATAGC,CATAGC,CATAGCC,CATAGCC,CATAGC,CATAGC,CATAGCCCATAGC,C,CATAGC
5HT2cR-ligated-N	38	39	C	1898	1861	37	3	1861	2	5	27	5	6	71254	78	109	.G,A,A,AT,ATAGCCATT	0	2	0	0	0	0	0	74	0	0	.	3	1859	2	5	27	5	6	71180	78	109	G,A,A,AT,ATAGCCATT	0|0|3|6,2|74|1859|71180,0|0|2|78,0|0|5|109,0|.27|.,.|G,A,A,AT,ATAGCCATT
5HT2cR-ligated-N	39	40	A	1903	1865	38	1865	2	4	5	27	5	71566	53	104	193	.TAGCC,CCCG,CCCG,TTT,TAG	2	0	0	0	0	0	53	0	0	0	.	1863	2	4	5	27	5	71513	53	104	193	TAGCC,CCCG,CCCG,TTT,TAG	2|53|1863|71513,0|0|2|53,0|0|4|104,0|0|5|193,0|.27|.,.|TAGCC,CCCG,CCCG,TTT,TAG
5HT2cR-ligated-N	40	41	T	1907	1877	30	4	1	1	1877	24	4	62	38	38	72089	.A,A,AGCC,A	0	0	0	2	0	0	0	0	0	53	.	4	1	1	1875	24	4	62	38	38	72036	A,A,AGCC,A	0|0|4|62,0|0|1|38,0|0|1|38,2|53|1875|72036,0|.24|.,.|A,A,AGCC,A
5HT2cR-ligated-N	41	42	A	1910	1883	27	1883	0	2	4	21	2	72309	0	36	152	.GCC,G	2	0	0	0	0	0	68	0	0	0	.	1881	0	2	4	21	2	72241	0	36	152	GCC,G	2|68|1881|72241,0|0|0|0,0|0|2|36,0|0|4|152,0|.21|.,.|GCC,G
5HT2cR-ligated-N	42	43	G	1917	1874	43	11	4	1874	2	26	11	355	133	71902	40	.CCGAGCATAT,C,CC,CCGGTC,CC,CCGAAA,CATAGCCGAAA,GCC,C,C,C	0	0	0	0	2	0	0	0	0	0	.	11	4	1874	2	24	11	355	133	71902	40	CCGAGCATAT,C,CC,CCGGTC,CC,CCGAAA,CATAGCCGAAA,GCC,C,C,C	0|0|11|355,0|0|4|133,0|0|1874|71902,0|0|2|40,2|.24|.,.|CCGAGCATAT,C,CC,CCGGTC,CC,CCGAAA,CATAGCCGAAA,GCC,C,C,C
5HT2cR-ligated-N	43	44	C	1927	1851	76	2	1851	3	3	68	12	32	70984	32	73	.CTAG,AATA,CATAGG,CG,CTGAGCATAGCCCG,CAA,CGTAAAT,TA,CT,CATTGAG,CG,CGCTG	0	0	0	0	2	0	0	0	0	0	.	2	1851	3	3	66	12	32	70984	32	73	CTAG,AATA,CATAGG,CG,CTGAGCATAGCCCG,CAA,CGTAAAT,TA,CT,CATTGAG,CG,CGCTG	0|0|2|32,0|0|1851|70984,0|0|3|32,0|0|3|73,2|.66|.,.|CTAG,AATA,CATAGG,CG,CTGAGCATAGCCCG,CAA,CGTAAAT,TA,CT,CATTGAG,CG,CGCTG
5HT2cR-ligated-N	44	45	C	1956	1906	50	5	1906	2	6	37	76	157	73098	4	209	.CCAGCATA,GACTCACTATA,T,GCA,AGTACGACTCACTATA,AA,CT,G,GG,ACTATA,GT,CG,ACGACTCACTATA,CACTATA,A,A,CCGAAAGTATTGAGCA,CCGCGAAT,AA,TA,G,CCGCGAA,A,G,ACTAATCCTATTGA,A,G,G,GA,A,AA,GACTCACTATA,G,A,GGTAATACGACTCACTATA,TT,AAA,A,A,TA,ATA,TT,G,GACTCATATA,CCGCATT,G,ATAG,GA,ATTGAGCATAG,G,A,AG,CGCTGCA,CGCTGCA,GGCCAAA,G,ACCCTTAGTCCGCG,GGTAATACGACTCACTATA,AGACTCACTATA,GACTCACTAT,GG,AG,AA,GAA,TAGCCA,GACTCACTATA,GG,AG,G,G,G,G,G,G,GA,G	0	1	0	0	2	0	0	39	0	0	.	5	1905	2	6	35	76	157	73059	4	209	CCAGCATA,GACTCACTATA,T,GCA,AGTACGACTCACTATA,AA,CT,G,GG,ACTATA,GT,CG,ACGACTCACTATA,CACTATA,A,A,CCGAAAGTATTGAGCA,CCGCGAAT,AA,TA,G,CCGCGAA,A,G,ACTAATCCTATTGA,A,G,G,GA,A,AA,GACTCACTATA,G,A,GGTAATACGACTCACTATA,TT,AAA,A,A,TA,ATA,TT,G,GACTCATATA,CCGCATT,G,ATAG,GA,ATTGAGCATAG,G,A,AG,CGCTGCA,CGCTGCA,GGCCAAA,G,ACCCTTAGTCCGCG,GGTAATACGACTCACTATA,AGACTCACTATA,GACTCACTAT,GG,AG,AA,GAA,TAGCCA,GACTCACTATA,GG,AG,G,G,G,G,G,G,GA,G	0|0|5|157,1|39|1905|73059,0|0|2|4,0|0|6|209,2|.35|.,.|CCAGCATA,GACTCACTATA,T,GCA,AGTACGACTCACTATA,AA,CT,G,GG,ACTATA,GT,CG,ACGACTCACTATA,CACTATA,A,A,CCGAAAGTATTGAGCA,CCGCGAAT,AA,TA,G,CCGCGAA,A,G,ACTAATCCTATTGA,A,G,G,GA,A,AA,GACTCACTATA,G,A,GGTAATACGACTCACTATA,TT,AAA,A,A,TA,ATA,TT,G,GACTCATATA,CCGCATT,G,ATAG,GA,ATTGAGCATAG,G,A,AG,CGCTGCA,CGCTGCA,GGCCAAA,G,ACCCTTAGTCCGCG,GGTAATACGACTCACTATA,AGACTCACTATA,GACTCACTAT,GG,AG,AA,GAA,TAGCCA,GACTCACTATA,GG,AG,G,G,G,G,G,G,GA,G
5HT2cR-ligated-N	45	46	G	3301	3240	61	2	4	3240	5	50	4	77	155	119417	194	.CC,T,CATA,A	0	0	329	0	0	0	0	0	12320	0	.	2	4	2911	5	50	4	77	155	107097	194	CC,T,CATA,A	0|0|2|77,0|0|4|155,329|12320|2911|107097,0|0|5|194,0|.50|.,.|CC,T,CATA,A
5HT2cR-ligated-N	46	47	G	3313	3259	54	2	2	3259	11	39	2	77	78	120353	332	.T,T	0	0	336	0	0	0	0	0	12492	0	.	2	2	2923	11	39	2	77	78	107861	332	T,T	0|0|2|77,0|0|2|78,336|12492|2923|107861,0|0|11|332,0|.39|.,.|T,T
5HT2cR-ligated-N	47	48	T	3322	3242	80	2	4	5	3242	69	1	41	129	116	116877	.AGG	0	0	1	337	0	0	0	0	16	11516	.	2	4	4	2905	69	1	41	129	100	105361	AGG	0|0|2|41,0|0|4|129,1|16|4|100,337|11516|2905|105361,0|.69|.,.|AGG
5HT2cR-ligated-N	48	49	T	3364	3329	35	2	5	0	3329	28	1	51	144	0	122581	.AAAC	0	1	0	351	0	0	0	20	0	12890	.	2	4	0	2978	28	1	51	124	0	109691	AAAC	0|0|2|51,1|20|4|124,0|0|0|0,351|12890|2978|109691,0|.28|.,.|AAAC
5HT2cR-ligated-N	49	50	T	3374	3346	28	1	4	1	3346	22	2	39	116	15	125004	.AGCCC,AAC	0	0	0	354	0	0	0	0	0	13063	.	1	4	1	2992	22	2	39	116	15	111941	AGCCC,AAC	0|0|1|39,0|0|4|116,0|0|1|15,354|13063|2992|111941,0|.22|.,.|AGCCC,AAC
5HT2cR-ligated-N	50	51	C	3384	3355	29	5	3355	0	3	21	1	58	127152	0	43	.A	0	354	0	2	1	0	0	13199	0	41	.	5	3001	0	1	20	1	58	113953	0	2	A	0|0|5|58,354|13199|3001|113953,0|0|0|0,2|41|1|2,1|.20|.,.|A
5HT2cR-ligated-N	51	52	A	3387	3331	56	3331	0	0	1	55	0	126544	0	0	2	.	356	0	0	0	3	0	13497	0	0	0	.	2975	0	0	1	52	0	113047	0	0	2	.	356|13497|2975|113047,0|0|0|0,0|0|0|0,0|0|1|2,3|.52|.,.|.
5HT2cR-ligated-N	52	53	A	3388	3373	15	3373	1	0	5	9	2	127549	38	0	75	.T,T	358	0	0	2	0	0	13403	0	0	54	.	3015	1	0	3	9	2	114146	38	0	21	T,T	358|13403|3015|114146,0|0|1|38,0|0|0|0,2|54|3|21,0|.9|.,.|T,T
5HT2cR-ligated-N	53	54	T	3392	3362	30	0	1	0	3362	29	0	0	38	0	127395	.	0	0	0	361	1	0	0	0	0	13617	.	0	1	0	3001	28	0	0	38	0	113778	.	0|0|0|0,0|0|1|38,0|0|0|0,361|13617|3001|113778,1|.28|.,.|.
5HT2cR-ligated-N	54	55	T	3397	3387	10	1	3	0	3387	6	0	39	92	0	128564	.	0	0	0	362	0	0	0	0	0	13605	.	1	3	0	3025	6	0	39	92	0	114959	.	0|0|1|39,0|0|3|92,0|0|0|0,362|13605|3025|114959,0|.6|.,.|.
5HT2cR-ligated-N	55	56	C	3397	3371	26	4	3371	1	5	16	4	109	127616	2	86	.G,G,G,G	2	358	0	1	1	0	55	13299	0	37	.	2	3013	1	4	15	4	54	114317	2	49	G,G,G,G	2|55|2|54,358|13299|3013|114317,0|0|1|2,1|37|4|49,1|.15|.,.|G,G,G,G
5HT2cR-ligated-N	56	57	G	3410	3374	36	3	6	3374	7	20	0	94	93	126043	248	.	0	0	365	0	1	0	0	0	13125	0	.	3	6	3009	7	19	0	94	93	112918	248	.	0|0|3|94,0|0|6|93,365|13125|3009|112918,0|0|7|248,1|.19|.,.|.
5HT2cR-ligated-N	57	58	C	3414	3397	17	2	3397	1	8	6	1	41	126994	2	255	.G	0	367	0	2	0	0	0	13223	0	50	.	2	3030	1	6	6	1	41	113771	2	205	G	0|0|2|41,367|13223|3030|113771,0|0|1|2,2|50|6|205,0|.6|.,.|G
5HT2cR-ligated-N	58	59	G	3583	3556	27	5	1	3556	9	12	1	157	38	132402	314	.C	0	0	371	1	0	0	0	0	13476	15	.	5	1	3185	8	12	1	157	38	118926	299	C	0|0|5|157,0|0|1|38,371|13476|3185|118926,1|15|8|299,0|.12|.,.|C
5HT2cR-ligated-N	59	60	G	3587	3561	26	9	2	3561	9	6	0	249	53	132458	306	.	0	0	373	0	0	0	0	0	13190	0	.	9	2	3188	9	6	0	249	53	119268	306	.	0|0|9|249,0|0|2|53,373|13190|3188|119268,0|0|9|306,0|.6|.,.|.
5HT2cR-ligated-N	60	61	A	3590	3570	20	3570	3	7	0	10	1	132420	16	194	0	.C	370	1	5	0	0	0	13152	12	177	0	.	3200	2	2	0	10	1	119268	4	17	0	C	370|13152|3200|119268,1|12|2|4,5|177|2|17,0|0|0|0,0|.10|.,.|C
5HT2cR-ligated-N	61	62	C	3594	3549	45	2	3549	1	3	39	0	28	131767	2	113	.	1	373	0	1	4	0	14	13571	0	38	.	1	3176	1	2	35	0	14	118196	2	75	.	1|14|1|14,373|13571|3176|118196,0|0|1|2,1|38|2|75,4|.35|.,.|.
5HT2cR-ligated-N	62	63	T	3595	3585	10	5	1	1	3585	3	0	94	2	29	134189	.	0	0	0	380	0	0	0	0	0	13786	.	5	1	1	3205	3	0	94	2	29	120403	.	0|0|5|94,0|0|1|2,0|0|1|29,380|13786|3205|120403,0|.3|.,.|.
5HT2cR-ligated-N	63	64	A	3605	3592	13	3592	3	0	0	10	0	136051	19	0	0	.	379	1	0	0	1	0	14205	15	0	0	.	3213	2	0	0	9	0	121846	4	0	0	.	379|14205|3213|121846,1|15|2|4,0|0|0|0,0|0|0|0,1|.9|.,.|.
5HT2cR-ligated-N	64	65	A	3608	3595	13	3595	0	10	0	3	0	135345	0	380	0	.	382	0	1	0	0	0	14237	0	38	0	.	3213	0	9	0	3	0	121108	0	342	0	.	382|14237|3213|121108,0|0|0|0,1|38|9|342,0|0|0|0,0|.3|.,.|.
5HT2cR-ligated-N	65	66	G	3677	3635	42	10	7	3635	13	12	0	312	185	136574	482	.	1	0	383	0	0	0	39	0	14145	0	.	9	7	3252	13	12	0	273	185	122429	482	.	1|39|9|273,0|0|7|185,383|14145|3252|122429,0|0|13|482,0|.12|.,.|.
5HT2cR-ligated-N	66	67	G	3679	3662	17	8	4	3662	3	2	0	302	59	137337	115	.	0	0	384	0	0	0	0	0	13891	0	.	8	4	3278	3	2	0	302	59	123446	115	.	0|0|8|302,0|0|4|59,384|13891|3278|123446,0|0|3|115,0|.2|.,.|.
5HT2cR-ligated-N	67	68	C	3681	3673	8	1	3673	3	2	2	0	2	138326	68	55	.	0	383	1	1	0	0	0	14156	39	39	.	1	3290	2	1	2	0	2	124170	29	16	.	0|0|1|2,383|14156|3290|124170,1|39|2|29,1|39|1|16,0|.2|.,.|.
5HT2cR-ligated-N	68	69	C	3695	3688	7	0	3688	0	2	5	0	0	139068	0	30	.	0	385	0	1	0	0	0	14299	0	14	.	0	3303	0	1	5	0	0	124769	0	16	.	0|0|0|0,385|14299|3303|124769,0|0|0|0,1|14|1|16,0|.5|.,.|.
5HT2cR-ligated-N	69	70	A	3697	3687	10	3687	3	1	2	4	0	139605	29	29	4	.	386	0	0	0	0	0	14467	0	0	0	.	3301	3	1	2	4	0	125138	29	29	4	.	386|14467|3301|125138,0|0|3|29,0|0|1|29,0|0|2|4,0|.4|.,.|.
5HT2cR-ligated-N	70	71	T	3696	3686	10	1	2	0	3686	7	0	14	40	0	139579	.	0	0	0	387	0	0	0	0	0	14525	.	1	2	0	3299	7	0	14	40	0	125054	.	0|0|1|14,0|0|2|40,0|0|0|0,387|14525|3299|125054,0|.7|.,.|.
5HT2cR-ligated-N	71	72	C	3719	3707	12	1	3707	2	6	3	0	39	140204	76	202	.	0	391	1	1	0	0	0	14632	39	15	.	1	3316	1	5	3	0	39	125572	37	187	.	0|0|1|39,391|14632|3316|125572,1|39|1|37,1|15|5|187,0|.3|.,.|.
5HT2cR-ligated-N	72	73	A	3725	3708	17	3708	3	1	7	6	0	140894	6	37	117	.	394	0	0	0	1	0	14907	0	0	0	.	3314	3	1	7	5	0	125987	6	37	117	.	394|14907|3314|125987,0|0|3|6,0|0|1|37,0|0|7|117,1|.5|.,.|.
5HT2cR-ligated-N	73	74	T	3728	3713	15	0	3	4	3713	8	1	0	115	80	141040	.A	0	0	1	396	1	0	0	0	39	15012	.	0	3	3	3317	7	1	0	115	41	126028	A	0|0|0|0,0|0|3|115,1|39|3|41,396|15012|3317|126028,1|.7|.,.|A
5HT2cR-ligated-N	74	75	G	3741	3718	23	3	1	3718	10	9	1	112	16	141074	284	.A	0	0	399	0	1	0	0	0	15021	0	.	3	1	3319	10	8	1	112	16	126053	284	A	0|0|3|112,0|0|1|16,399|15021|3319|126053,0|0|10|284,1|.8|.,.|A
5HT2cR-ligated-N	75	76	A	3741	3729	12	3729	1	6	0	5	0	140892	16	173	0	.	399	1	0	0	0	0	14740	16	0	0	.	3330	0	6	0	5	0	126152	0	173	0	.	399|14740|3330|126152,1|16|0|0,0|0|6|173,0|0|0|0,0|.5|.,.|.
5HT2cR-ligated-N	76	77	A	3741	3728	13	3728	4	2	0	7	0	141030	52	4	0	.	399	2	0	0	0	0	14575	34	0	0	.	3329	2	2	0	7	0	126455	18	4	0	.	399|14575|3329|126455,2|34|2|18,0|0|2|4,0|0|0|0,0|.7|.,.|.
5HT2cR-ligated-N	77	78	G	3743	3731	12	4	1	3731	0	7	0	130	39	140954	0	.	0	0	402	0	0	0	0	0	14836	0	.	4	1	3329	0	7	0	130	39	126118	0	.	0|0|4|130,0|0|1|39,402|14836|3329|126118,0|0|0|0,0|.7|.,.|.
5HT2cR-ligated-N	78	79	A	3744	3735	9	3735	1	1	3	4	0	140747	33	38	71	.	403	0	0	0	0	0	14614	0	0	0	.	3332	1	1	3	4	0	126133	33	38	71	.	403|14614|3332|126133,0|0|1|33,0|0|1|38,0|0|3|71,0|.4|.,.|.
5HT2cR-ligated-N	79	80	T	3746	3738	8	0	4	0	3738	4	0	0	131	0	142195	.	0	0	0	404	0	0	0	0	0	15254	.	0	4	0	3334	4	0	0	131	0	126941	.	0|0|0|0,0|0|4|131,0|0|0|0,404|15254|3334|126941,0|.4|.,.|.
5HT2cR-ligated-N	80	81	T	3754	3747	7	0	2	0	3747	5	0	0	54	0	142719	.	0	0	0	406	0	0	0	0	0	15433	.	0	2	0	3341	5	0	0	54	0	127286	.	0|0|0|0,0|0|2|54,0|0|0|0,406|15433|3341|127286,0|.5|.,.|.
5HT2cR-ligated-N	81	82	G	3765	3754	11	2	1	3754	2	6	0	75	15	142365	52	.	0	0	406	0	0	0	0	0	15264	0	.	2	1	3348	2	6	0	75	15	127101	52	.	0|0|2|75,0|0|1|15,406|15264|3348|127101,0|0|2|52,0|.6|.,.|.
5HT2cR-ligated-N	82	83	C	3766	3754	12	1	3754	3	2	6	0	15	142303	42	17	.	0	407	0	0	1	0	0	15238	0	0	.	1	3347	3	2	5	0	15	127065	42	17	.	0|0|1|15,407|15238|3347|127065,0|0|3|42,0|0|2|17,1|.5|.,.|.
5HT2cR-ligated-N	83	84	T	3767	3755	12	1	0	2	3755	9	0	37	0	28	143229	.	0	0	0	410	2	0	0	0	0	15655	.	1	0	2	3345	7	0	37	0	28	127574	.	0|0|1|37,0|0|0|0,0|0|2|28,410|15655|3345|127574,2|.7|.,.|.
5HT2cR-ligated-N	84	85	A	3773	3764	9	3764	2	0	1	6	2	143167	53	0	15	.T,T	418	0	0	0	0	0	15909	0	0	0	.	3346	2	0	1	6	2	127258	53	0	15	T,T	418|15909|3346|127258,0|0|2|53,0|0|0|0,0|0|1|15,0|.6|.,.|T,T
5HT2cR-ligated-N	85	86	T	3781	3773	8	1	2	0	3773	5	0	2	78	0	143958	.	0	1	0	425	0	0	0	39	0	16235	.	1	1	0	3348	5	0	2	39	0	127723	.	0|0|1|2,1|39|1|39,0|0|0|0,425|16235|3348|127723,0|.5|.,.|.
5HT2cR-ligated-N	86	87	T	3781	3767	14	3	0	3	3767	8	1	114	0	115	143927	.A	2	0	2	424	0	0	75	0	77	16157	.	1	0	1	3343	8	1	39	0	38	127770	A	2|75|1|39,0|0|0|0,2|77|1|38,424|16157|3343|127770,0|.8|.,.|A
5HT2cR-ligated-N	87	88	G	3784	3752	32	5	0	3752	14	13	6	194	0	143038	413	TT,C,T,T,T	0	0	429	0	0	1	0	0	16337	0	T	5	0	3323	14	13	5	194	0	126701	413	T,C,T,T,T	0|0|5|194,0|0|0|0,429|16337|3323|126701,0|0|14|413,0|.13|.,T|T,C,T,T,T
5HT2cR-ligated-N	88	89	T	3784	3772	12	1	2	1	3772	8	0	39	77	38	144119	.	0	1	0	429	0	0	0	39	0	16370	.	1	1	1	3343	8	0	39	38	38	127749	.	0|0|1|39,1|39|1|38,0|0|1|38,429|16370|3343|127749,0|.8|.,.|.
5HT2cR-ligated-N	89	90	T	3784	3780	4	1	1	0	3780	2	1	17	20	0	144785	.C	0	0	0	431	0	0	0	0	0	16494	.	1	1	0	3349	2	1	17	20	0	128291	C	0|0|1|17,0|0|1|20,0|0|0|0,431|16494|3349|128291,0|.2|.,.|C
5HT2cR-ligated-N	90	91	T	3786	3782	4	1	0	1	3782	2	0	39	0	37	144788	.	1	0	0	430	0	0	39	0	0	16504	.	0	0	1	3352	2	0	0	0	37	128284	.	1|39|0|0,0|0|0|0,0|0|1|37,430|16504|3352|128284,0|.2|.,.|.
5HT2cR-ligated-N	91	92	G	3980	3956	24	4	2	3956	10	8	0	151	70	149689	325	.	0	0	432	1	0	0	0	0	15793	17	.	4	2	3524	9	8	0	151	70	133896	308	.	0|0|4|151,0|0|2|70,432|15793|3524|133896,1|17|9|308,0|.8|.,.|.
5HT2cR-ligated-N	92	93	G	3980	3960	20	6	0	3960	13	1	0	156	0	147821	446	.	2	0	429	2	0	0	36	0	15226	33	.	4	0	3531	11	1	0	120	0	132595	413	.	2|36|4|120,0|0|0|0,429|15226|3531|132595,2|33|11|413,0|.1|.,.|.
5HT2cR-ligated-N	93	94	G	3982	3967	15	8	1	3967	5	1	0	302	38	147725	154	.	0	0	434	0	0	0	0	0	15504	0	.	8	1	3533	5	1	0	302	38	132221	154	.	0|0|8|302,0|0|1|38,434|15504|3533|132221,0|0|5|154,0|.1|.,.|.
5HT2cR-ligated-N	94	95	C	3983	3978	5	3	3978	0	1	1	1	80	150525	0	36	.A	0	434	0	1	0	0	0	16115	0	36	.	3	3544	0	0	1	1	80	134410	0	0	A	0|0|3|80,434|16115|3544|134410,0|0|0|0,1|36|0|0,0|.1|.,.|A
5HT2cR-ligated-N	95	96	A	3979	3969	10	3969	0	1	2	7	0	152061	0	37	41	.	435	0	0	0	0	0	16339	0	0	0	.	3534	0	1	2	7	0	135722	0	37	41	.	435|16339|3534|135722,0|0|0|0,0|0|1|37,0|0|2|41,0|.7|.,.|.
5HT2cR-ligated-N	96	97	A	3981	3976	5	3976	0	1	1	3	0	151351	0	37	3	.	436	0	0	0	0	0	16244	0	0	0	.	3540	0	1	1	3	0	135107	0	37	3	.	436|16244|3540|135107,0|0|0|0,0|0|1|37,0|0|1|3,0|.3|.,.|.
5HT2cR-ligated-N	97	98	T	3976	3969	7	4	0	0	3969	3	1	81	0	0	152324	.	0	0	0	436	0	1	0	0	0	16728	C	4	0	0	3533	3	0	81	0	0	135596	.	0|0|4|81,0|0|0|0,0|0|0|0,436|16728|3533|135596,0|.3|.,C|.
5HT2cR-ligated-N	98	99	T	3977	3969	8	0	4	1	3969	3	0	0	150	38	152363	.	0	1	0	435	0	0	0	37	0	16695	.	0	3	1	3534	3	0	0	113	38	135668	.	0|0|0|0,1|37|3|113,0|0|1|38,435|16695|3534|135668,0|.3|.,.|.
5HT2cR-ligated-N	99	100	T	3965	3950	15	1	8	2	3950	4	1	39	293	53	151772	.C	0	0	0	435	1	0	0	0	0	16742	.	1	8	2	3515	3	1	39	293	53	135030	C	0|0|1|39,0|0|8|293,0|0|2|53,435|16742|3515|135030,1|.3|.,.|C
5HT2cR-ligated-N	100	101	C	3966	3956	10	1	3956	1	3	5	1	14	151880	39	80	.TT	0	436	0	1	2	0	0	16700	0	39	.	1	3520	1	2	3	1	14	135180	39	41	TT	0|0|1|14,436|16700|3520|135180,0|0|1|39,1|39|2|41,2|.3|.,.|TT
5HT2cR-ligated-N	101	102	T	3960	3954	6	0	1	0	3954	5	0	0	39	0	152406	.	0	0	0	437	3	0	0	0	0	16832	.	0	1	0	3517	2	0	0	39	0	135574	.	0|0|0|0,0|0|1|39,0|0|0|0,437|16832|3517|135574,3|.2|.,.|.
5HT2cR-ligated-N	102	103	A	3953	3946	7	3946	1	0	0	6	0	151692	2	0	0	.	438	0	0	0	3	0	16794	0	0	0	.	3508	1	0	0	3	0	134898	2	0	0	.	438|16794|3508|134898,0|0|1|2,0|0|0|0,0|0|0|0,3|.3|.,.|.
5HT2cR-ligated-N	103	104	T	3950	3941	9	2	1	0	3941	6	0	62	38	0	151712	.	1	0	0	440	1	0	37	0	0	16941	.	1	1	0	3501	5	0	25	38	0	134771	.	1|37|1|25,0|0|1|38,0|0|0|0,440|16941|3501|134771,1|.5|.,.|.
5HT2cR-ligated-N	104	105	A	3973	3957	16	3957	1	0	0	15	0	151979	39	0	0	.	441	1	0	0	1	0	16967	39	0	0	.	3516	0	0	0	14	0	135012	0	0	0	.	441|16967|3516|135012,1|39|0|0,0|0|0|0,0|0|0|0,1|.14|.,.|.
5HT2cR-ligated-N	105	106	G	3994	3961	33	3	0	3961	7	23	0	114	0	151310	197	.	0	0	444	0	1	0	0	0	17059	0	.	3	0	3517	7	22	0	114	0	134251	197	.	0|0|3|114,0|0|0|0,444|17059|3517|134251,0|0|7|197,1|.22|.,.|.
5HT2cR-ligated-N	106	107	G	3994	3974	20	1	3	3974	10	6	1	39	116	152708	361	.	0	0	444	1	0	1	0	0	17013	38	A	1	3	3530	9	6	0	39	116	135695	323	.	0|0|1|39,0|0|3|116,444|17013|3530|135695,1|38|9|323,0|.6|.,A|.
5HT2cR-ligated-N	107	108	T	3994	3981	13	4	3	0	3981	6	2	88	60	0	151788	CA	0	0	0	448	0	1	0	0	0	16811	C	4	3	0	3533	6	1	88	60	0	134977	A	0|0|4|88,0|0|3|60,0|0|0|0,448|16811|3533|134977,0|.6|.,C|A
5HT2cR-ligated-N	108	109	A	3999	3987	12	3987	0	1	1	10	0	152685	0	39	39	.	460	0	1	0	1	0	17436	0	39	0	.	3527	0	0	1	9	0	135249	0	0	39	.	460|17436|3527|135249,0|0|0|0,1|39|0|0,0|0|1|39,1|.9|.,.|.
5HT2cR-ligated-N	109	110	A	3997	3989	8	3989	0	1	0	7	0	153382	0	39	0	.	461	0	0	0	2	0	17589	0	0	0	.	3528	0	1	0	5	0	135793	0	39	0	.	461|17589|3528|135793,0|0|0|0,0|0|1|39,0|0|0|0,2|.5|.,.|.
5HT2cR-ligated-N	110	111	A	4000	3991	9	3991	0	0	2	7	1	153622	0	0	77	.TATTGAGCATAGCC	465	0	0	0	2	0	17815	0	0	0	.	3526	0	0	2	5	1	135807	0	0	77	TATTGAGCATAGCC	465|17815|3526|135807,0|0|0|0,0|0|0|0,0|0|2|77,2|.5|.,.|TATTGAGCATAGCC
5HT2cR-ligated-N	111	112	T	4000	3990	10	5	0	0	3990	5	35	163	0	0	153105	.AAAAA,A,A,A,AA,AAAAAA,AAAAAA,AA,AA,A,A,A,A,A,A,A,AA,AAAAAAAA,AAAA,A,AAAAAAA,AAAAAA,A,AA,A,A,A,A,A,AAAAAAAAAAAA,AAAAAA,AAAAAAAAA,AAAAAAAAA,A,A	0	0	0	467	1	0	0	0	0	17875	.	5	0	0	3523	4	35	163	0	0	135230	AAAAA,A,A,A,AA,AAAAAA,AAAAAA,AA,AA,A,A,A,A,A,A,A,AA,AAAAAAAA,AAAA,A,AAAAAAA,AAAAAA,A,AA,A,A,A,A,A,AAAAAAAAAAAA,AAAAAA,AAAAAAAAA,AAAAAAAAA,A,A	0|0|5|163,0|0|0|0,0|0|0|0,467|17875|3523|135230,1|.4|.,.|AAAAA,A,A,A,AA,AAAAAA,AAAAAA,AA,AA,A,A,A,A,A,A,A,AA,AAAAAAAA,AAAA,A,AAAAAAA,AAAAAA,A,AA,A,A,A,A,A,AAAAAAAAAAAA,AAAAAA,AAAAAAAAA,AAAAAAAAA,A,A
5HT2cR-ligated-N	112	113	A	3998	3984	14	3984	0	0	2	12	0	152928	0	0	75	.	465	0	0	0	3	0	17929	0	0	0	.	3519	0	0	2	9	0	134999	0	0	75	.	465|17929|3519|134999,0|0|0|0,0|0|0|0,0|0|2|75,3|.9|.,.|.
5HT2cR-ligated-N	113	114	A	3993	3987	6	3987	0	2	2	2	1	152857	0	72	78	.T	467	0	0	1	0	0	17919	0	0	39	.	3520	0	2	1	2	1	134938	0	72	39	T	467|17919|3520|134938,0|0|0|0,0|0|2|72,1|39|1|39,0|.2|.,.|T
5HT2cR-ligated-N	114	115	A	3993	3986	7	3986	1	2	1	3	0	151960	39	73	38	.	467	1	1	0	0	0	17921	39	34	0	.	3519	0	1	1	3	0	134039	0	39	38	.	467|17921|3519|134039,1|39|0|0,1|34|1|39,0|0|1|38,0|.3|.,.|.
5HT2cR-ligated-N	115	116	A	4000	3991	9	3991	2	1	2	4	1	150637	74	37	53	.CTATTGAGC	473	0	1	0	0	0	18105	0	37	0	.	3518	2	0	2	4	1	132532	74	0	53	CTATTGAGC	473|18105|3518|132532,0|0|2|74,1|37|0|0,0|0|2|53,0|.4|.,.|CTATTGAGC
5HT2cR-ligated-N	116	117	C	3997	3974	23	0	3974	0	17	6	27	0	150639	0	647	T,T,TT,T,T,T,T,T,T,T,T,T,T,T,T,T,T,T,TT,T,T,T,T,T,T,T	0	475	0	0	0	3	0	18069	0	0	T,T,T	0	3499	0	17	6	24	0	132570	0	647	T,T,T,T,T,T,T,T,T,T,T,T,T,T,T,T,TT,T,T,T,T,T,T,T	0|0|0|0,475|18069|3499|132570,0|0|0|0,0|0|17|647,0|.6|.,T,T,T|T,T,T,T,T,T,T,T,T,T,T,T,T,T,T,T,TT,T,T,T,T,T,T,T
5HT2cR-ligated-N	117	118	T	3994	3947	47	0	14	0	3947	33	0	0	534	0	150923	.	0	0	0	474	2	0	0	0	0	18198	.	0	14	0	3473	31	0	0	534	0	132725	.	0|0|0|0,0|0|14|534,0|0|0|0,474|18198|3473|132725,2|.31|.,.|.
5HT2cR-ligated-N	118	119	T	3988	3970	18	0	5	0	3970	13	2	0	171	0	152021	.G,GGTTTATTTACCTATAGA	0	0	0	477	0	0	0	0	0	18363	.	0	5	0	3493	13	2	0	171	0	133658	G,GGTTTATTTACCTATAGA	0|0|0|0,0|0|5|171,0|0|0|0,477|18363|3493|133658,0|.13|.,.|G,GGTTTATTTACCTATAGA
5HT2cR-ligated-N	119	120	T	3984	3975	9	2	3	0	3975	4	0	75	78	0	151959	.	0	0	0	480	0	0	0	0	0	18519	.	2	3	0	3495	4	0	75	78	0	133440	.	0|0|2|75,0|0|3|78,0|0|0|0,480|18519|3495|133440,0|.4|.,.|.
5HT2cR-ligated-N	120	121	T	3976	3973	3	2	0	0	3973	1	0	76	0	0	152406	.	0	0	0	480	0	0	0	0	0	18457	.	2	0	0	3493	1	0	76	0	0	133949	.	0|0|2|76,0|0|0|0,0|0|0|0,480|18457|3493|133949,0|.1|.,.|.
5HT2cR-ligated-N	121	122	T	3977	3973	4	0	1	2	3973	1	0	0	37	76	152008	.	0	0	0	481	0	0	0	0	0	18500	.	0	1	2	3492	1	0	0	37	76	133508	.	0|0|0|0,0|0|1|37,0|0|2|76,481|18500|3492|133508,0|.1|.,.|.
5HT2cR-ligated-N	122	123	G	4015	4005	10	2	1	4005	3	4	0	74	39	151777	116	.	0	0	482	0	0	0	0	0	18273	0	.	2	1	3523	3	4	0	74	39	133504	116	.	0|0|2|74,0|0|1|39,482|18273|3523|133504,0|0|3|116,0|.4|.,.|.
5HT2cR-ligated-N	123	124	G	4004	3989	15	9	3	3989	2	1	1	305	115	150675	76	.	0	0	480	0	0	1	0	0	18068	0	CCATAA	9	3	3509	2	1	0	305	115	132607	76	.	0|0|9|305,0|0|3|115,480|18068|3509|132607,0|0|2|76,0|.1|.,CCATAA|.
5HT2cR-ligated-N	124	125	C	4002	3994	8	1	3994	1	1	5	0	39	151540	39	12	.	0	481	0	0	0	0	0	18329	0	0	.	1	3513	1	1	5	0	39	133211	39	12	.	0|0|1|39,481|18329|3513|133211,0|0|1|39,0|0|1|12,0|.5|.,.|.
5HT2cR-ligated-N	125	126	C	3994	3990	4	2	3990	0	2	0	0	77	152664	0	76	.	0	481	0	0	0	0	0	18434	0	0	.	2	3509	0	2	0	0	77	134230	0	76	.	0|0|2|77,481|18434|3509|134230,0|0|0|0,0|0|2|76,0|.0|.,.|.
5HT2cR-ligated-N	126	127	A	3967	3964	3	3964	0	1	1	1	0	152224	0	37	37	.	476	0	0	0	0	0	18213	0	0	0	.	3488	0	1	1	1	0	134011	0	37	37	.	476|18213|3488|134011,0|0|0|0,0|0|1|37,0|0|1|37,0|.1|.,.|.
5HT2cR-ligated-N	127	128	T	3964	3962	2	0	1	0	3962	1	0	0	39	0	152307	.	0	0	0	475	0	0	0	0	0	18277	.	0	1	0	3487	1	0	0	39	0	134030	.	0|0|0|0,0|0|1|39,0|0|0|0,475|18277|3487|134030,0|.1|.,.|.
5HT2cR-ligated-N	128	129	A	3960	3958	2	3958	0	1	0	1	0	152413	0	38	0	.	475	0	0	0	0	0	18220	0	0	0	.	3483	0	1	0	1	0	134193	0	38	0	.	475|18220|3483|134193,0|0|0|0,0|0|1|38,0|0|0|0,0|.1|.,.|.
5HT2cR-ligated-N	129	130	A	3956	3950	6	3950	0	1	0	5	0	151719	0	38	0	.	477	0	0	0	0	0	18296	0	0	0	.	3473	0	1	0	5	0	133423	0	38	0	.	477|18296|3473|133423,0|0|0|0,0|0|1|38,0|0|0|0,0|.5|.,.|.
5HT2cR-ligated-N	130	131	G	3968	3955	13	4	1	3955	3	5	0	117	39	151298	96	.	0	0	491	0	0	0	0	0	18638	0	.	4	1	3464	3	5	0	117	39	132660	96	.	0|0|4|117,0|0|1|39,491|18638|3464|132660,0|0|3|96,0|.5|.,.|.
5HT2cR-ligated-N	131	132	A	3965	3961	4	3961	0	2	2	0	0	152094	0	52	74	.	492	0	0	0	0	0	18747	0	0	0	.	3469	0	2	2	0	0	133347	0	52	74	.	492|18747|3469|133347,0|0|0|0,0|0|2|52,0|0|2|74,0|.0|.,.|.
5HT2cR-ligated-N	132	133	A	3965	3963	2	3963	0	1	1	0	1	152092	0	39	39	.T	492	0	0	0	0	0	18797	0	0	0	.	3471	0	1	1	0	1	133295	0	39	39	T	492|18797|3471|133295,0|0|0|0,0|0|1|39,0|0|1|39,0|.0|.,.|T
5HT2cR-ligated-N	133	134	T	3962	3959	3	0	3	0	3959	0	0	0	117	0	151400	.	0	0	0	492	0	0	0	0	0	18892	.	0	3	0	3467	0	0	0	117	0	132508	.	0|0|0|0,0|0|3|117,0|0|0|0,492|18892|3467|132508,0|.0|.,.|.
5HT2cR-ligated-N	134	135	T	3957	3956	1	0	0	0	3956	1	0	0	0	0	151626	.	0	0	0	494	0	0	0	0	0	19003	.	0	0	0	3462	1	0	0	0	0	132623	.	0|0|0|0,0|0|0|0,0|0|0|0,494|19003|3462|132623,0|.1|.,.|.
5HT2cR-ligated-N	135	136	G	3961	3947	14	6	2	3947	3	3	0	230	75	149516	79	.	0	0	493	1	0	0	0	0	18800	3	.	6	2	3454	2	3	0	230	75	130716	76	.	0|0|6|230,0|0|2|75,493|18800|3454|130716,1|3|2|76,0|.3|.,.|.
5HT2cR-ligated-N	136	137	C	3959	3947	12	0	3947	0	11	1	1	0	149302	0	415	.	0	491	0	3	0	1	0	18568	0	117	A	0	3456	0	8	1	0	0	130734	0	298	.	0|0|0|0,491|18568|3456|130734,0|0|0|0,3|117|8|298,0|.1|.,A|.
5HT2cR-ligated-N	137	138	A	3943	3938	5	3938	0	2	0	3	0	149052	0	75	0	.	486	0	0	0	0	0	18495	0	0	0	.	3452	0	2	0	3	0	130557	0	75	0	.	486|18495|3452|130557,0|0|0|0,0|0|2|75,0|0|0|0,0|.3|.,.|.
5HT2cR-ligated-N	138	139	G	3944	3922	22	4	1	3922	12	5	1	150	38	148126	459	.	0	1	485	0	0	1	0	38	18423	0	C	4	0	3437	12	5	0	150	0	129703	459	.	0|0|4|150,1|38|0|0,485|18423|3437|129703,0|0|12|459,0|.5|.,C|.
5HT2cR-ligated-N	139	140	C	3942	3937	5	2	3937	0	0	3	1	40	148543	0	0	.	0	486	0	0	0	1	0	18316	0	0	CT	2	3451	0	0	3	0	40	130227	0	0	.	0|0|2|40,486|18316|3451|130227,0|0|0|0,0|0|0|0,0|.3|.,CT|.
5HT2cR-ligated-N	140	141	G	3946	3932	14	5	1	3932	3	5	0	152	38	149848	116	.	0	0	486	0	0	0	0	0	18379	0	.	5	1	3446	3	5	0	152	38	131469	116	.	0|0|5|152,0|0|1|38,486|18379|3446|131469,0|0|3|116,0|.5|.,.|.
5HT2cR-ligated-N	141	142	G	3944	3929	15	11	1	3929	3	0	0	375	39	148682	115	.	1	0	486	0	0	0	3	0	18333	0	.	10	1	3443	3	0	0	372	39	130349	115	.	1|3|10|372,0|0|1|39,486|18333|3443|130349,0|0|3|115,0|.0|.,.|.
5HT2cR-ligated-N	142	143	C	3944	3940	4	1	3940	0	3	0	0	6	147416	0	94	.	1	486	0	0	0	0	6	18280	0	0	.	0	3454	0	3	0	0	0	129136	0	94	.	1|6|0|0,486|18280|3454|129136,0|0|0|0,0|0|3|94,0|.0|.,.|.
5HT2cR-ligated-N	143	144	T	3939	3937	2	0	2	0	3937	0	0	0	76	0	149190	.	0	0	0	486	0	0	0	0	0	18466	.	0	2	0	3451	0	0	0	76	0	130724	.	0|0|0|0,0|0|2|76,0|0|0|0,486|18466|3451|130724,0|.0|.,.|.
5HT2cR-ligated-N	144	145	A	3936	3936	0	3936	0	0	0	0	0	150057	0	0	0	.	486	0	0	0	0	0	18438	0	0	0	.	3450	0	0	0	0	0	131619	0	0	0	.	486|18438|3450|131619,0|0|0|0,0|0|0|0,0|0|0|0,0|.0|.,.|.
5HT2cR-ligated-N	145	146	T	3932	3926	6	3	1	2	3926	0	0	38	14	54	149037	.	1	0	0	485	0	0	2	0	0	18691	.	2	1	2	3441	0	0	36	14	54	130346	.	1|2|2|36,0|0|1|14,0|0|2|54,485|18691|3441|130346,0|.0|.,.|.
5HT2cR-ligated-N	146	147	G	3927	3923	4	1	1	3923	2	0	0	37	38	147992	53	.	0	0	486	0	0	0	0	0	18642	0	.	1	1	3437	2	0	0	37	38	129350	53	.	0|0|1|37,0|0|1|38,486|18642|3437|129350,0|0|2|53,0|.0|.,.|.
5HT2cR-ligated-N	147	148	C	3922	3920	2	0	3920	0	2	0	0	0	147381	0	69	.	0	484	0	2	0	0	0	18443	0	69	.	0	3436	0	0	0	0	0	128938	0	0	.	0|0|0|0,484|18443|3436|128938,0|0|0|0,2|69|0|0,0|.0|.,.|.
5HT2cR-ligated-N	148	149	T	3921	3913	8	2	5	1	3913	0	0	77	133	16	145693	.	0	1	0	485	0	0	0	18	0	18552	.	2	4	1	3428	0	0	77	115	16	127141	.	0|0|2|77,1|18|4|115,0|0|1|16,485|18552|3428|127141,0|.0|.,.|.
5HT2cR-ligated-N	149	150	C	3917	3911	6	2	3911	1	3	0	2	36	145123	17	95	.A,A	0	486	0	0	0	0	0	18556	0	0	.	2	3425	1	3	0	2	36	126567	17	95	A,A	0|0|2|36,486|18556|3425|126567,0|0|1|17,0|0|3|95,0|.0|.,.|A,A
5HT2cR-ligated-N	150	151	A	3909	3906	3	3906	0	2	0	1	0	148015	0	71	0	.	482	0	0	0	0	0	18453	0	0	0	.	3424	0	2	0	1	0	129562	0	71	0	.	482|18453|3424|129562,0|0|0|0,0|0|2|71,0|0|0|0,0|.1|.,.|.
5HT2cR-ligated-N	151	152	A	3895	3892	3	3892	0	2	1	0	0	147475	0	71	39	.	480	0	0	0	0	0	18348	0	0	0	.	3412	0	2	1	0	0	129127	0	71	39	.	480|18348|3412|129127,0|0|0|0,0|0|2|71,0|0|1|39,0|.0|.,.|.
5HT2cR-ligated-N	152	153	T	3887	3879	8	2	2	1	3879	3	0	37	69	38	144632	.	1	0	0	479	0	0	2	0	0	18315	.	1	2	1	3400	3	0	35	69	38	126317	.	1|2|1|35,0|0|2|69,0|0|1|38,479|18315|3400|126317,0|.3|.,.|.
5HT2cR-ligated-N	153	154	A	3884	3856	28	3856	9	9	7	3	0	139742	138	137	137	.	479	0	0	0	0	0	18294	0	0	0	.	3377	9	9	7	3	0	121448	138	137	137	.	479|18294|3377|121448,0|0|9|138,0|0|9|137,0|0|7|137,0|.3|.,.|.
5HT2cR-ligated-N	154	155	C	3876	3853	23	1	3853	0	12	10	3	2	141380	0	444	.T,T,T	0	475	0	0	1	0	0	17999	0	0	.	1	3378	0	12	9	3	2	123381	0	444	T,T,T	0|0|1|2,475|17999|3378|123381,0|0|0|0,0|0|12|444,1|.9|.,.|T,T,T
5HT2cR-ligated-N	155	156	T	3860	3845	15	3	3	3	3845	6	0	67	88	40	139717	.	1	0	0	475	0	0	39	0	0	17973	.	2	3	3	3370	6	0	28	88	40	121744	.	1|39|2|28,0|0|3|88,0|0|3|40,475|17973|3370|121744,0|.6|.,.|.
5HT2cR-ligated-N	156	157	T	3858	3853	5	2	0	1	3853	2	0	76	0	17	141608	.	0	0	0	477	0	0	0	0	0	18064	.	2	0	1	3376	2	0	76	0	17	123544	.	0|0|2|76,0|0|0|0,0|0|1|17,477|18064|3376|123544,0|.2|.,.|.
5HT2cR-ligated-N	157	158	T	3853	3842	11	1	4	4	3842	2	0	34	152	104	141639	.	0	0	0	477	0	0	0	0	0	18117	.	1	4	4	3365	2	0	34	152	104	123522	.	0|0|1|34,0|0|4|152,0|0|4|104,477|18117|3365|123522,0|.2|.,.|.
5HT2cR-ligated-N	158	159	C	3854	3838	16	0	3838	7	3	6	0	0	141292	269	108	.	0	477	0	1	0	0	0	17934	0	32	.	0	3361	7	2	6	0	0	123358	269	76	.	0|0|0|0,477|17934|3361|123358,0|0|7|269,1|32|2|76,0|.6|.,.|.
5HT2cR-ligated-N	159	160	G	3845	3819	26	3	1	3819	10	12	0	117	32	142382	342	.	1	0	475	0	0	0	39	0	17899	0	.	2	1	3344	10	12	0	78	32	124483	342	.	1|39|2|78,0|0|1|32,475|17899|3344|124483,0|0|10|342,0|.12|.,.|.
5HT2cR-ligated-N	160	161	G	3774	3754	20	2	0	3754	14	4	0	56	0	140599	488	.	0	0	473	1	0	0	0	0	17835	38	.	2	0	3281	13	4	0	56	0	122764	450	.	0|0|2|56,0|0|0|0,473|17835|3281|122764,1|38|13|450,0|.4|.,.|.
5HT2cR-ligated-N	161	162	A	3763	3756	7	3756	0	2	3	2	0	142555	0	55	90	.	471	0	0	1	0	0	17796	0	0	16	.	3285	0	2	2	2	0	124759	0	55	74	.	471|17796|3285|124759,0|0|0|0,0|0|2|55,1|16|2|74,0|.2|.,.|.
5HT2cR-ligated-N	162	163	T	3756	3753	3	0	0	0	3753	3	0	0	0	0	142880	.	0	0	0	469	0	0	0	0	0	17762	.	0	0	0	3284	3	0	0	0	0	125118	.	0|0|0|0,0|0|0|0,0|0|0|0,469|17762|3284|125118,0|.3|.,.|.
5HT2cR-ligated-N	163	164	T	3741	3739	2	0	0	0	3739	2	0	0	0	0	142078	.	0	0	0	469	0	0	0	0	0	17778	.	0	0	0	3270	2	0	0	0	0	124300	.	0|0|0|0,0|0|0|0,0|0|0|0,469|17778|3270|124300,0|.2|.,.|.
5HT2cR-ligated-N	164	165	A	3734	3705	29	3705	28	1	0	0	1	140408	1037	37	0	.T	468	0	0	0	0	0	17795	0	0	0	.	3237	28	1	0	0	1	122613	1037	37	0	T	468|17795|3237|122613,0|0|28|1037,0|0|1|37,0|0|0|0,0|.0|.,.|T
5HT2cR-ligated-N	165	166	T	3714	3705	9	1	3	5	3705	0	0	2	89	126	138879	.	1	0	1	466	0	0	2	0	15	17819	.	0	3	4	3239	0	0	0	89	111	121060	.	1|2|0|0,0|0|3|89,1|15|4|111,466|17819|3239|121060,0|.0|.,.|.
5HT2cR-ligated-N	166	167	G	3709	3701	8	2	0	3701	4	2	1	76	0	139063	155	.CC	0	0	467	0	0	0	0	0	17782	0	.	2	0	3234	4	2	1	76	0	121281	155	CC	0|0|2|76,0|0|0|0,467|17782|3234|121281,0|0|4|155,0|.2|.,.|CC
5HT2cR-ligated-N	167	168	T	3704	3703	1	0	0	1	3703	0	0	0	0	16	137756	.	0	0	0	467	0	0	0	0	0	17747	.	0	0	1	3236	0	0	0	0	16	120009	.	0|0|0|0,0|0|0|0,0|0|1|16,467|17747|3236|120009,0|.0|.,.|.
5HT2cR-ligated-N	168	169	A	3703	3687	16	3687	1	6	7	2	0	135442	14	176	138	.	467	0	0	0	0	0	17755	0	0	0	.	3220	1	6	7	2	0	117687	14	176	138	.	467|17755|3220|117687,0|0|1|14,0|0|6|176,0|0|7|138,0|.2|.,.|.
5HT2cR-ligated-N	169	170	C	3690	3682	8	2	3682	1	4	1	0	19	138299	16	155	.	0	463	0	0	0	0	0	17532	0	0	.	2	3219	1	4	1	0	19	120767	16	155	.	0|0|2|19,463|17532|3219|120767,0|0|1|16,0|0|4|155,0|.1|.,.|.
5HT2cR-ligated-N	170	171	T	3634	3625	9	1	2	2	3625	4	0	39	70	32	136877	.	1	0	0	461	0	0	39	0	0	17512	.	0	2	2	3164	4	0	0	70	32	119365	.	1|39|0|0,0|0|2|70,0|0|2|32,461|17512|3164|119365,0|.4|.,.|.
5HT2cR-ligated-N	171	172	G	3625	3610	15	1	4	3610	6	4	0	39	154	136926	211	.	0	0	461	0	0	0	0	0	17525	0	.	1	4	3149	6	4	0	39	154	119401	211	.	0|0|1|39,0|0|4|154,461|17525|3149|119401,0|0|6|211,0|.4|.,.|.
5HT2cR-ligated-N	172	173	T	3613	3607	6	1	1	2	3607	2	0	33	36	56	135175	.	1	0	0	457	0	0	33	0	0	17320	.	0	1	2	3150	2	0	0	36	56	117855	.	1|33|0|0,0|0|1|36,0|0|2|56,457|17320|3150|117855,0|.2|.,.|.
5HT2cR-ligated-N	173	174	G	3590	3577	13	1	3	3577	7	2	1	39	70	133771	210	.	0	0	457	0	0	1	0	0	17342	0	A	1	3	3120	7	2	0	39	70	116429	210	.	0|0|1|39,0|0|3|70,457|17342|3120|116429,0|0|7|210,0|.2|.,A|.
5HT2cR-ligated-N	174	175	A	3583	3583	0	3583	0	0	0	0	0	134133	0	0	0	.	457	0	0	0	0	0	17318	0	0	0	.	3126	0	0	0	0	0	116815	0	0	0	.	457|17318|3126|116815,0|0|0|0,0|0|0|0,0|0|0|0,0|.0|.,.|.
5HT2cR-ligated-N	175	176	A	3581	3574	7	3574	2	4	1	0	1	130650	30	104	37	.C	456	0	1	0	0	0	17162	0	37	0	.	3118	2	3	1	0	1	113488	30	67	37	C	456|17162|3118|113488,0|0|2|30,1|37|3|67,0|0|1|37,0|.0|.,.|C
5HT2cR-ligated-N	176	177	C	3577	3571	6	3	3571	0	1	2	0	57	133156	0	14	.	1	453	0	1	1	0	2	17148	0	14	.	2	3118	0	0	1	0	55	116008	0	0	.	1|2|2|55,453|17148|3118|116008,0|0|0|0,1|14|0|0,1|.1|.,.|.
5HT2cR-ligated-N	177	178	A	3572	3566	6	3566	0	5	1	0	0	133772	0	188	39	.	456	0	0	0	0	0	17313	0	0	0	.	3110	0	5	1	0	0	116459	0	188	39	.	456|17313|3110|116459,0|0|0|0,0|0|5|188,0|0|1|39,0|.0|.,.|.
5HT2cR-ligated-N	178	179	A	3565	3561	4	3561	0	3	1	0	1	132180	0	66	2	.G	455	0	0	0	0	0	17209	0	0	0	.	3106	0	3	1	0	1	114971	0	66	2	G	455|17209|3106|114971,0|0|0|0,0|0|3|66,0|0|1|2,0|.0|.,.|G
5HT2cR-ligated-N	179	180	C	3555	3552	3	1	3552	0	1	1	0	2	132942	0	38	.	1	454	0	0	0	0	2	17217	0	0	.	0	3098	0	1	1	0	0	115725	0	38	.	1|2|0|0,454|17217|3098|115725,0|0|0|0,0|0|1|38,0|.1|.,.|.
5HT2cR-ligated-N	180	181	G	3539	3524	15	4	3	3524	6	2	0	112	94	131501	162	.	1	1	443	0	0	0	37	17	16734	0	.	3	2	3081	6	2	0	75	77	114767	162	.	1|37|3|75,1|17|2|77,443|16734|3081|114767,0|0|6|162,0|.2|.,.|.
5HT2cR-ligated-N	181	182	T	3531	3527	4	2	2	0	3527	0	0	59	57	0	131598	.	0	0	0	445	0	0	0	0	0	16780	.	2	2	0	3082	0	0	59	57	0	114818	.	0|0|2|59,0|0|2|57,0|0|0|0,445|16780|3082|114818,0|.0|.,.|.
5HT2cR-ligated-N	182	183	A	3519	3510	9	3510	2	1	1	5	0	130314	53	39	20	.	441	0	0	0	0	0	16663	0	0	0	.	3069	2	1	1	5	0	113651	53	39	20	.	441|16663|3069|113651,0|0|2|53,0|0|1|39,0|0|1|20,0|.5|.,.|.
5HT2cR-ligated-N	183	184	C	3516	3507	9	1	3507	0	3	5	0	2	128061	0	90	.	0	441	0	0	0	0	0	16542	0	0	.	1	3066	0	3	5	0	2	111519	0	90	.	0|0|1|2,441|16542|3066|111519,0|0|0|0,0|0|3|90,0|.5|.,.|.
5HT2cR-ligated-N	184	185	A	3509	3502	7	3502	0	2	1	4	0	130097	0	74	2	.	441	0	0	0	0	0	16590	0	0	0	.	3061	0	2	1	4	0	113507	0	74	2	.	441|16590|3061|113507,0|0|0|0,0|0|2|74,0|0|1|2,0|.4|.,.|.
5HT2cR-ligated-N	185	186	G	3498	3478	20	1	1	3478	14	4	0	37	37	126679	447	.	0	0	441	0	0	0	0	0	16506	0	.	1	1	3037	14	4	0	37	37	110173	447	.	0|0|1|37,0|0|1|37,441|16506|3037|110173,0|0|14|447,0|.4|.,.|.
5HT2cR-ligated-N	186	187	A	3486	3478	8	3478	1	2	4	1	1	125225	14	31	104	.C	438	1	0	0	0	0	16234	14	0	0	.	3040	0	2	4	1	1	108991	0	31	104	C	438|16234|3040|108991,1|14|0|0,0|0|2|31,0|0|4|104,0|.1|.,.|C
5HT2cR-ligated-N	187	188	C	3480	3471	9	1	3471	2	3	3	0	2	123444	29	89	.	1	438	0	0	0	0	2	16397	0	0	.	0	3033	2	3	3	0	0	107047	29	89	.	1|2|0|0,438|16397|3033|107047,0|0|2|29,0|0|3|89,0|.3|.,.|.
5HT2cR-ligated-N	188	189	G	3472	3458	14	2	0	3458	12	0	1	55	0	124322	360	.T	0	0	433	0	0	0	0	0	16177	0	.	2	0	3025	12	0	1	55	0	108145	360	T	0|0|2|55,0|0|0|0,433|16177|3025|108145,0|0|12|360,0|.0|.,.|T
5HT2cR-ligated-N	189	190	T	3462	3453	9	0	5	3	3453	1	0	0	134	43	123231	.	0	0	0	432	0	0	0	0	0	16077	.	0	5	3	3021	1	0	0	134	43	107154	.	0|0|0|0,0|0|5|134,0|0|3|43,432|16077|3021|107154,0|.1|.,.|.
5HT2cR-ligated-N	190	191	C	3457	3449	8	3	3449	1	2	2	0	53	120792	39	41	.	0	432	0	0	0	0	0	16107	0	0	.	3	3017	1	2	2	0	53	104685	39	41	.	0|0|3|53,432|16107|3017|104685,0|0|1|39,0|0|2|41,0|.2|.,.|.
5HT2cR-ligated-N	191	192	G	3439	3427	12	2	1	3427	7	2	0	74	16	125306	200	.	0	0	423	0	0	0	0	0	15999	0	.	2	1	3004	7	2	0	74	16	109307	200	.	0|0|2|74,0|0|1|16,423|15999|3004|109307,0|0|7|200,0|.2|.,.|.
5HT2cR-ligated-N	192	193	A	3428	3410	18	3410	3	7	6	2	0	123495	45	157	79	.	423	0	0	0	0	0	16008	0	0	0	.	2987	3	7	6	2	0	107487	45	157	79	.	423|16008|2987|107487,0|0|3|45,0|0|7|157,0|0|6|79,0|.2|.,.|.
5HT2cR-ligated-N	193	194	C	3418	3408	10	3	3408	1	4	2	0	9	126053	39	132	.	1	422	0	0	0	0	2	15917	0	0	.	2	2986	1	4	2	0	7	110136	39	132	.	1|2|2|7,422|15917|2986|110136,0|0|1|39,0|0|4|132,0|.2|.,.|.
5HT2cR-ligated-N	194	195	T	3403	3394	9	0	2	4	3394	3	1	0	76	100	125859	.	0	1	0	418	0	1	0	38	0	15790	G	0	1	4	2976	3	0	0	38	100	110069	.	0|0|0|0,1|38|1|38,0|0|4|100,418|15790|2976|110069,0|.3|.,G|.
5HT2cR-ligated-N	195	196	G	3395	3371	24	5	0	3371	4	15	0	190	0	124009	132	.	0	0	416	0	0	0	0	0	15682	0	.	5	0	2955	4	15	0	190	0	108327	132	.	0|0|5|190,0|0|0|0,416|15682|2955|108327,0|0|4|132,0|.15|.,.|.
5HT2cR-ligated-N	196	197	G	3376	3355	21	5	1	3355	8	7	0	149	39	122982	266	.	1	0	408	0	0	0	17	0	15478	0	.	4	1	2947	8	7	0	132	39	107504	266	.	1|17|4|132,0|0|1|39,408|15478|2947|107504,0|0|8|266,0|.7|.,.|.
5HT2cR-ligated-N	197	198	T	3369	3364	5	1	1	2	3364	1	0	39	3	40	125121	.	0	0	0	408	0	0	0	0	0	15484	.	1	1	2	2956	1	0	39	3	40	109637	.	0|0|1|39,0|0|1|3,0|0|2|40,408|15484|2956|109637,0|.1|.,.|.
5HT2cR-ligated-N	198	199	A	3359	3357	2	3357	0	0	0	2	0	124949	0	0	0	.	407	0	0	0	1	0	15418	0	0	0	.	2950	0	0	0	1	0	109531	0	0	0	.	407|15418|2950|109531,0|0|0|0,0|0|0|0,0|0|0|0,1|.1|.,.|.
5HT2cR-ligated-N	199	200	A	3352	3346	6	3346	0	2	3	1	0	122441	0	36	52	.	407	0	0	1	0	0	15337	0	0	16	.	2939	0	2	2	1	0	107104	0	36	36	.	407|15337|2939|107104,0|0|0|0,0|0|2|36,1|16|2|36,0|.1|.,.|.
5HT2cR-ligated-N	200	201	C	3350	3346	4	1	3346	0	0	3	0	16	123686	0	0	.	0	408	0	0	0	0	0	15445	0	0	.	1	2938	0	0	3	0	16	108241	0	0	.	0|0|1|16,408|15445|2938|108241,0|0|0|0,0|0|0|0,0|.3|.,.|.
5HT2cR-ligated-N	201	202	A	3329	3322	7	3322	0	1	3	3	1	123391	0	39	91	.T	402	0	0	0	0	0	15242	0	0	0	.	2920	0	1	3	3	1	108149	0	39	91	T	402|15242|2920|108149,0|0|0|0,0|0|1|39,0|0|3|91,0|.3|.,.|T
5HT2cR-ligated-N	202	203	T	3322	3307	15	1	2	1	3307	11	0	38	76	15	117782	.	0	0	0	401	1	0	0	0	0	14982	.	1	2	1	2906	10	0	38	76	15	102800	.	0|0|1|38,0|0|2|76,0|0|1|15,401|14982|2906|102800,1|.10|.,.|.
5HT2cR-ligated-N	203	204	T	3312	3305	7	1	5	1	3305	0	1	9	153	38	117265	.C	0	1	0	399	0	0	0	37	0	14985	.	1	4	1	2906	0	1	9	116	38	102280	C	0|0|1|9,1|37|4|116,0|0|1|38,399|14985|2906|102280,0|.0|.,.|C
5HT2cR-ligated-N	204	205	T	3303	3300	3	1	1	1	3300	0	0	32	38	17	117489	.	0	0	0	400	0	0	0	0	0	14932	.	1	1	1	2900	0	0	32	38	17	102557	.	0|0|1|32,0|0|1|38,0|0|1|17,400|14932|2900|102557,0|.0|.,.|.
5HT2cR-ligated-N	205	206	G	3290	3284	6	0	0	3284	4	2	0	0	0	115927	76	.	0	0	400	0	0	0	0	0	14883	0	.	0	0	2884	4	2	0	0	0	101044	76	.	0|0|0|0,0|0|0|0,400|14883|2884|101044,0|0|4|76,0|.2|.,.|.
5HT2cR-ligated-N	206	207	C	3282	3273	9	1	3273	2	4	2	0	29	116463	33	106	.	0	399	0	1	0	0	0	14899	0	14	.	1	2874	2	3	2	0	29	101564	33	92	.	0|0|1|29,399|14899|2874|101564,0|0|2|33,1|14|3|92,0|.2|.,.|.
5HT2cR-ligated-N	207	208	G	3266	3258	8	2	1	3258	5	0	8	37	16	117941	149	TT,T,T,T,TT,T,T	0	0	397	0	0	1	0	0	14893	0	T	2	1	2861	5	0	7	37	16	103048	149	T,T,T,T,TT,T,T	0|0|2|37,0|0|1|16,397|14893|2861|103048,0|0|5|149,0|.0|.,T|T,T,T,T,TT,T,T
5HT2cR-ligated-N	208	209	T	3257	3245	12	0	2	6	3245	4	0	0	76	120	118356	.	0	0	2	395	0	0	0	0	17	14851	.	0	2	4	2850	4	0	0	76	103	103505	.	0|0|0|0,0|0|2|76,2|17|4|103,395|14851|2850|103505,0|.4|.,.|.
5HT2cR-ligated-N	209	210	T	3242	3239	3	0	2	1	3239	0	0	0	74	38	118341	.	0	0	0	395	0	0	0	0	0	14798	.	0	2	1	2844	0	0	0	74	38	103543	.	0|0|0|0,0|0|2|74,0|0|1|38,395|14798|2844|103543,0|.0|.,.|.
5HT2cR-ligated-N	210	211	T	3226	3224	2	0	0	0	3224	2	0	0	0	0	115873	.	0	0	0	391	0	0	0	0	0	14535	.	0	0	0	2833	2	0	0	0	0	101338	.	0|0|0|0,0|0|0|0,0|0|0|0,391|14535|2833|101338,0|.2|.,.|.
5HT2cR-ligated-N	211	212	G	2986	2978	8	1	0	2978	3	4	0	15	0	105552	81	.	0	0	391	0	0	0	0	0	14461	0	.	1	0	2587	3	4	0	15	0	91091	81	.	0|0|1|15,0|0|0|0,391|14461|2587|91091,0|0|3|81,0|.4|.,.|.
5HT2cR-ligated-N	212	213	A	2968	2960	8	2960	2	2	3	1	0	103852	52	76	48	.	383	1	1	0	0	0	14222	37	38	0	.	2577	1	1	3	1	0	89630	15	38	48	.	383|14222|2577|89630,1|37|1|15,1|38|1|38,0|0|3|48,0|.1|.,.|.
5HT2cR-ligated-N	213	214	T	2958	2951	7	2	1	3	2951	1	0	17	32	68	102857	.	1	0	0	380	0	0	2	0	0	14080	.	1	1	3	2571	1	0	15	32	68	88777	.	1|2|1|15,0|0|1|32,0|0|3|68,380|14080|2571|88777,0|.1|.,.|.
5HT2cR-ligated-N	214	215	C	2945	2942	3	0	2942	1	2	0	0	0	102779	38	28	.	0	379	0	1	0	0	0	13980	0	13	.	0	2563	1	1	0	0	0	88799	38	15	.	0|0|0|0,379|13980|2563|88799,0|0|1|38,1|13|1|15,0|.0|.,.|.
5HT2cR-ligated-N	215	216	G	2905	2900	5	0	0	2900	5	0	0	0	0	100218	81	.	0	0	367	0	0	0	0	0	13585	0	.	0	0	2533	5	0	0	0	0	86633	81	.	0|0|0|0,0|0|0|0,367|13585|2533|86633,0|0|5|81,0|.0|.,.|.
5HT2cR-ligated-N	216	217	G	2869	2869	0	0	0	2869	0	0	0	0	0	98517	0	.	0	0	358	0	0	0	0	0	13083	0	.	0	0	2511	0	0	0	0	0	85434	0	.	0|0|0|0,0|0|0|0,358|13083|2511|85434,0|0|0|0,0|.0|.,.|.
5HT2cR-ligated-N	217	218	G	2795	2795	0	0	0	2795	0	0	0	0	0	95591	0	.	0	0	346	0	0	0	0	0	12284	0	.	0	0	2449	0	0	0	0	0	83307	0	.	0|0|0|0,0|0|0|0,346|12284|2449|83307,0|0|0|0,0|.0|.,.|.
