chrom	start	end	ref	depth	r_depth	a_depth	num_A	num_C	num_G	num_T	num_D	num_I	totQ_A	totQ_C	totQ_G	totQ_T	all_ins	num_F_A	num_F_C	num_F_G	num_F_T	num_F_D	num_F_I	totQ_F_A	totQ_F_C	totQ_F_G	totQ_F_T	all_F_ins	num_R_A	num_R_C	num_R_G	num_R_T	num_R_D	num_R_I	totQ_R_A	totQ_R_C	totQ_R_G	totQ_R_T	all_R_ins	sample_1
5HT2cR-ligated-N	0	1	G	933	933	0	0	0	933	0	0	0	0	0	32114	0	.	0	0	0	0	0	0	0	0	0	0	.	0	0	933	0	0	0	0	0	32114	0	.	0|0|0|0,0|0|0|0,0|0|933|32114,0|0|0|0,0|.0|.,.|.
5HT2cR-ligated-N	1	2	G	935	935	0	0	0	935	0	0	0	0	0	32225	0	.	0	0	0	0	0	0	0	0	0	0	.	0	0	935	0	0	0	0	0	32225	0	.	0|0|0|0,0|0|0|0,0|0|935|32225,0|0|0|0,0|.0|.,.|.
5HT2cR-ligated-N	2	3	C	943	943	0	0	943	0	0	0	0	0	32686	0	0	.	0	0	0	0	0	0	0	0	0	0	.	0	943	0	0	0	0	0	32686	0	0	.	0|0|0|0,0|0|943|32686,0|0|0|0,0|0|0|0,0|.0|.,.|.
5HT2cR-ligated-N	3	4	T	967	965	2	0	0	2	965	0	5	0	0	66	33676	.G,G,G,G,G	0	0	0	0	0	0	0	0	0	0	.	0	0	2	965	0	5	0	0	66	33676	G,G,G,G,G	0|0|0|0,0|0|0|0,0|0|2|66,0|0|965|33676,0|.0|.,.|G,G,G,G,G
5HT2cR-ligated-N	4	5	G	1133	1102	31	4	2	1102	3	22	0	151	76	40562	110	.	0	0	0	0	0	0	0	0	0	0	.	4	2	1102	3	22	0	151	76	40562	110	.	0|0|4|151,0|0|2|76,0|0|1102|40562,0|0|3|110,0|.22|.,.|.
5HT2cR-ligated-N	5	6	G	1142	1137	5	0	2	1137	3	0	1	0	76	42454	114	.A	0	0	0	0	0	0	0	0	0	0	.	0	2	1137	3	0	1	0	76	42454	114	A	0|0|0|0,0|0|2|76,0|0|1137|42454,0|0|3|114,0|.0|.,.|A
5HT2cR-ligated-N	6	7	A	1161	1154	7	1154	6	1	0	0	1	43166	228	38	0	.T	0	0	0	0	0	0	0	0	0	0	.	1154	6	1	0	0	1	43166	228	38	0	T	0|0|1154|43166,0|0|6|228,0|0|1|38,0|0|0|0,0|.0|.,.|T
5HT2cR-ligated-N	7	8	T	1172	1170	2	1	0	0	1170	1	0	32	0	0	43638	.	0	0	0	0	0	0	0	0	0	0	.	1	0	0	1170	1	0	32	0	0	43638	.	0|0|1|32,0|0|0|0,0|0|0|0,0|0|1170|43638,0|.1|.,.|.
5HT2cR-ligated-N	8	9	C	1179	1171	8	0	1171	1	2	5	4	0	44168	38	76	.G,G,G,G	0	0	0	0	0	0	0	0	0	0	.	0	1171	1	2	5	4	0	44168	38	76	G,G,G,G	0|0|0|0,0|0|1171|44168,0|0|1|38,0|0|2|76,0|.5|.,.|G,G,G,G
5HT2cR-ligated-N	9	10	G	1228	1205	23	6	0	1205	8	9	0	229	0	45302	307	.	0	0	0	0	0	0	0	0	0	0	.	6	0	1205	8	9	0	229	0	45302	307	.	0|0|6|229,0|0|0|0,0|0|1205|45302,0|0|8|307,0|.9|.,.|.
5HT2cR-ligated-N	10	11	G	1232	1214	18	1	3	1214	6	8	1	38	114	45688	229	.T	0	0	0	0	0	0	0	0	0	0	.	1	3	1214	6	8	1	38	114	45688	229	T	0|0|1|38,0|0|3|114,0|0|1214|45688,0|0|6|229,0|.8|.,.|T
5HT2cR-ligated-N	11	12	T	1232	1216	16	2	0	2	1216	12	4	50	0	26	44215	.A,A,A,A	0	0	0	0	0	0	0	0	0	0	.	2	0	2	1216	12	4	50	0	26	44215	A,A,A,A	0|0|2|50,0|0|0|0,0|0|2|26,0|0|1216|44215,0|.12|.,.|A,A,A,A
5HT2cR-ligated-N	12	13	A	1239	1226	13	1226	0	0	0	13	0	46111	0	0	0	.	0	0	0	0	0	0	0	0	0	0	.	1226	0	0	0	13	0	46111	0	0	0	.	0|0|1226|46111,0|0|0|0,0|0|0|0,0|0|0|0,0|.13|.,.|.
5HT2cR-ligated-N	13	14	T	1243	1228	15	1	2	3	1228	9	1	38	71	113	46350	.G	0	0	0	0	0	0	0	0	0	0	.	1	2	3	1228	9	1	38	71	113	46350	G	0|0|1|38,0|0|2|71,0|0|3|113,0|0|1228|46350,0|.9|.,.|G
5HT2cR-ligated-N	14	15	G	1273	1253	20	7	0	1253	3	10	0	238	0	47982	115	.	0	0	0	0	0	0	0	0	0	0	.	7	0	1253	3	10	0	238	0	47982	115	.	0|0|7|238,0|0|0|0,0|0|1253|47982,0|0|3|115,0|.10|.,.|.
5HT2cR-ligated-N	15	16	T	1281	1273	8	1	2	0	1273	5	3	38	72	0	48923	.A,A,C	0	0	0	0	0	0	0	0	0	0	.	1	2	0	1273	5	3	38	72	0	48923	A,A,C	0|0|1|38,0|0|2|72,0|0|0|0,0|0|1273|48923,0|.5|.,.|A,A,C
5HT2cR-ligated-N	16	17	A	1284	1279	5	1279	0	1	0	4	7	49073	0	15	0	.G,G,G,G,G,G,G	0	0	0	0	0	0	0	0	0	0	.	1279	0	1	0	4	7	49073	0	15	0	G,G,G,G,G,G,G	0|0|1279|49073,0|0|0|0,0|0|1|15,0|0|0|0,0|.4|.,.|G,G,G,G,G,G,G
5HT2cR-ligated-N	17	18	G	1314	1298	16	5	2	1298	6	3	1	193	77	49635	233	.C	0	0	0	0	0	0	0	0	0	0	.	5	2	1298	6	3	1	193	77	49635	233	C	0|0|5|193,0|0|2|77,0|0|1298|49635,0|0|6|233,0|.3|.,.|C
5HT2cR-ligated-N	18	19	C	1320	1314	6	0	1314	0	3	3	1	0	50576	0	116	.A	0	0	0	0	0	0	0	0	0	0	.	0	1314	0	3	3	1	0	50576	0	116	A	0|0|0|0,0|0|1314|50576,0|0|0|0,0|0|3|116,0|.3|.,.|A
5HT2cR-ligated-N	19	20	A	1321	1313	8	1313	1	0	2	5	3	50290	39	0	55	.G,G,G	0	0	0	0	0	0	0	0	0	0	.	1313	1	0	2	5	3	50290	39	0	55	G,G,G	0|0|1313|50290,0|0|1|39,0|0|0|0,0|0|2|55,0|.5|.,.|G,G,G
5HT2cR-ligated-N	20	21	N	1321	0	1321	62	1	1241	10	7	0	2345	39	47443	389	.	0	0	0	0	0	0	0	0	0	0	.	62	1	1241	10	7	0	2345	39	47443	389	.	0|0|62|2345,0|0|1|39,0|0|1241|47443,0|0|10|389,0|.7|.,.|.
5HT2cR-ligated-N	21	22	T	1328	1322	6	0	2	0	1322	4	3	0	32	0	50406	.A,A,A	0	0	0	0	0	0	0	0	0	0	.	0	2	0	1322	4	3	0	32	0	50406	A,A,A	0|0|0|0,0|0|2|32,0|0|0|0,0|0|1322|50406,0|.4|.,.|A,A,A
5HT2cR-ligated-N	22	23	N	1328	0	1328	1318	3	1	2	4	0	50498	116	38	76	.	0	0	0	0	0	0	0	0	0	0	.	1318	3	1	2	4	0	50498	116	38	76	.	0|0|1318|50498,0|0|3|116,0|0|1|38,0|0|2|76,0|.4|.,.|.
5HT2cR-ligated-N	23	24	C	1339	1329	10	1	1329	1	1	7	2	37	51175	15	39	.G,G	0	1	0	0	0	0	0	16	0	0	.	1	1328	1	1	7	2	37	51159	15	39	G,G	0|0|1|37,1|16|1328|51159,0|0|1|15,0|0|1|39,0|.7|.,.|G,G
5HT2cR-ligated-N	24	25	G	1349	1307	42	11	1	1307	18	12	0	426	39	49452	698	.	0	0	1	0	0	0	0	0	29	0	.	11	1	1306	18	12	0	426	39	49423	698	.	0|0|11|426,0|0|1|39,1|29|1306|49423,0|0|18|698,0|.12|.,.|.
5HT2cR-ligated-N	25	26	T	1349	1329	20	8	2	1	1329	9	2	282	52	4	50778	.A,A	0	0	0	1	0	0	0	0	0	29	.	8	2	1	1328	9	2	282	52	4	50749	A,A	0|0|8|282,0|0|2|52,0|0|1|4,1|29|1328|50749,0|.9|.,.|A,A
5HT2cR-ligated-N	26	27	N	1349	0	1349	1340	1	0	1	7	0	51623	39	0	38	.	1	0	0	0	0	0	32	0	0	0	.	1339	1	0	1	7	0	51591	39	0	38	.	1|32|1339|51591,0|0|1|39,0|0|0|0,0|0|1|38,0|.7|.,.|.
5HT2cR-ligated-N	27	28	N	1349	0	1349	1334	4	0	2	9	0	51375	154	0	78	.	1	0	0	0	0	0	32	0	0	0	.	1333	4	0	2	9	0	51343	154	0	78	.	1|32|1333|51343,0|0|4|154,0|0|0|0,0|0|2|78,0|.9|.,.|.
5HT2cR-ligated-N	28	29	T	1370	1352	18	0	5	0	1352	13	0	0	190	0	51213	.	0	0	0	1	0	0	0	0	0	16	.	0	5	0	1351	13	0	0	190	0	51197	.	0|0|0|0,0|0|5|190,0|0|0|0,1|16|1351|51197,0|.13|.,.|.
5HT2cR-ligated-N	29	30	C	1376	1362	14	0	1362	1	1	12	0	0	52534	39	15	.	0	1	0	0	0	0	0	18	0	0	.	0	1361	1	1	12	0	0	52516	39	15	.	0|0|0|0,1|18|1361|52516,0|0|1|39,0|0|1|15,0|.12|.,.|.
5HT2cR-ligated-N	30	31	C	1379	1371	8	0	1371	0	0	8	1	0	52923	0	0	.TATTGAG	0	1	0	0	0	0	0	18	0	0	.	0	1370	0	0	8	1	0	52905	0	0	TATTGAG	0|0|0|0,1|18|1370|52905,0|0|0|0,0|0|0|0,0|.8|.,.|TATTGAG
5HT2cR-ligated-N	31	32	T	1391	1369	22	1	2	0	1369	19	3	39	76	0	52916	.ATTGAGCATAACC,ATTGA,A	0	0	0	1	0	0	0	0	0	18	.	1	2	0	1368	19	3	39	76	0	52898	ATTGAGCATAACC,ATTGA,A	0|0|1|39,0|0|2|76,0|0|0|0,1|18|1368|52898,0|.19|.,.|ATTGAGCATAACC,ATTGA,A
5HT2cR-ligated-N	32	33	N	1391	0	1391	1363	1	4	4	19	1	52564	39	154	153	.TTGAGCATAGCC	1	0	0	0	0	0	33	0	0	0	.	1362	1	4	4	19	1	52531	39	154	153	TTGAGCATAGCC	1|33|1362|52531,0|0|1|39,0|0|4|154,0|0|4|153,0|.19|.,.|TTGAGCATAGCC
5HT2cR-ligated-N	33	34	T	1397	1371	26	1	1	1	1371	23	4	39	39	39	52995	.TGAGCATAG,TGAGCATAGCC,GAGCA,TGAGCATGCC	0	0	0	1	0	0	0	0	0	35	.	1	1	1	1370	23	4	39	39	39	52960	TGAGCATAG,TGAGCATAGCC,GAGCA,TGAGCATGCC	0|0|1|39,0|0|1|39,0|0|1|39,1|35|1370|52960,0|.23|.,.|TGAGCATAG,TGAGCATAGCC,GAGCA,TGAGCATGCC
5HT2cR-ligated-N	34	35	T	1402	1387	15	1	4	1	1387	9	8	37	154	39	53601	.GAGCATAGCC,G,GAC,G,G,GAGC,AGCC,G	0	0	0	1	0	0	0	0	0	35	.	1	4	1	1386	9	8	37	154	39	53566	GAGCATAGCC,G,GAC,G,G,GAGC,AGCC,G	0|0|1|37,0|0|4|154,0|0|1|39,1|35|1386|53566,0|.9|.,.|GAGCATAGCC,G,GAC,G,G,GAGC,AGCC,G
5HT2cR-ligated-N	35	36	G	1452	1425	27	9	1	1425	4	13	1	349	39	54756	154	.ACAT	0	0	1	0	0	0	0	0	33	0	.	9	1	1424	4	13	1	349	39	54723	154	ACAT	0|0|9|349,0|0|1|39,1|33|1424|54723,0|0|4|154,0|.13|.,.|ACAT
5HT2cR-ligated-N	36	37	A	1457	1440	17	1440	0	2	2	13	3	55061	0	72	76	.T,G,G	1	0	0	0	0	0	18	0	0	0	.	1439	0	2	2	13	3	55043	0	72	76	T,G,G	1|18|1439|55043,0|0|0|0,0|0|2|72,0|0|2|76,0|.13|.,.|T,G,G
5HT2cR-ligated-N	37	38	G	1459	1421	38	13	1	1421	8	16	14	499	39	54339	287	.CATAGCC,CATAGC,CATAGC,CATAGCCGC,GCATAGCC,C,CATAGC,CATAGC,CATAGC,C,CATAGCC,CATAGC,CATAGCCCC,CATAGC	0	0	1	0	0	0	0	0	38	0	.	13	1	1420	8	16	14	499	39	54301	287	CATAGCC,CATAGC,CATAGC,CATAGCCGC,GCATAGCC,C,CATAGC,CATAGC,CATAGC,C,CATAGCC,CATAGC,CATAGCCCC,CATAGC	0|0|13|499,0|0|1|39,1|38|1420|54301,0|0|8|287,0|.16|.,.|CATAGCC,CATAGC,CATAGC,CATAGCCGC,GCATAGCC,C,CATAGC,CATAGC,CATAGC,C,CATAGCC,CATAGC,CATAGCCCC,CATAGC
5HT2cR-ligated-N	38	39	C	1464	1416	48	2	1416	0	0	46	2	52	54040	0	0	.GCGACTCACT,A	0	1	0	0	0	0	0	38	0	0	.	2	1415	0	0	46	2	52	54002	0	0	GCGACTCACT,A	0|0|2|52,1|38|1415|54002,0|0|0|0,0|0|0|0,0|.46|.,.|GCGACTCACT,A
5HT2cR-ligated-N	39	40	A	1474	1419	55	1419	2	2	5	46	5	54491	76	75	193	.TAGCC,T,T,TAGCCC,TAGCC	1	0	0	0	0	0	16	0	0	0	.	1418	2	2	5	46	5	54475	76	75	193	TAGCC,T,T,TAGCCC,TAGCC	1|16|1418|54475,0|0|2|76,0|0|2|75,0|0|5|193,0|.46|.,.|TAGCC,T,T,TAGCCC,TAGCC
5HT2cR-ligated-N	40	41	T	1480	1427	53	1	0	1	1427	51	7	38	0	37	54814	.AGCC,AGCC,AGCC,AGCCTGAGCA,A,AGCC,G	0	0	0	1	0	0	0	0	0	38	.	1	0	1	1426	51	7	38	0	37	54776	AGCC,AGCC,AGCC,AGCCTGAGCA,A,AGCC,G	0|0|1|38,0|0|0|0,0|0|1|37,1|38|1426|54776,0|.51|.,.|AGCC,AGCC,AGCC,AGCCTGAGCA,A,AGCC,G
5HT2cR-ligated-N	41	42	A	1482	1428	54	1428	1	1	4	48	5	54897	39	38	153	.GCC,G,G,G,GCCGAGCATAG	1	0	0	0	0	0	38	0	0	0	.	1427	1	1	4	48	5	54859	39	38	153	GCC,G,G,G,GCCGAGCATAG	1|38|1427|54859,0|0|1|39,0|0|1|38,0|0|4|153,0|.48|.,.|GCC,G,G,G,GCCGAGCATAG
5HT2cR-ligated-N	42	43	G	1484	1428	56	2	6	1428	1	47	14	76	231	54873	39	.CCCATTGAGCATAA,CCCCC,TA,CCCCATAGCC,CC,CC,CCGAAAC,C,C,CCTTGATGGCCTTAGT,C,CCGAAA,C,CC	0	0	1	0	0	0	0	0	34	0	.	2	6	1427	1	47	14	76	231	54839	39	CCCATTGAGCATAA,CCCCC,TA,CCCCATAGCC,CC,CC,CCGAAAC,C,C,CCTTGATGGCCTTAGT,C,CCGAAA,C,CC	0|0|2|76,0|0|6|231,1|34|1427|54839,0|0|1|39,0|.47|.,.|CCCATTGAGCATAA,CCCCC,TA,CCCCATAGCC,CC,CC,CCGAAAC,C,C,CCTTGATGGCCTTAGT,C,CCGAAA,C,CC
5HT2cR-ligated-N	43	44	C	1506	1380	126	0	1380	3	3	120	22	0	52987	117	115	.CAGCCATAG,CATAG,GT,CG,AT,CAG,CG,CCCATAG,A,CA,CG,CCG,CGCCGCTGCAATT,CCGGTATGTAG,CGCG,ATAG,CAG,CCTATTGAGCATAG,CA,TCA,CAG,CG	0	3	0	0	0	0	0	103	0	0	.	0	1377	3	3	120	22	0	52884	117	115	CAGCCATAG,CATAG,GT,CG,AT,CAG,CG,CCCATAG,A,CA,CG,CCG,CGCCGCTGCAATT,CCGGTATGTAG,CGCG,ATAG,CAG,CCTATTGAGCATAG,CA,TCA,CAG,CG	0|0|0|0,3|103|1377|52884,0|0|3|117,0|0|3|115,0|.120|.,.|CAGCCATAG,CATAG,GT,CG,AT,CAG,CG,CCCATAG,A,CA,CG,CCG,CGCCGCTGCAATT,CCGGTATGTAG,CGCG,ATAG,CAG,CCTATTGAGCATAG,CA,TCA,CAG,CG
5HT2cR-ligated-N	44	45	C	1534	1473	61	5	1473	0	4	52	79	191	56534	0	153	.GA,AG,AG,GCCTAT,G,AAA,A,T,GCAATT,G,GA,CTAGCCA,GTATTGAG,A,A,ATCCATAG,GACTCACTATA,A,G,TAG,CGAATTGA,ATT,ATCGGTATGTAG,CTGAGCCCGAAACCT,A,GATAATACGACTCACTATA,AT,GGAAA,TG,TG,CATAGCCT,AA,T,CATAGAT,AA,A,CCCCGA,A,A,CATAGCCG,CCGAA,AA,GAAACCGCATAAT,AGCATA,A,TTCGACTCACTATA,GATGGCCTA,AG,A,G,CAGAGCATAGCCGCT,A,G,AG,ATAGCCCCGAAA,A,TTGA,GACTCACTATA,GACTCACTATA,G,AG,A,G,G,GACTCACTATA,G,TATA,CTATGAGCCA,CCGCGA,CG,GCA,GCA,G,GCTGCG,G,G,A,GG,G	0	3	0	0	0	0	0	104	0	0	.	5	1470	0	4	52	79	191	56430	0	153	GA,AG,AG,GCCTAT,G,AAA,A,T,GCAATT,G,GA,CTAGCCA,GTATTGAG,A,A,ATCCATAG,GACTCACTATA,A,G,TAG,CGAATTGA,ATT,ATCGGTATGTAG,CTGAGCCCGAAACCT,A,GATAATACGACTCACTATA,AT,GGAAA,TG,TG,CATAGCCT,AA,T,CATAGAT,AA,A,CCCCGA,A,A,CATAGCCG,CCGAA,AA,GAAACCGCATAAT,AGCATA,A,TTCGACTCACTATA,GATGGCCTA,AG,A,G,CAGAGCATAGCCGCT,A,G,AG,ATAGCCCCGAAA,A,TTGA,GACTCACTATA,GACTCACTATA,G,AG,A,G,G,GACTCACTATA,G,TATA,CTATGAGCCA,CCGCGA,CG,GCA,GCA,G,GCTGCG,G,G,A,GG,G	0|0|5|191,3|104|1470|56430,0|0|0|0,0|0|4|153,0|.52|.,.|GA,AG,AG,GCCTAT,G,AAA,A,T,GCAATT,G,GA,CTAGCCA,GTATTGAG,A,A,ATCCATAG,GACTCACTATA,A,G,TAG,CGAATTGA,ATT,ATCGGTATGTAG,CTGAGCCCGAAACCT,A,GATAATACGACTCACTATA,AT,GGAAA,TG,TG,CATAGCCT,AA,T,CATAGAT,AA,A,CCCCGA,A,A,CATAGCCG,CCGAA,AA,GAAACCGCATAAT,AGCATA,A,TTCGACTCACTATA,GATGGCCTA,AG,A,G,CAGAGCATAGCCGCT,A,G,AG,ATAGCCCCGAAA,A,TTGA,GACTCACTATA,GACTCACTATA,G,AG,A,G,G,GACTCACTATA,G,TATA,CTATGAGCCA,CCGCGA,CG,GCA,GCA,G,GCTGCG,G,G,A,GG,G
5HT2cR-ligated-N	45	46	G	3783	3713	70	5	2	3713	4	59	10	192	76	135026	156	.ATC,CC,A,TAC,TC,A,CC,CA,T,C	0	0	266	0	0	0	0	0	9852	0	.	5	2	3447	4	59	10	192	76	125174	156	ATC,CC,A,TAC,TC,A,CC,CA,T,C	0|0|5|192,0|0|2|76,266|9852|3447|125174,0|0|4|156,0|.59|.,.|ATC,CC,A,TAC,TC,A,CC,CA,T,C
5HT2cR-ligated-N	46	47	G	3815	3765	50	1	2	3765	6	41	10	37	77	137328	225	.CCT,CA,T,CCT,T,CC,T,T,T,T	0	0	282	0	0	0	0	0	10516	0	.	1	2	3483	6	41	10	37	77	126812	225	CCT,CA,T,CCT,T,CC,T,T,T,T	0|0|1|37,0|0|2|77,282|10516|3483|126812,0|0|6|225,0|.41|.,.|CCT,CA,T,CCT,T,CC,T,T,T,T
5HT2cR-ligated-N	47	48	T	3835	3749	86	4	6	7	3749	69	2	109	165	158	134343	.AG,AGG	2	3	1	278	0	0	32	50	15	9559	.	2	3	6	3471	69	2	77	115	143	124784	AG,AGG	2|32|2|77,3|50|3|115,1|15|6|143,278|9559|3471|124784,0|.69|.,.|AG,AGG
5HT2cR-ligated-N	48	49	T	3899	3860	39	4	4	0	3860	31	1	148	125	0	140418	.GAGCA	0	0	0	289	0	0	0	0	0	10473	.	4	4	0	3571	31	1	148	125	0	129945	GAGCA	0|0|4|148,0|0|4|125,0|0|0|0,289|10473|3571|129945,0|.31|.,.|GAGCA
5HT2cR-ligated-N	49	50	T	3904	3867	37	4	5	1	3867	27	2	148	188	38	144578	.AGC,AG	0	0	0	290	0	0	0	0	0	10652	.	4	5	1	3577	27	2	148	188	38	133926	AGC,AG	0|0|4|148,0|0|5|188,0|0|1|38,290|10652|3577|133926,0|.27|.,.|AGC,AG
5HT2cR-ligated-N	50	51	C	3921	3888	33	4	3888	1	3	25	2	105	147496	39	114	.G,A	1	289	0	3	0	0	38	10748	0	114	.	3	3599	1	0	25	2	67	136748	39	0	G,A	1|38|3|67,289|10748|3599|136748,0|0|1|39,3|114|0|0,0|.25|.,.|G,A
5HT2cR-ligated-N	51	52	A	3926	3869	57	3869	0	0	3	54	1	147365	0	0	56	.G	292	0	0	0	3	0	11073	0	0	0	.	3577	0	0	3	51	1	136292	0	0	56	G	292|11073|3577|136292,0|0|0|0,0|0|0|0,0|0|3|56,3|.51|.,.|G
5HT2cR-ligated-N	52	53	A	3931	3912	19	3912	2	1	0	16	0	148125	56	39	0	.	298	0	0	0	0	0	11073	0	0	0	.	3614	2	1	0	16	0	137052	56	39	0	.	298|11073|3614|137052,0|0|2|56,0|0|1|39,0|0|0|0,0|.16|.,.|.
5HT2cR-ligated-N	53	54	T	3937	3882	55	3	4	0	3882	48	0	36	154	0	147427	.	1	0	0	299	1	0	17	0	0	11267	.	2	4	0	3583	47	0	19	154	0	136160	.	1|17|2|19,0|0|4|154,0|0|0|0,299|11267|3583|136160,1|.47|.,.|.
5HT2cR-ligated-N	54	55	T	3945	3931	14	2	2	2	3931	8	0	76	76	54	149428	.	0	0	0	303	0	0	0	0	0	11436	.	2	2	2	3628	8	0	76	76	54	137992	.	0|0|2|76,0|0|2|76,0|0|2|54,303|11436|3628|137992,0|.8|.,.|.
5HT2cR-ligated-N	55	56	C	3950	3921	29	1	3921	0	7	21	1	38	148843	0	212	.G	0	301	0	3	0	0	0	11272	0	117	.	1	3620	0	4	21	1	38	137571	0	95	G	0|0|1|38,301|11272|3620|137571,0|0|0|0,3|117|4|95,0|.21|.,.|G
5HT2cR-ligated-N	56	57	G	3972	3931	41	1	8	3931	10	22	1	16	227	147469	382	.C	1	0	305	0	0	0	16	0	10945	0	.	0	8	3626	10	22	1	0	227	136524	382	C	1|16|0|0,0|0|8|227,305|10945|3626|136524,0|0|10|382,0|.22|.,.|C
5HT2cR-ligated-N	57	58	C	3977	3953	24	5	3953	2	7	10	1	129	148265	75	262	.G	2	300	0	2	2	0	51	10752	0	77	.	3	3653	2	5	8	1	78	137513	75	185	G	2|51|3|78,300|10752|3653|137513,0|0|2|75,2|77|5|185,2|.8|.,.|G
5HT2cR-ligated-N	58	59	G	4160	4116	44	3	2	4116	18	21	0	111	77	153926	664	.	0	0	307	0	0	0	0	0	11045	0	.	3	2	3809	18	21	0	111	77	142881	664	.	0|0|3|111,0|0|2|77,307|11045|3809|142881,0|0|18|664,0|.21|.,.|.
5HT2cR-ligated-N	59	60	G	4169	4134	35	5	5	4134	12	13	0	169	190	154273	449	.	0	0	310	0	0	0	0	0	10848	0	.	5	5	3824	12	13	0	169	190	143425	449	.	0|0|5|169,0|0|5|190,310|10848|3824|143425,0|0|12|449,0|.13|.,.|.
5HT2cR-ligated-N	60	61	A	4172	4151	21	4151	2	5	3	11	1	154912	52	74	51	.C	309	0	2	0	1	0	10946	0	68	0	.	3842	2	3	3	10	1	143966	52	6	51	C	309|10946|3842|143966,0|0|2|52,2|68|3|6,0|0|3|51,1|.10|.,.|C
5HT2cR-ligated-N	61	62	C	4173	4096	77	4	4096	0	1	72	0	97	152984	0	38	.	0	309	0	0	4	0	0	11087	0	0	.	4	3787	0	1	68	0	97	141897	0	38	.	0|0|4|97,309|11087|3787|141897,0|0|0|0,0|0|1|38,4|.68|.,.|.
5HT2cR-ligated-N	62	63	T	4178	4163	15	2	1	3	4163	9	4	74	37	50	156596	A,A,AA	0	0	0	313	0	3	0	0	0	11448	A,A,A	2	1	3	3850	9	1	74	37	50	145148	A	0|0|2|74,0|0|1|37,0|0|3|50,313|11448|3850|145148,0|.9|.,A,A,A|A
5HT2cR-ligated-N	63	64	A	4188	4175	13	4175	1	1	2	9	0	159483	14	38	4	.	314	0	0	0	0	0	11767	0	0	0	.	3861	1	1	2	9	0	147716	14	38	4	.	314|11767|3861|147716,0|0|1|14,0|0|1|38,0|0|2|4,0|.9|.,.|.
5HT2cR-ligated-N	64	65	A	4193	4170	23	4170	3	16	0	4	0	157728	71	587	0	.	309	1	5	0	0	0	11389	15	191	0	.	3861	2	11	0	4	0	146339	56	396	0	.	309|11389|3861|146339,1|15|2|56,5|191|11|396,0|0|0|0,0|.4|.,.|.
5HT2cR-ligated-N	65	66	G	4273	4228	45	6	7	4228	21	11	1	206	246	159606	762	.T	0	1	315	0	0	0	0	18	11462	0	.	6	6	3913	21	11	1	206	228	148144	762	T	0|0|6|206,1|18|6|228,315|11462|3913|148144,0|0|21|762,0|.11|.,.|T
5HT2cR-ligated-N	66	67	G	4278	4257	21	12	5	4257	4	0	0	460	168	160500	152	.	0	0	318	0	0	0	0	0	11342	0	.	12	5	3939	4	0	0	460	168	149158	152	.	0|0|12|460,0|0|5|168,318|11342|3939|149158,0|0|4|152,0|.0|.,.|.
5HT2cR-ligated-N	67	68	C	4279	4267	12	2	4267	4	3	3	0	41	161673	117	117	.	0	316	2	1	1	0	0	11390	76	39	.	2	3951	2	2	2	0	41	150283	41	78	.	0|0|2|41,316|11390|3951|150283,2|76|2|41,1|39|2|78,1|.2|.,.|.
5HT2cR-ligated-N	68	69	C	4303	4297	6	3	4297	0	0	3	0	71	163121	0	0	.	0	320	0	0	1	0	0	11707	0	0	.	3	3977	0	0	2	0	71	151414	0	0	.	0|0|3|71,320|11707|3977|151414,0|0|0|0,0|0|0|0,1|.2|.,.|.
5HT2cR-ligated-N	69	70	A	4310	4296	14	4296	3	2	1	8	0	163592	67	75	39	.	321	0	0	0	1	0	11930	0	0	0	.	3975	3	2	1	7	0	151662	67	75	39	.	321|11930|3975|151662,0|0|3|67,0|0|2|75,0|0|1|39,1|.7|.,.|.
5HT2cR-ligated-N	70	71	T	4314	4299	15	3	4	0	4299	8	0	57	147	0	163945	.	0	0	0	323	1	0	0	0	0	12035	.	3	4	0	3976	7	0	57	147	0	151910	.	0|0|3|57,0|0|4|147,0|0|0|0,323|12035|3976|151910,1|.7|.,.|.
5HT2cR-ligated-N	71	72	C	4342	4329	13	3	4329	0	4	6	0	68	164949	0	131	.	1	322	0	1	1	0	39	11990	0	39	.	2	4007	0	3	5	0	29	152959	0	92	.	1|39|2|29,322|11990|4007|152959,0|0|0|0,1|39|3|92,1|.5|.,.|.
5HT2cR-ligated-N	72	73	A	4346	4333	13	4333	2	1	2	8	1	165487	30	38	78	.T	326	0	0	0	1	0	12243	0	0	0	.	4007	2	1	2	7	1	153244	30	38	78	T	326|12243|4007|153244,0|0|2|30,0|0|1|38,0|0|2|78,1|.7|.,.|T
5HT2cR-ligated-N	73	74	T	4347	4333	14	2	2	0	4333	10	2	41	34	0	165666	.C,A	0	1	0	328	0	0	0	16	0	12337	.	2	1	0	4005	10	2	41	18	0	153329	C,A	0|0|2|41,1|16|1|18,0|0|0|0,328|12337|4005|153329,0|.10|.,.|C,A
5HT2cR-ligated-N	74	75	G	4362	4334	28	7	0	4334	8	13	0	242	0	165391	302	.	0	0	330	0	0	0	0	0	12389	0	.	7	0	4004	8	13	0	242	0	153002	302	.	0|0|7|242,0|0|0|0,330|12389|4004|153002,0|0|8|302,0|.13|.,.|.
5HT2cR-ligated-N	75	76	A	4362	4348	14	4348	0	2	2	10	0	165477	0	55	78	.	329	0	0	1	0	0	12167	0	0	39	.	4019	0	2	1	10	0	153310	0	55	39	.	329|12167|4019|153310,0|0|0|0,0|0|2|55,1|39|1|39,0|.10|.,.|.
5HT2cR-ligated-N	76	77	A	4363	4351	12	4351	1	3	1	7	0	165774	16	114	39	.	331	0	0	0	0	0	12053	0	0	0	.	4020	1	3	1	7	0	153721	16	114	39	.	331|12053|4020|153721,0|0|1|16,0|0|3|114,0|0|1|39,0|.7|.,.|.
5HT2cR-ligated-N	77	78	G	4369	4343	26	6	5	4343	10	5	0	206	171	165509	389	.	0	0	332	0	0	0	0	0	12233	0	.	6	5	4011	10	5	0	206	171	153276	389	.	0|0|6|206,0|0|5|171,332|12233|4011|153276,0|0|10|389,0|.5|.,.|.
5HT2cR-ligated-N	78	79	A	4371	4365	6	4365	4	0	1	1	2	165927	66	0	39	.T,T	330	3	0	0	0	0	11995	50	0	0	.	4035	1	0	1	1	2	153932	16	0	39	T,T	330|11995|4035|153932,3|50|1|16,0|0|0|0,0|0|1|39,0|.1|.,.|T,T
5HT2cR-ligated-N	79	80	T	4370	4355	15	4	3	4	4355	4	0	147	89	131	166264	.	0	0	0	333	0	0	0	0	0	12521	.	4	3	4	4022	4	0	147	89	131	153743	.	0|0|4|147,0|0|3|89,0|0|4|131,333|12521|4022|153743,0|.4|.,.|.
5HT2cR-ligated-N	80	81	T	4389	4378	11	1	2	3	4378	5	0	39	75	114	167425	.	0	0	0	335	0	0	0	0	0	12716	.	1	2	3	4043	5	0	39	75	114	154709	.	0|0|1|39,0|0|2|75,0|0|3|114,335|12716|4043|154709,0|.5|.,.|.
5HT2cR-ligated-N	81	82	G	4403	4386	17	5	2	4386	5	5	1	158	77	166960	150	.CCA	0	0	334	1	0	0	0	0	12615	19	.	5	2	4052	4	5	1	158	77	154345	131	CCA	0|0|5|158,0|0|2|77,334|12615|4052|154345,1|19|4|131,0|.5|.,.|CCA
5HT2cR-ligated-N	82	83	C	4405	4392	13	2	4392	0	6	5	0	47	167369	0	137	.	2	333	0	1	1	0	47	12406	0	39	.	0	4059	0	5	4	0	0	154963	0	98	.	2|47|0|0,333|12406|4059|154963,0|0|0|0,1|39|5|98,1|.4|.,.|.
5HT2cR-ligated-N	83	84	T	4400	4385	15	4	2	2	4385	7	0	152	78	40	167925	.	0	0	0	340	0	0	0	0	0	13019	.	4	2	2	4045	7	0	152	78	40	154906	.	0|0|4|152,0|0|2|78,0|0|2|40,340|13019|4045|154906,0|.7|.,.|.
5HT2cR-ligated-N	84	85	A	4405	4395	10	4395	1	1	1	7	2	167779	32	20	39	.T,T	346	0	0	0	0	0	13171	0	0	0	.	4049	1	1	1	7	2	154608	32	20	39	T,T	346|13171|4049|154608,0|0|1|32,0|0|1|20,0|0|1|39,0|.7|.,.|T,T
5HT2cR-ligated-N	85	86	T	4413	4402	11	2	1	1	4402	7	1	76	17	39	168363	.A	0	0	0	354	0	0	0	0	0	13441	.	2	1	1	4048	7	1	76	17	39	154922	A	0|0|2|76,0|0|1|17,0|0|1|39,354|13441|4048|154922,0|.7|.,.|A
5HT2cR-ligated-N	86	87	T	4413	4383	30	4	4	5	4383	17	1	151	130	158	168106	.A	0	0	0	355	0	0	0	0	0	13486	.	4	4	5	4028	17	1	151	130	158	154620	A	0|0|4|151,0|0|4|130,0|0|5|158,355|13486|4028|154620,0|.17|.,.|A
5HT2cR-ligated-N	87	88	G	4427	4371	56	5	3	4371	25	23	5	193	115	167216	942	.T,T,T,T,T	0	0	356	0	0	0	0	0	13596	0	.	5	3	4015	25	23	5	193	115	153620	942	T,T,T,T,T	0|0|5|193,0|0|3|115,356|13596|4015|153620,0|0|25|942,0|.23|.,.|T,T,T,T,T
5HT2cR-ligated-N	88	89	T	4428	4419	9	1	1	0	4419	7	0	17	39	0	169339	.	0	0	0	357	0	0	0	0	0	13676	.	1	1	0	4062	7	0	17	39	0	155663	.	0|0|1|17,0|0|1|39,0|0|0|0,357|13676|4062|155663,0|.7|.,.|.
5HT2cR-ligated-N	89	90	T	4429	4423	6	2	1	1	4423	2	0	78	38	38	169626	.	0	0	0	357	0	0	0	0	0	13665	.	2	1	1	4066	2	0	78	38	38	155961	.	0|0|2|78,0|0|1|38,0|0|1|38,357|13665|4066|155961,0|.2|.,.|.
5HT2cR-ligated-N	90	91	T	4431	4426	5	0	0	4	4426	1	0	0	0	125	169894	.	0	0	0	357	0	0	0	0	0	13711	.	0	0	4	4069	1	0	0	0	125	156183	.	0|0|0|0,0|0|0|0,0|0|4|125,357|13711|4069|156183,0|.1|.,.|.
5HT2cR-ligated-N	91	92	G	4704	4659	45	6	4	4659	22	13	0	227	152	177323	806	.	0	0	357	0	0	0	0	0	13194	0	.	6	4	4302	22	13	0	227	152	164129	806	.	0|0|6|227,0|0|4|152,357|13194|4302|164129,0|0|22|806,0|.13|.,.|.
5HT2cR-ligated-N	92	93	G	4703	4681	22	5	2	4681	15	0	1	167	76	176381	578	.CT	1	0	356	0	0	0	16	0	12953	0	.	4	2	4325	15	0	1	151	76	163428	578	CT	1|16|4|151,0|0|2|76,356|12953|4325|163428,0|0|15|578,0|.0|.,.|CT
5HT2cR-ligated-N	93	94	G	4706	4688	18	9	2	4688	7	0	0	343	76	175924	260	.	0	0	358	0	0	0	0	0	13048	0	.	9	2	4330	7	0	0	343	76	162876	260	.	0|0|9|343,0|0|2|76,358|13048|4330|162876,0|0|7|260,0|.0|.,.|.
5HT2cR-ligated-N	94	95	C	4708	4703	5	1	4703	2	1	1	2	37	178795	52	39	AAA	0	357	0	0	1	1	0	13366	0	0	A	1	4346	2	1	0	1	37	165429	52	39	AA	0|0|1|37,357|13366|4346|165429,0|0|2|52,0|0|1|39,1|.0|.,A|AA
5HT2cR-ligated-N	95	96	A	4703	4700	3	4700	0	2	0	1	0	180409	0	77	0	.	358	0	0	0	0	0	13579	0	0	0	.	4342	0	2	0	1	0	166830	0	77	0	.	358|13579|4342|166830,0|0|0|0,0|0|2|77,0|0|0|0,0|.1|.,.|.
5HT2cR-ligated-N	96	97	A	4708	4705	3	4705	0	0	3	0	4	179554	0	0	115	TT,T,T	360	0	0	0	0	1	13525	0	0	0	T	4345	0	0	3	0	3	166029	0	0	115	T,T,T	360|13525|4345|166029,0|0|0|0,0|0|0|0,0|0|3|115,0|.0|.,T|T,T,T
5HT2cR-ligated-N	97	98	T	4704	4698	6	3	0	0	4698	3	0	91	0	0	180273	.	0	0	0	362	0	0	0	0	0	13844	.	3	0	0	4336	3	0	91	0	0	166429	.	0|0|3|91,0|0|0|0,0|0|0|0,362|13844|4336|166429,0|.3|.,.|.
5HT2cR-ligated-N	98	99	T	4704	4700	4	1	2	1	4700	0	2	38	77	39	180694	.A,GA	0	0	0	363	0	0	0	0	0	13946	.	1	2	1	4337	0	2	38	77	39	166748	A,GA	0|0|1|38,0|0|2|77,0|0|1|39,363|13946|4337|166748,0|.0|.,.|A,GA
5HT2cR-ligated-N	99	100	T	4695	4681	14	4	7	3	4681	0	0	153	269	116	179919	.	0	0	0	364	0	0	0	0	0	13992	.	4	7	3	4317	0	0	153	269	116	165927	.	0|0|4|153,0|0|7|269,0|0|3|116,364|13992|4317|165927,0|.0|.,.|.
5HT2cR-ligated-N	100	101	C	4695	4690	5	0	4690	1	4	0	0	0	180221	14	154	.	0	365	0	1	0	0	0	13995	0	39	.	0	4325	1	3	0	0	0	166226	14	115	.	0|0|0|0,365|13995|4325|166226,0|0|1|14,1|39|3|115,0|.0|.,.|.
5HT2cR-ligated-N	101	102	T	4681	4669	12	0	5	1	4669	6	0	0	192	37	179904	.	0	0	0	365	0	0	0	0	0	14073	.	0	5	1	4304	6	0	0	192	37	165831	.	0|0|0|0,0|0|5|192,0|0|1|37,365|14073|4304|165831,0|.6|.,.|.
5HT2cR-ligated-N	102	103	A	4674	4664	10	4664	3	1	0	6	1	179180	115	37	0	.C	367	0	0	0	0	0	14086	0	0	0	.	4297	3	1	0	6	1	165094	115	37	0	C	367|14086|4297|165094,0|0|3|115,0|0|1|37,0|0|0|0,0|.6|.,.|C
5HT2cR-ligated-N	103	104	T	4673	4671	2	2	0	0	4671	0	0	53	0	0	180143	.	0	0	0	368	0	0	0	0	0	14175	.	2	0	0	4303	0	0	53	0	0	165968	.	0|0|2|53,0|0|0|0,0|0|0|0,368|14175|4303|165968,0|.0|.,.|.
5HT2cR-ligated-N	104	105	A	4678	4669	9	4669	1	1	3	4	0	179677	39	39	90	.	367	1	0	0	0	0	14121	39	0	0	.	4302	0	1	3	4	0	165556	0	39	90	.	367|14121|4302|165556,1|39|0|0,0|0|1|39,0|0|3|90,0|.4|.,.|.
5HT2cR-ligated-N	105	106	G	4727	4688	39	5	3	4688	14	17	0	191	115	179826	536	.	0	0	368	0	0	0	0	0	14190	0	.	5	3	4320	14	17	0	191	115	165636	536	.	0|0|5|191,0|0|3|115,368|14190|4320|165636,0|0|14|536,0|.17|.,.|.
5HT2cR-ligated-N	106	107	G	4729	4707	22	0	6	4707	13	3	0	0	231	181084	499	.	0	0	370	0	0	0	0	0	14243	0	.	0	6	4337	13	3	0	0	231	166841	499	.	0|0|0|0,0|0|6|231,370|14243|4337|166841,0|0|13|499,0|.3|.,.|.
5HT2cR-ligated-N	107	108	T	4717	4705	12	7	5	0	4705	0	5	269	167	0	179508	AAACCA,A,GAAACCTATAGTGA,A	0	0	0	376	0	1	0	0	0	14129	AAACC	7	5	0	4329	0	4	269	167	0	165379	A,A,GAAACCTATAGTGA,A	0|0|7|269,0|0|5|167,0|0|0|0,376|14129|4329|165379,0|.0|.,AAACC|A,A,GAAACCTATAGTGA,A
5HT2cR-ligated-N	108	109	A	4719	4713	6	4713	0	1	0	5	0	180756	0	39	0	.	389	0	0	0	1	0	14775	0	0	0	.	4324	0	1	0	4	0	165981	0	39	0	.	389|14775|4324|165981,0|0|0|0,0|0|1|39,0|0|0|0,1|.4|.,.|.
5HT2cR-ligated-N	109	110	A	4716	4714	2	4714	0	1	0	1	0	181507	0	39	0	.	391	0	0	0	0	0	14959	0	0	0	.	4323	0	1	0	1	0	166548	0	39	0	.	391|14959|4323|166548,0|0|0|0,0|0|1|39,0|0|0|0,0|.1|.,.|.
5HT2cR-ligated-N	110	111	A	4714	4707	7	4707	0	1	1	5	2	181456	0	38	39	TAGCAGTACGTAATCC	392	0	0	0	0	1	14987	0	0	0	T	4315	0	1	1	5	1	166469	0	38	39	AGCAGTACGTAATCC	392|14987|4315|166469,0|0|0|0,0|0|1|38,0|0|1|39,0|.5|.,T|AGCAGTACGTAATCC
5HT2cR-ligated-N	111	112	T	4713	4690	23	10	3	0	4690	10	51	370	117	0	180134	AAAAAA,A,A,A,A,AA,AA,A,A,AAAAAA,A,A,A,A,A,A,AAAAA,A,AAAAAAA,AAAAAAAAAA,AAAAAAAAAAAAAAAAAAAAAAAA,A,A,A,A,AAAAA,C,AA,A,A,AA,AAAAAAAAAAAAAAAAAA,AAAAAA,ACCGTAATCCTATTGAGCATAGCTAGCCC,A,A,A,A,AAAAAAAAAAA,A,A,A,AA,A,AA,AAA,A,AAAAAAAA,A,AAAAAAA	0	0	0	394	0	1	0	0	0	15108	AAAAA	10	3	0	4296	10	50	370	117	0	165026	A,A,A,A,A,AA,AA,A,A,AAAAAA,A,A,A,A,A,A,AAAAA,A,AAAAAAA,AAAAAAAAAA,AAAAAAAAAAAAAAAAAAAAAAAA,A,A,A,A,AAAAA,C,AA,A,A,AA,AAAAAAAAAAAAAAAAAA,AAAAAA,ACCGTAATCCTATTGAGCATAGCTAGCCC,A,A,A,A,AAAAAAAAAAA,A,A,A,AA,A,AA,AAA,A,AAAAAAAA,A,AAAAAAA	0|0|10|370,0|0|3|117,0|0|0|0,394|15108|4296|165026,0|.10|.,AAAAA|A,A,A,A,A,AA,AA,A,A,AAAAAA,A,A,A,A,A,A,AAAAA,A,AAAAAAA,AAAAAAAAAA,AAAAAAAAAAAAAAAAAAAAAAAA,A,A,A,A,AAAAA,C,AA,A,A,AA,AAAAAAAAAAAAAAAAAA,AAAAAA,ACCGTAATCCTATTGAGCATAGCTAGCCC,A,A,A,A,AAAAAAAAAAA,A,A,A,AA,A,AA,AAA,A,AAAAAAAA,A,AAAAAAA
5HT2cR-ligated-N	112	113	A	4707	4690	17	4690	0	2	1	14	1	180337	0	76	38	.TTGAGCAT	393	0	0	0	2	0	15135	0	0	0	.	4297	0	2	1	12	1	165202	0	76	38	TTGAGCAT	393|15135|4297|165202,0|0|0|0,0|0|2|76,0|0|1|38,2|.12|.,.|TTGAGCAT
5HT2cR-ligated-N	113	114	A	4707	4698	9	4698	0	2	0	7	1	180498	0	76	0	.ATAAATAAATAT	395	0	0	0	0	0	15159	0	0	0	.	4303	0	2	0	7	1	165339	0	76	0	ATAAATAAATAT	395|15159|4303|165339,0|0|0|0,0|0|2|76,0|0|0|0,0|.7|.,.|ATAAATAAATAT
5HT2cR-ligated-N	114	115	A	4709	4705	4	4705	0	3	0	1	1	179761	0	113	0	.	398	0	0	0	0	1	15272	0	0	0	CC	4307	0	3	0	1	0	164489	0	113	0	.	398|15272|4307|164489,0|0|0|0,0|0|3|113,0|0|0|0,0|.1|.,CC|.
5HT2cR-ligated-N	115	116	A	4707	4701	6	4701	2	0	3	1	1	177529	70	0	62	.CGAGCATAGC	401	0	0	0	0	0	15303	0	0	0	.	4300	2	0	3	1	1	162226	70	0	62	CGAGCATAGC	401|15303|4300|162226,0|0|2|70,0|0|0|0,0|0|3|62,0|.1|.,.|CGAGCATAGC
5HT2cR-ligated-N	116	117	C	4698	4663	35	2	4663	0	27	6	57	78	177172	0	996	T,T,TT,T,T,T,T,T,T,T,T,T,T,T,T,T,T,T,T,TTT,T,T,T,T,T,T,TT,TTT,T,T,T,TT,T,T,T,T,T,T,T,TT,T,T,T,T,T,T,T,T,T,T,T,T,T,T,T,T	1	402	0	1	0	3	39	15333	0	2	T,T,T	1	4261	0	26	6	54	39	161839	0	994	T,T,T,T,T,T,T,T,T,T,T,T,T,T,T,T,T,TTT,T,T,T,T,T,T,TT,TTT,T,T,T,TT,T,T,T,T,T,T,T,TT,T,T,T,T,T,T,T,T,T,T,T,T,T,T,T,T	1|39|1|39,402|15333|4261|161839,0|0|0|0,1|2|26|994,0|.6|.,T,T,T|T,T,T,T,T,T,T,T,T,T,T,T,T,T,T,T,T,TTT,T,T,T,T,T,T,TT,TTT,T,T,T,TT,T,T,T,T,T,T,T,TT,T,T,T,T,T,T,T,T,T,T,T,T,T,T,T,T
5HT2cR-ligated-N	117	118	T	4694	4631	63	1	24	0	4631	38	2	38	906	0	177241	.TAGCC,TGAGCATAGCATCCC	0	0	0	403	1	0	0	0	0	15470	.	1	24	0	4228	37	2	38	906	0	161771	TAGCC,TGAGCATAGCATCCC	0|0|1|38,0|0|24|906,0|0|0|0,403|15470|4228|161771,1|.37|.,.|TAGCC,TGAGCATAGCATCCC
5HT2cR-ligated-N	118	119	T	4692	4666	26	2	8	0	4666	16	2	64	306	0	178654	.A,C	0	0	0	404	0	0	0	0	0	15524	.	2	8	0	4262	16	2	64	306	0	163130	A,C	0|0|2|64,0|0|8|306,0|0|0|0,404|15524|4262|163130,0|.16|.,.|A,C
5HT2cR-ligated-N	119	120	T	4688	4681	7	1	1	1	4681	4	1	37	37	2	179197	.CGAG	0	0	0	405	0	0	0	0	0	15593	.	1	1	1	4276	4	1	37	37	2	163604	CGAG	0|0|1|37,0|0|1|37,0|0|1|2,405|15593|4276|163604,0|.4|.,.|CGAG
5HT2cR-ligated-N	120	121	T	4687	4678	9	4	3	1	4678	1	0	115	115	37	179626	.	0	0	0	407	0	0	0	0	0	15662	.	4	3	1	4271	1	0	115	115	37	163964	.	0|0|4|115,0|0|3|115,0|0|1|37,407|15662|4271|163964,0|.1|.,.|.
5HT2cR-ligated-N	121	122	T	4687	4680	7	0	1	3	4680	3	1	0	14	114	179156	.G	0	0	0	407	0	0	0	0	0	15618	.	0	1	3	4273	3	1	0	14	114	163538	G	0|0|0|0,0|0|1|14,0|0|3|114,407|15618|4273|163538,0|.3|.,.|G
5HT2cR-ligated-N	122	123	G	4743	4708	35	6	7	4708	8	14	0	203	267	178627	302	.	0	0	406	1	1	0	0	0	15398	37	.	6	7	4302	7	13	0	203	267	163229	265	.	0|0|6|203,0|0|7|267,406|15398|4302|163229,1|37|7|265,1|.13|.,.|.
5HT2cR-ligated-N	123	124	G	4744	4720	24	8	8	4720	6	2	0	307	308	178492	231	.	0	0	408	0	0	0	0	0	15391	0	.	8	8	4312	6	2	0	307	308	163101	231	.	0|0|8|307,0|0|8|308,408|15391|4312|163101,0|0|6|231,0|.2|.,.|.
5HT2cR-ligated-N	124	125	C	4739	4735	4	1	4735	0	0	3	0	39	179719	0	0	.	0	407	0	0	0	0	0	15509	0	0	.	1	4328	0	0	3	0	39	164210	0	0	.	0|0|1|39,407|15509|4328|164210,0|0|0|0,0|0|0|0,0|.3|.,.|.
5HT2cR-ligated-N	125	126	C	4727	4723	4	2	4723	0	2	0	1	78	180509	0	76	.A	1	405	0	0	0	0	39	15458	0	0	.	1	4318	0	2	0	1	39	165051	0	76	A	1|39|1|39,405|15458|4318|165051,0|0|0|0,0|0|2|76,0|.0|.,.|A
5HT2cR-ligated-N	126	127	A	4702	4698	4	4698	3	0	0	1	0	180469	115	0	0	.	403	0	0	0	0	0	15428	0	0	0	.	4295	3	0	0	1	0	165041	115	0	0	.	403|15428|4295|165041,0|0|3|115,0|0|0|0,0|0|0|0,0|.1|.,.|.
5HT2cR-ligated-N	127	128	T	4692	4683	9	0	3	2	4683	4	1	0	113	76	180042	.TAGCC	0	0	0	404	0	0	0	0	0	15519	.	0	3	2	4279	4	1	0	113	76	164523	TAGCC	0|0|0|0,0|0|3|113,0|0|2|76,404|15519|4279|164523,0|.4|.,.|TAGCC
5HT2cR-ligated-N	128	129	A	4685	4681	4	4681	1	0	0	3	0	180387	39	0	0	.	407	0	0	0	0	0	15634	0	0	0	.	4274	1	0	0	3	0	164753	39	0	0	.	407|15634|4274|164753,0|0|1|39,0|0|0|0,0|0|0|0,0|.3|.,.|.
5HT2cR-ligated-N	129	130	A	4679	4664	15	4664	0	1	1	13	1	179142	0	39	37	.G	412	0	0	0	0	0	15781	0	0	0	.	4252	0	1	1	13	1	163361	0	39	37	G	412|15781|4252|163361,0|0|0|0,0|0|1|39,0|0|1|37,0|.13|.,.|G
5HT2cR-ligated-N	130	131	G	4682	4653	29	5	1	4653	6	17	0	189	38	178097	170	.	0	0	419	0	0	0	0	0	16003	0	.	5	1	4234	6	17	0	189	38	162094	170	.	0|0|5|189,0|0|1|38,419|16003|4234|162094,0|0|6|170,0|.17|.,.|.
5HT2cR-ligated-N	131	132	A	4681	4676	5	4676	1	2	0	2	0	179698	39	75	0	.	421	1	0	0	0	0	16099	39	0	0	.	4255	0	2	0	2	0	163599	0	75	0	.	421|16099|4255|163599,1|39|0|0,0|0|2|75,0|0|0|0,0|.2|.,.|.
5HT2cR-ligated-N	132	133	A	4679	4673	6	4673	0	3	2	1	1	179390	0	117	78	.G	421	0	1	0	0	0	16097	0	39	0	.	4252	0	2	2	1	1	163293	0	78	78	G	421|16097|4252|163293,0|0|0|0,1|39|2|78,0|0|2|78,0|.1|.,.|G
5HT2cR-ligated-N	133	134	T	4674	4666	8	2	1	4	4666	1	0	78	39	115	178407	.	1	0	0	424	0	0	39	0	0	16264	.	1	1	4	4242	1	0	39	39	115	162143	.	1|39|1|39,0|0|1|39,0|0|4|115,424|16264|4242|162143,0|.1|.,.|.
5HT2cR-ligated-N	134	135	T	4671	4668	3	0	0	1	4668	2	0	0	0	39	179140	.	0	0	0	426	0	0	0	0	0	16385	.	0	0	1	4242	2	0	0	0	39	162755	.	0|0|0|0,0|0|0|0,0|0|1|39,426|16385|4242|162755,0|.2|.,.|.
5HT2cR-ligated-N	135	136	G	4681	4668	13	2	3	4668	4	4	1	75	114	176961	152	.T	0	0	426	0	0	0	0	0	16277	0	.	2	3	4242	4	4	1	75	114	160684	152	T	0|0|2|75,0|0|3|114,426|16277|4242|160684,0|0|4|152,0|.4|.,.|T
5HT2cR-ligated-N	136	137	C	4678	4670	8	0	4670	0	6	2	0	0	176876	0	228	.	0	426	0	0	0	0	0	16189	0	0	.	0	4244	0	6	2	0	0	160687	0	228	.	0|0|0|0,426|16189|4244|160687,0|0|0|0,0|0|6|228,0|.2|.,.|.
5HT2cR-ligated-N	137	138	A	4675	4670	5	4670	0	4	1	0	0	176993	0	151	39	.	425	0	0	0	0	0	16117	0	0	0	.	4245	0	4	1	0	0	160876	0	151	39	.	425|16117|4245|160876,0|0|0|0,0|0|4|151,0|0|1|39,0|.0|.,.|.
5HT2cR-ligated-N	138	139	G	4674	4660	14	2	2	4660	5	5	0	78	77	176290	190	.	0	0	424	0	1	0	0	0	16053	0	.	2	2	4236	5	4	0	78	77	160237	190	.	0|0|2|78,0|0|2|77,424|16053|4236|160237,0|0|5|190,1|.4|.,.|.
5HT2cR-ligated-N	139	140	C	4670	4665	5	0	4665	0	1	4	0	0	176352	0	39	.	0	423	0	1	1	0	0	15987	0	39	.	0	4242	0	0	3	0	0	160365	0	0	.	0|0|0|0,423|15987|4242|160365,0|0|0|0,1|39|0|0,1|.3|.,.|.
5HT2cR-ligated-N	140	141	G	4672	4653	19	3	1	4653	5	10	0	81	39	177485	152	.	0	0	425	0	0	0	0	0	16048	0	.	3	1	4228	5	10	0	81	39	161437	152	.	0|0|3|81,0|0|1|39,425|16048|4228|161437,0|0|5|152,0|.10|.,.|.
5HT2cR-ligated-N	141	142	G	4668	4646	22	7	4	4646	6	5	0	265	155	176167	233	.	0	0	424	0	0	0	0	0	16008	0	.	7	4	4222	6	5	0	265	155	160159	233	.	0|0|7|265,0|0|4|155,424|16008|4222|160159,0|0|6|233,0|.5|.,.|.
5HT2cR-ligated-N	142	143	C	4670	4659	11	4	4659	1	5	1	0	64	176001	37	193	.	0	426	0	0	0	0	0	16101	0	0	.	4	4233	1	5	1	0	64	159900	37	193	.	0|0|4|64,426|16101|4233|159900,0|0|1|37,0|0|5|193,0|.1|.,.|.
5HT2cR-ligated-N	143	144	T	4664	4654	10	4	2	1	4654	3	0	152	60	38	177263	.	0	0	0	425	0	0	0	0	0	16138	.	4	2	1	4229	3	0	152	60	38	161125	.	0|0|4|152,0|0|2|60,0|0|1|38,425|16138|4229|161125,0|.3|.,.|.
5HT2cR-ligated-N	144	145	A	4660	4655	5	4655	0	2	1	2	0	178111	0	76	38	.	424	0	0	0	0	0	16100	0	0	0	.	4231	0	2	1	2	0	162011	0	76	38	.	424|16100|4231|162011,0|0|0|0,0|0|2|76,0|0|1|38,0|.2|.,.|.
5HT2cR-ligated-N	145	146	T	4659	4652	7	2	0	4	4652	1	0	72	0	150	177325	.	0	0	0	424	0	0	0	0	0	16293	.	2	0	4	4228	1	0	72	0	150	161032	.	0|0|2|72,0|0|0|0,0|0|4|150,424|16293|4228|161032,0|.1|.,.|.
5HT2cR-ligated-N	146	147	G	4652	4638	14	3	2	4638	6	3	0	115	76	176155	182	.	0	0	424	0	0	0	0	0	16228	0	.	3	2	4214	6	3	0	115	76	159927	182	.	0|0|3|115,0|0|2|76,424|16228|4214|159927,0|0|6|182,0|.3|.,.|.
5HT2cR-ligated-N	147	148	C	4651	4643	8	0	4643	1	3	4	0	0	175811	16	78	.	0	423	0	0	1	0	0	16097	0	0	.	0	4220	1	3	3	0	0	159714	16	78	.	0|0|0|0,423|16097|4220|159714,0|0|1|16,0|0|3|78,1|.3|.,.|.
5HT2cR-ligated-N	148	149	T	4644	4625	19	7	6	1	4625	5	0	261	201	17	173653	.	0	0	0	424	0	0	0	0	0	16183	.	7	6	1	4201	5	0	261	201	17	157470	.	0|0|7|261,0|0|6|201,0|0|1|17,424|16183|4201|157470,0|.5|.,.|.
5HT2cR-ligated-N	149	150	C	4637	4624	13	8	4624	1	4	0	2	220	173409	17	63	.A,A	1	423	0	0	0	0	37	16132	0	0	.	7	4201	1	4	0	2	183	157277	17	63	A,A	1|37|7|183,423|16132|4201|157277,0|0|1|17,0|0|4|63,0|.0|.,.|A,A
5HT2cR-ligated-N	150	151	A	4621	4611	10	4611	3	2	1	4	0	175534	115	77	39	.	414	1	0	1	0	0	15872	39	0	39	.	4197	2	2	0	4	0	159662	76	77	0	.	414|15872|4197|159662,1|39|2|76,0|0|2|77,1|39|0|0,0|.4|.,.|.
5HT2cR-ligated-N	151	152	A	4608	4599	9	4599	0	6	2	1	0	174906	0	227	78	.	414	0	0	0	0	0	15839	0	0	0	.	4185	0	6	2	1	0	159067	0	227	78	.	414|15839|4185|159067,0|0|0|0,0|0|6|227,0|0|2|78,0|.1|.,.|.
5HT2cR-ligated-N	152	153	T	4602	4595	7	1	2	2	4595	2	1	17	53	76	172495	.A	0	0	0	414	0	0	0	0	0	15812	.	1	2	2	4181	2	1	17	53	76	156683	A	0|0|1|17,0|0|2|53,0|0|2|76,414|15812|4181|156683,0|.2|.,.|A
5HT2cR-ligated-N	153	154	A	4595	4573	22	4573	4	6	9	3	1	167844	82	146	139	.C	415	0	0	0	0	0	15887	0	0	0	.	4158	4	6	9	3	1	151957	82	146	139	C	415|15887|4158|151957,0|0|4|82,0|0|6|146,0|0|9|139,0|.3|.,.|C
5HT2cR-ligated-N	154	155	C	4586	4561	25	4	4561	0	14	7	2	127	169555	0	504	.T,T	2	412	0	0	1	0	53	15679	0	0	.	2	4149	0	14	6	2	74	153876	0	504	T,T	2|53|2|74,412|15679|4149|153876,0|0|0|0,0|0|14|504,1|.6|.,.|T,T
5HT2cR-ligated-N	155	156	T	4558	4548	10	1	3	0	4548	6	0	38	114	0	168072	.	0	0	0	413	1	0	0	0	0	15658	.	1	3	0	4135	5	0	38	114	0	152414	.	0|0|1|38,0|0|3|114,0|0|0|0,413|15658|4135|152414,1|.5|.,.|.
5HT2cR-ligated-N	156	157	T	4550	4541	9	2	2	2	4541	3	0	75	76	52	168669	.	0	0	0	413	1	0	0	0	0	15676	.	2	2	2	4128	2	0	75	76	52	152993	.	0|0|2|75,0|0|2|76,0|0|2|52,413|15676|4128|152993,1|.2|.,.|.
5HT2cR-ligated-N	157	158	T	4535	4521	14	2	5	3	4521	4	0	78	189	92	168108	.	0	0	0	413	1	0	0	0	0	15732	.	2	5	3	4108	3	0	78	189	92	152376	.	0|0|2|78,0|0|5|189,0|0|3|92,413|15732|4108|152376,1|.3|.,.|.
5HT2cR-ligated-N	158	159	C	4534	4520	14	0	4520	3	4	7	0	0	168067	115	155	.	0	413	0	0	1	0	0	15592	0	0	.	0	4107	3	4	6	0	0	152475	115	155	.	0|0|0|0,413|15592|4107|152475,0|0|3|115,0|0|4|155,1|.6|.,.|.
5HT2cR-ligated-N	159	160	G	4506	4476	30	5	1	4476	16	8	0	128	38	168155	565	.	0	0	410	0	0	0	0	0	15535	0	.	5	1	4066	16	8	0	128	38	152620	565	.	0|0|5|128,0|0|1|38,410|15535|4066|152620,0|0|16|565,0|.8|.,.|.
5HT2cR-ligated-N	160	161	G	4435	4413	22	7	4	4413	10	1	0	208	154	166279	363	.	0	0	410	0	0	0	0	0	15493	0	.	7	4	4003	10	1	0	208	154	150786	363	.	0|0|7|208,0|0|4|154,410|15493|4003|150786,0|0|10|363,0|.1|.,.|.
5HT2cR-ligated-N	161	162	A	4418	4409	9	4409	0	1	1	7	0	167995	0	37	39	.	405	0	1	0	1	0	15299	0	37	0	.	4004	0	0	1	6	0	152696	0	0	39	.	405|15299|4004|152696,0|0|0|0,1|37|0|0,0|0|1|39,1|.6|.,.|.
5HT2cR-ligated-N	162	163	T	4399	4386	13	0	5	2	4386	6	0	0	188	77	167530	.	0	0	0	404	1	0	0	0	0	15279	.	0	5	2	3982	5	0	0	188	77	152251	.	0|0|0|0,0|0|5|188,0|0|2|77,404|15279|3982|152251,1|.5|.,.|.
5HT2cR-ligated-N	163	164	T	4391	4378	13	2	1	3	4378	7	0	74	38	114	167053	.	0	0	1	404	0	0	0	0	38	15307	.	2	1	2	3974	7	0	74	38	76	151746	.	0|0|2|74,0|0|1|38,1|38|2|76,404|15307|3974|151746,0|.7|.,.|.
5HT2cR-ligated-N	164	165	A	4383	4338	45	4338	39	2	1	3	2	165292	1475	77	29	.T,T	405	0	0	0	0	0	15445	0	0	0	.	3933	39	2	1	3	2	149847	1475	77	29	T,T	405|15445|3933|149847,0|0|39|1475,0|0|2|77,0|0|1|29,0|.3|.,.|T,T
5HT2cR-ligated-N	165	166	T	4360	4355	5	0	0	5	4355	0	0	0	0	107	164768	.	0	0	0	406	0	0	0	0	0	15513	.	0	0	5	3949	0	0	0	0	107	149255	.	0|0|0|0,0|0|0|0,0|0|5|107,406|15513|3949|149255,0|.0|.,.|.
5HT2cR-ligated-N	166	167	G	4351	4336	15	5	1	4336	5	4	0	167	37	164013	185	.	0	0	406	0	0	0	0	0	15483	0	.	5	1	3930	5	4	0	167	37	148530	185	.	0|0|5|167,0|0|1|37,406|15483|3930|148530,0|0|5|185,0|.4|.,.|.
5HT2cR-ligated-N	167	168	T	4342	4336	6	0	3	2	4336	1	0	0	115	78	162741	.	0	0	0	406	0	0	0	0	0	15462	.	0	3	2	3930	1	0	0	115	78	147279	.	0|0|0|0,0|0|3|115,0|0|2|78,406|15462|3930|147279,0|.1|.,.|.
5HT2cR-ligated-N	168	169	A	4328	4314	14	4314	1	3	8	2	0	160108	39	80	199	.	405	1	0	0	0	0	15447	39	0	0	.	3909	0	3	8	2	0	144661	0	80	199	.	405|15447|3909|144661,1|39|0|0,0|0|3|80,0|0|8|199,0|.2|.,.|.
5HT2cR-ligated-N	169	170	C	4321	4315	6	0	4315	0	2	4	1	0	162279	0	76	.G	0	406	0	0	0	0	0	15468	0	0	.	0	3909	0	2	4	1	0	146811	0	76	G	0|0|0|0,406|15468|3909|146811,0|0|0|0,0|0|2|76,0|.4|.,.|G
5HT2cR-ligated-N	170	171	T	4242	4226	16	0	2	1	4226	13	0	0	77	37	160841	.	0	0	0	405	0	0	0	0	0	15443	.	0	2	1	3821	13	0	0	77	37	145398	.	0|0|0|0,0|0|2|77,0|0|1|37,405|15443|3821|145398,0|.13|.,.|.
5HT2cR-ligated-N	171	172	G	4229	4199	30	2	3	4199	7	18	0	76	116	159933	220	.	0	0	405	0	0	0	0	0	15407	0	.	2	3	3794	7	18	0	76	116	144526	220	.	0|0|2|76,0|0|3|116,405|15407|3794|144526,0|0|7|220,0|.18|.,.|.
5HT2cR-ligated-N	172	173	T	4218	4215	3	1	1	0	4215	1	0	38	38	0	159290	.	0	0	0	404	0	0	0	0	0	15369	.	1	1	0	3811	1	0	38	38	0	143921	.	0|0|1|38,0|0|1|38,0|0|0|0,404|15369|3811|143921,0|.1|.,.|.
5HT2cR-ligated-N	173	174	G	4181	4161	20	6	2	4161	7	5	1	210	54	156848	206	.A	0	0	400	0	0	0	0	0	15200	0	.	6	2	3761	7	5	1	210	54	141648	206	A	0|0|6|210,0|0|2|54,400|15200|3761|141648,0|0|7|206,0|.5|.,.|A
5HT2cR-ligated-N	174	175	A	4173	4169	4	4169	0	0	1	3	0	157398	0	0	39	.	400	0	0	0	0	0	15226	0	0	0	.	3769	0	0	1	3	0	142172	0	0	39	.	400|15226|3769|142172,0|0|0|0,0|0|0|0,0|0|1|39,0|.3|.,.|.
5HT2cR-ligated-N	175	176	A	4168	4156	12	4156	2	3	4	3	0	153193	54	68	119	.	400	0	0	0	0	0	15069	0	0	0	.	3756	2	3	4	3	0	138124	54	68	119	.	400|15069|3756|138124,0|0|2|54,0|0|3|68,0|0|4|119,0|.3|.,.|.
5HT2cR-ligated-N	176	177	C	4164	4156	8	3	4156	0	1	4	0	96	156051	0	39	.	1	399	0	0	0	0	39	15142	0	0	.	2	3757	0	1	4	0	57	140909	0	39	.	1|39|2|57,399|15142|3757|140909,0|0|0|0,0|0|1|39,0|.4|.,.|.
5HT2cR-ligated-N	177	178	A	4154	4143	11	4143	0	9	1	1	0	156220	0	284	38	.	399	0	0	0	0	0	15206	0	0	0	.	3744	0	9	1	1	0	141014	0	284	38	.	399|15206|3744|141014,0|0|0|0,0|0|9|284,0|0|1|38,0|.1|.,.|.
5HT2cR-ligated-N	178	179	A	4151	4146	5	4146	0	3	1	1	0	154852	0	65	14	.	399	0	0	0	0	0	15115	0	0	0	.	3747	0	3	1	1	0	139737	0	65	14	.	399|15115|3747|139737,0|0|0|0,0|0|3|65,0|0|1|14,0|.1|.,.|.
5HT2cR-ligated-N	179	180	C	4134	4130	4	0	4130	0	3	1	0	0	155657	0	117	.	0	398	0	0	0	0	0	15146	0	0	.	0	3732	0	3	1	0	0	140511	0	117	.	0|0|0|0,398|15146|3732|140511,0|0|0|0,0|0|3|117,0|.1|.,.|.
5HT2cR-ligated-N	180	181	G	4123	4110	13	1	2	4110	8	2	0	37	75	154666	272	.	0	0	392	1	0	0	0	0	14878	2	.	1	2	3718	7	2	0	37	75	139788	270	.	0|0|1|37,0|0|2|75,392|14878|3718|139788,1|2|7|270,0|.2|.,.|.
5HT2cR-ligated-N	181	182	T	4111	4103	8	3	3	1	4103	1	0	92	93	39	153971	.	0	0	0	392	0	0	0	0	0	14839	.	3	3	1	3711	1	0	92	93	39	139132	.	0|0|3|92,0|0|3|93,0|0|1|39,392|14839|3711|139132,0|.1|.,.|.
5HT2cR-ligated-N	182	183	A	4091	4082	9	4082	2	1	4	2	0	152603	51	16	77	.	390	0	0	1	0	0	14769	0	0	38	.	3692	2	1	3	2	0	137834	51	16	39	.	390|14769|3692|137834,0|0|2|51,0|0|1|16,1|38|3|39,0|.2|.,.|.
5HT2cR-ligated-N	183	184	C	4082	4074	8	2	4074	2	2	2	0	30	150357	52	55	.	0	390	1	0	0	0	0	14695	14	0	.	2	3684	1	2	2	0	30	135662	38	55	.	0|0|2|30,390|14695|3684|135662,1|14|1|38,0|0|2|55,0|.2|.,.|.
5HT2cR-ligated-N	184	185	A	4077	4071	6	4071	1	2	0	3	1	152527	36	75	0	.G	390	0	0	0	0	0	14722	0	0	0	.	3681	1	2	0	3	1	137805	36	75	0	G	390|14722|3681|137805,0|0|1|36,0|0|2|75,0|0|0|0,0|.3|.,.|G
5HT2cR-ligated-N	185	186	G	4065	4043	22	2	0	4043	17	3	0	52	0	149089	614	.	0	0	389	0	0	0	0	0	14605	0	.	2	0	3654	17	3	0	52	0	134484	614	.	0|0|2|52,0|0|0|0,389|14605|3654|134484,0|0|17|614,0|.3|.,.|.
5HT2cR-ligated-N	186	187	A	4048	4039	9	4039	0	7	1	1	0	147950	0	124	37	.	386	0	2	0	0	0	14376	0	52	0	.	3653	0	5	1	1	0	133574	0	72	37	.	386|14376|3653|133574,0|0|0|0,2|52|5|72,0|0|1|37,0|.1|.,.|.
5HT2cR-ligated-N	187	188	C	4040	4035	5	1	4035	0	2	2	2	16	144812	0	52	.A,G	0	387	0	0	0	0	0	14467	0	0	.	1	3648	0	2	2	2	16	130345	0	52	A,G	0|0|1|16,387|14467|3648|130345,0|0|0|0,0|0|2|52,0|.2|.,.|A,G
5HT2cR-ligated-N	188	189	G	4023	4003	20	0	3	4003	14	3	0	0	113	144009	518	.	0	0	381	0	0	0	0	0	14233	0	.	0	3	3622	14	3	0	0	113	129776	518	.	0|0|0|0,0|0|3|113,381|14233|3622|129776,0|0|14|518,0|.3|.,.|.
5HT2cR-ligated-N	189	190	T	4009	4002	7	4	1	2	4002	0	0	118	3	29	142336	.	1	1	0	377	0	0	38	3	0	14064	.	3	0	2	3625	0	0	80	0	29	128272	.	1|38|3|80,1|3|0|0,0|0|2|29,377|14064|3625|128272,0|.0|.,.|.
5HT2cR-ligated-N	190	191	C	4003	3995	8	4	3995	0	3	1	0	85	141766	0	73	.	1	378	0	0	0	0	16	14134	0	0	.	3	3617	0	3	1	0	69	127632	0	73	.	1|16|3|69,378|14134|3617|127632,0|0|0|0,0|0|3|73,0|.1|.,.|.
5HT2cR-ligated-N	191	192	G	3979	3961	18	2	2	3961	8	6	0	76	71	144441	287	.	0	1	368	0	1	0	0	38	13896	0	.	2	1	3593	8	5	0	76	33	130545	287	.	0|0|2|76,1|38|1|33,368|13896|3593|130545,0|0|8|287,1|.5|.,.|.
5HT2cR-ligated-N	192	193	A	3969	3947	22	3947	6	5	8	3	0	142863	92	98	149	.	368	0	0	1	0	0	13903	0	0	14	.	3579	6	5	7	3	0	128960	92	98	135	.	368|13903|3579|128960,0|0|6|92,0|0|5|98,1|14|7|135,0|.3|.,.|.
5HT2cR-ligated-N	193	194	C	3964	3953	11	2	3953	1	4	4	0	32	146429	16	130	.	0	367	0	1	1	0	0	13917	0	16	.	2	3586	1	3	3	0	32	132512	16	114	.	0|0|2|32,367|13917|3586|132512,0|0|1|16,1|16|3|114,1|.3|.,.|.
5HT2cR-ligated-N	194	195	T	3949	3931	18	1	4	5	3931	8	0	39	124	170	146095	.	0	0	0	364	1	0	0	0	0	13810	.	1	4	5	3567	7	0	39	124	170	132285	.	0|0|1|39,0|0|4|124,0|0|5|170,364|13810|3567|132285,1|.7|.,.|.
5HT2cR-ligated-N	195	196	G	3939	3903	36	5	3	3903	8	20	1	194	88	143569	244	.T	1	0	357	0	1	0	38	0	13558	0	.	4	3	3546	8	19	1	156	88	130011	244	T	1|38|4|156,0|0|3|88,357|13558|3546|130011,0|0|8|244,1|.19|.,.|T
5HT2cR-ligated-N	196	197	G	3924	3896	28	3	4	3896	12	9	0	116	109	142805	399	.	0	0	356	0	1	0	0	0	13506	0	.	3	4	3540	12	8	0	116	109	129299	399	.	0|0|3|116,0|0|4|109,356|13506|3540|129299,0|0|12|399,1|.8|.,.|.
5HT2cR-ligated-N	197	198	T	3911	3905	6	2	2	1	3905	1	0	76	55	20	145456	.	0	0	0	353	0	0	0	0	0	13443	.	2	2	1	3552	1	0	76	55	20	132013	.	0|0|2|76,0|0|2|55,0|0|1|20,353|13443|3552|132013,0|.1|.,.|.
5HT2cR-ligated-N	198	199	A	3896	3894	2	3894	0	1	0	1	0	145182	0	20	0	.	352	0	0	0	0	0	13376	0	0	0	.	3542	0	1	0	1	0	131806	0	20	0	.	352|13376|3542|131806,0|0|0|0,0|0|1|20,0|0|0|0,0|.1|.,.|.
5HT2cR-ligated-N	199	200	A	3882	3867	15	3867	5	5	4	1	0	141969	80	122	64	.	351	0	0	0	0	0	13285	0	0	0	.	3516	5	5	4	1	0	128684	80	122	64	.	351|13285|3516|128684,0|0|5|80,0|0|5|122,0|0|4|64,0|.1|.,.|.
5HT2cR-ligated-N	200	201	C	3875	3870	5	0	3870	0	3	2	1	0	142832	0	90	.A	0	349	0	2	0	0	0	13286	0	52	.	0	3521	0	1	2	1	0	129546	0	38	A	0|0|0|0,349|13286|3521|129546,0|0|0|0,2|52|1|38,0|.2|.,.|A
5HT2cR-ligated-N	201	202	A	3861	3851	10	3851	0	5	5	0	5	143144	0	140	169	.T,T,T,T,T	349	0	1	0	0	0	13294	0	15	0	.	3502	0	4	5	0	5	129850	0	125	169	T,T,T,T,T	349|13294|3502|129850,0|0|0|0,1|15|4|125,0|0|5|169,0|.0|.,.|T,T,T,T,T
5HT2cR-ligated-N	202	203	T	3850	3831	19	0	1	6	3831	12	0	0	32	114	136389	.	0	0	0	349	1	0	0	0	0	13062	.	0	1	6	3482	11	0	0	32	114	123327	.	0|0|0|0,0|0|1|32,0|0|6|114,349|13062|3482|123327,1|.11|.,.|.
5HT2cR-ligated-N	203	204	T	3839	3828	11	0	3	5	3828	3	0	0	110	118	136334	.	0	0	0	350	0	0	0	0	0	13163	.	0	3	5	3478	3	0	0	110	118	123171	.	0|0|0|0,0|0|3|110,0|0|5|118,350|13163|3478|123171,0|.3|.,.|.
5HT2cR-ligated-N	204	205	T	3824	3816	8	2	4	2	3816	0	0	45	129	50	136220	.	0	0	0	350	0	0	0	0	0	13122	.	2	4	2	3466	0	0	45	129	50	123098	.	0|0|2|45,0|0|4|129,0|0|2|50,350|13122|3466|123098,0|.0|.,.|.
5HT2cR-ligated-N	205	206	G	3805	3789	16	2	1	3789	11	2	0	70	34	133859	271	.	0	0	350	0	0	0	0	0	13147	0	.	2	1	3439	11	2	0	70	34	120712	271	.	0|0|2|70,0|0|1|34,350|13147|3439|120712,0|0|11|271,0|.2|.,.|.
5HT2cR-ligated-N	206	207	C	3791	3786	5	3	3786	1	1	0	0	87	135186	15	37	.	0	349	1	0	0	0	0	13140	15	0	.	3	3437	0	1	0	0	87	122046	0	37	.	0|0|3|87,349|13140|3437|122046,1|15|0|0,0|0|1|37,0|.0|.,.|.
5HT2cR-ligated-N	207	208	G	3780	3755	25	2	1	3755	21	1	5	72	16	135901	542	TT,T,T,T	0	0	348	1	0	1	0	0	13138	16	T	2	1	3407	20	1	4	72	16	122763	526	T,T,T,T	0|0|2|72,0|0|1|16,348|13138|3407|122763,1|16|20|526,0|.1|.,T|T,T,T,T
5HT2cR-ligated-N	208	209	T	3769	3757	12	2	0	0	3757	10	0	70	0	0	137862	.	0	0	0	349	0	0	0	0	0	13126	.	2	0	0	3408	10	0	70	0	0	124736	.	0|0|2|70,0|0|0|0,0|0|0|0,349|13126|3408|124736,0|.10|.,.|.
5HT2cR-ligated-N	209	210	T	3759	3750	9	3	1	3	3750	2	1	115	39	68	136845	.G	0	0	0	348	0	0	0	0	0	13098	.	3	1	3	3402	2	1	115	39	68	123747	G	0|0|3|115,0|0|1|39,0|0|3|68,348|13098|3402|123747,0|.2|.,.|G
5HT2cR-ligated-N	210	211	T	3743	3738	5	0	0	4	3738	1	0	0	0	118	134572	.	0	0	0	343	0	0	0	0	0	12842	.	0	0	4	3395	1	0	0	0	118	121730	.	0|0|0|0,0|0|0|0,0|0|4|118,343|12842|3395|121730,0|.1|.,.|.
5HT2cR-ligated-N	211	212	G	3433	3409	24	1	5	3409	10	8	0	38	178	121139	302	.	0	0	343	0	0	0	0	0	12736	0	.	1	5	3066	10	8	0	38	178	108403	302	.	0|0|1|38,0|0|5|178,343|12736|3066|108403,0|0|10|302,0|.8|.,.|.
5HT2cR-ligated-N	212	213	A	3412	3412	0	3412	0	0	0	0	0	119762	0	0	0	.	339	0	0	0	0	0	12599	0	0	0	.	3073	0	0	0	0	0	107163	0	0	0	.	339|12599|3073|107163,0|0|0|0,0|0|0|0,0|0|0|0,0|.0|.,.|.
5HT2cR-ligated-N	213	214	T	3390	3387	3	0	1	2	3387	0	0	0	38	76	117834	.	0	0	0	334	0	0	0	0	0	12438	.	0	1	2	3053	0	0	0	38	76	105396	.	0|0|0|0,0|0|1|38,0|0|2|76,334|12438|3053|105396,0|.0|.,.|.
5HT2cR-ligated-N	214	215	C	3370	3366	4	1	3366	2	1	0	0	38	117283	55	38	.	0	334	0	0	0	0	0	12438	0	0	.	1	3032	2	1	0	0	38	104845	55	38	.	0|0|1|38,334|12438|3032|104845,0|0|2|55,0|0|1|38,0|.0|.,.|.
5HT2cR-ligated-N	215	216	G	3330	3327	3	0	0	3327	3	0	0	0	0	115571	47	.	0	0	321	0	0	0	0	0	11948	0	.	0	0	3006	3	0	0	0	0	103623	47	.	0|0|0|0,0|0|0|0,321|11948|3006|103623,0|0|3|47,0|.0|.,.|.
5HT2cR-ligated-N	216	217	G	3278	3277	1	0	0	3277	1	0	0	0	0	112207	2	.	0	0	317	1	0	0	0	0	11639	2	.	0	0	2960	0	0	0	0	0	100568	0	.	0|0|0|0,0|0|0|0,317|11639|2960|100568,1|2|0|0,0|.0|.,.|.
5HT2cR-ligated-N	217	218	G	3196	3196	0	0	0	3196	0	0	0	0	0	109944	0	.	0	0	309	0	0	0	0	0	11080	0	.	0	0	2887	0	0	0	0	0	98864	0	.	0|0|0|0,0|0|0|0,309|11080|2887|98864,0|0|0|0,0|.0|.,.|.
