chrom	start	end	ref	depth	r_depth	a_depth	num_A	num_C	num_G	num_T	num_D	num_I	totQ_A	totQ_C	totQ_G	totQ_T	all_ins	num_F_A	num_F_C	num_F_G	num_F_T	num_F_D	num_F_I	totQ_F_A	totQ_F_C	totQ_F_G	totQ_F_T	all_F_ins	num_R_A	num_R_C	num_R_G	num_R_T	num_R_D	num_R_I	totQ_R_A	totQ_R_C	totQ_R_G	totQ_R_T	all_R_ins	sample_1
5HT2cR-ligated-N	0	1	G	686	686	0	0	0	686	0	0	0	0	0	23421	0	.	0	0	0	0	0	0	0	0	0	0	.	0	0	686	0	0	0	0	0	23421	0	.	0|0|0|0,0|0|0|0,0|0|686|23421,0|0|0|0,0|.0|.,.|.
5HT2cR-ligated-N	1	2	G	686	686	0	0	0	686	0	0	0	0	0	23499	0	.	0	0	0	0	0	0	0	0	0	0	.	0	0	686	0	0	0	0	0	23499	0	.	0|0|0|0,0|0|0|0,0|0|686|23499,0|0|0|0,0|.0|.,.|.
5HT2cR-ligated-N	2	3	C	689	688	1	0	688	0	1	0	0	0	23637	0	12	.	0	0	0	0	0	0	0	0	0	0	.	0	688	0	1	0	0	0	23637	0	12	.	0|0|0|0,0|0|688|23637,0|0|0|0,0|0|1|12,0|.0|.,.|.
5HT2cR-ligated-N	3	4	T	706	581	125	14	0	111	581	0	2	498	0	3847	20088	.G,G	0	0	0	0	0	0	0	0	0	0	.	14	0	111	581	0	2	498	0	3847	20088	G,G	0|0|14|498,0|0|0|0,0|0|111|3847,0|0|581|20088,0|.0|.,.|G,G
5HT2cR-ligated-N	4	5	G	933	904	29	1	1	904	12	15	0	38	38	32870	446	.	0	0	0	0	0	0	0	0	0	0	.	1	1	904	12	15	0	38	38	32870	446	.	0|0|1|38,0|0|1|38,0|0|904|32870,0|0|12|446,0|.15|.,.|.
5HT2cR-ligated-N	5	6	G	949	934	15	8	1	934	6	0	1	302	38	34325	228	.C	0	0	0	0	0	0	0	0	0	0	.	8	1	934	6	0	1	302	38	34325	228	C	0|0|8|302,0|0|1|38,0|0|934|34325,0|0|6|228,0|.0|.,.|C
5HT2cR-ligated-N	6	7	A	981	971	10	971	3	0	0	7	1	35813	68	0	0	.T	0	0	0	0	0	0	0	0	0	0	.	971	3	0	0	7	1	35813	68	0	0	T	0|0|971|35813,0|0|3|68,0|0|0|0,0|0|0|0,0|.7|.,.|T
5HT2cR-ligated-N	7	8	T	988	933	55	25	2	20	933	8	0	867	75	723	34461	.	0	0	0	0	0	0	0	0	0	0	.	25	2	20	933	8	0	867	75	723	34461	.	0|0|25|867,0|0|2|75,0|0|20|723,0|0|933|34461,0|.8|.,.|.
5HT2cR-ligated-N	8	9	C	1010	1005	5	0	1005	0	4	1	4	0	37513	0	130	.G,G,G,G	0	0	0	0	0	0	0	0	0	0	.	0	1005	0	4	1	4	0	37513	0	130	G,G,G,G	0|0|0|0,0|0|1005|37513,0|0|0|0,0|0|4|130,0|.1|.,.|G,G,G,G
5HT2cR-ligated-N	9	10	G	1046	1009	37	3	0	1009	15	19	0	113	0	37741	570	.	0	0	0	0	0	0	0	0	0	0	.	3	0	1009	15	19	0	113	0	37741	570	.	0|0|3|113,0|0|0|0,0|0|1009|37741,0|0|15|570,0|.19|.,.|.
5HT2cR-ligated-N	10	11	G	1054	1024	30	2	0	1024	18	10	0	76	0	38405	641	.	0	0	0	0	0	0	0	0	0	0	.	2	0	1024	18	10	0	76	0	38405	641	.	0|0|2|76,0|0|0|0,0|0|1024|38405,0|0|18|641,0|.10|.,.|.
5HT2cR-ligated-N	11	12	T	1056	1001	55	16	3	12	1001	24	1	568	90	372	36053	.A	0	0	0	0	0	0	0	0	0	0	.	16	3	12	1001	24	1	568	90	372	36053	A	0|0|16|568,0|0|3|90,0|0|12|372,0|0|1001|36053,0|.24|.,.|A
5HT2cR-ligated-N	12	13	A	1058	1030	28	1030	1	2	4	21	0	38442	2	51	113	.	0	0	0	0	0	0	0	0	0	0	.	1030	1	2	4	21	0	38442	2	51	113	.	0|0|1030|38442,0|0|1|2,0|0|2|51,0|0|4|113,0|.21|.,.|.
5HT2cR-ligated-N	13	14	T	1063	1008	55	8	4	29	1008	14	2	293	151	1041	37706	.G,C	0	0	0	0	0	0	0	0	0	0	.	8	4	29	1008	14	2	293	151	1041	37706	G,C	0|0|8|293,0|0|4|151,0|0|29|1041,0|0|1008|37706,0|.14|.,.|G,C
5HT2cR-ligated-N	14	15	G	1093	1068	25	3	0	1068	14	8	0	92	0	40474	457	.	0	0	0	0	0	0	0	0	0	0	.	3	0	1068	14	8	0	92	0	40474	457	.	0|0|3|92,0|0|0|0,0|0|1068|40474,0|0|14|457,0|.8|.,.|.
5HT2cR-ligated-N	15	16	T	1094	1019	75	17	6	7	1019	45	0	548	231	270	38621	.	0	0	0	0	0	0	0	0	0	0	.	17	6	7	1019	45	0	548	231	270	38621	.	0|0|17|548,0|0|6|231,0|0|7|270,0|0|1019|38621,0|.45|.,.|.
5HT2cR-ligated-N	16	17	A	1098	1080	18	1080	1	1	4	12	4	40890	39	39	131	.T,G,T,G	0	0	0	0	0	0	0	0	0	0	.	1080	1	1	4	12	4	40890	39	39	131	T,G,T,G	0|0|1080|40890,0|0|1|39,0|0|1|39,0|0|4|131,0|.12|.,.|T,G,T,G
5HT2cR-ligated-N	17	18	G	1120	1082	38	4	10	1082	12	12	1	154	385	41028	417	.T	0	0	0	0	0	0	0	0	0	0	.	4	10	1082	12	12	1	154	385	41028	417	T	0|0|4|154,0|0|10|385,0|0|1082|41028,0|0|12|417,0|.12|.,.|T
5HT2cR-ligated-N	18	19	C	1121	1114	7	0	1114	0	1	6	1	0	42434	0	37	.A	0	0	0	0	0	0	0	0	0	0	.	0	1114	0	1	6	1	0	42434	0	37	A	0|0|0|0,0|0|1114|42434,0|0|0|0,0|0|1|37,0|.6|.,.|A
5HT2cR-ligated-N	19	20	A	1123	1110	13	1110	3	0	5	5	0	42224	19	0	166	.	0	0	0	0	0	0	0	0	0	0	.	1110	3	0	5	5	0	42224	19	0	166	.	0|0|1110|42224,0|0|3|19,0|0|0|0,0|0|5|166,0|.5|.,.|.
5HT2cR-ligated-N	20	21	N	1123	0	1123	1102	1	2	3	15	0	41297	37	76	117	.	0	0	0	0	0	0	0	0	0	0	.	1102	1	2	3	15	0	41297	37	76	117	.	0|0|1102|41297,0|0|1|37,0|0|2|76,0|0|3|117,0|.15|.,.|.
5HT2cR-ligated-N	21	22	T	1125	1087	38	11	5	13	1087	9	0	385	169	499	41367	.	0	0	0	0	0	0	0	0	0	0	.	11	5	13	1087	9	0	385	169	499	41367	.	0|0|11|385,0|0|5|169,0|0|13|499,0|0|1087|41367,0|.9|.,.|.
5HT2cR-ligated-N	22	23	N	1125	0	1125	1114	1	1	5	4	0	42266	38	37	156	.	0	0	0	0	0	0	0	0	0	0	.	1114	1	1	5	4	0	42266	38	37	156	.	0|0|1114|42266,0|0|1|38,0|0|1|37,0|0|5|156,0|.4|.,.|.
5HT2cR-ligated-N	23	24	C	1129	1118	11	2	1118	0	2	7	1	76	42650	0	76	.G	0	0	0	0	0	0	0	0	0	0	.	2	1118	0	2	7	1	76	42650	0	76	G	0|0|2|76,0|0|1118|42650,0|0|0|0,0|0|2|76,0|.7|.,.|G
5HT2cR-ligated-N	24	25	G	1131	1079	52	6	1	1079	23	22	0	228	2	41047	879	.	0	0	0	0	0	0	0	0	0	0	.	6	1	1079	23	22	0	228	2	41047	879	.	0|0|6|228,0|0|1|2,0|0|1079|41047,0|0|23|879,0|.22|.,.|.
5HT2cR-ligated-N	25	26	T	1131	1049	82	62	0	6	1049	14	1	2216	0	206	39543	.A	0	0	0	0	0	0	0	0	0	0	.	62	0	6	1049	14	1	2216	0	206	39543	A	0|0|62|2216,0|0|0|0,0|0|6|206,0|0|1049|39543,0|.14|.,.|A
5HT2cR-ligated-N	26	27	N	1131	0	1131	1113	3	1	1	13	0	42459	115	14	39	.	0	0	0	0	0	0	0	0	0	0	.	1113	3	1	1	13	0	42459	115	14	39	.	0|0|1113|42459,0|0|3|115,0|0|1|14,0|0|1|39,0|.13|.,.|.
5HT2cR-ligated-N	27	28	N	1131	0	1131	1112	10	1	1	7	0	42301	384	38	38	.	0	0	0	0	0	0	0	0	0	0	.	1112	10	1	1	7	0	42301	384	38	38	.	0|0|1112|42301,0|0|10|384,0|0|1|38,0|0|1|38,0|.7|.,.|.
5HT2cR-ligated-N	28	29	T	1143	1071	72	9	40	13	1071	10	0	346	1477	492	40189	.	0	0	0	0	0	0	0	0	0	0	.	9	40	13	1071	10	0	346	1477	492	40189	.	0|0|9|346,0|0|40|1477,0|0|13|492,0|0|1071|40189,0|.10|.,.|.
5HT2cR-ligated-N	29	30	C	1148	1137	11	0	1137	0	3	8	0	0	43483	0	94	.	0	0	0	0	0	0	0	0	0	0	.	0	1137	0	3	8	0	0	43483	0	94	.	0|0|0|0,0|0|1137|43483,0|0|0|0,0|0|3|94,0|.8|.,.|.
5HT2cR-ligated-N	30	31	C	1150	1142	8	1	1142	0	2	5	1	2	43740	0	77	.TATTG	0	0	0	0	0	0	0	0	0	0	.	1	1142	0	2	5	1	2	43740	0	77	TATTG	0|0|1|2,0|0|1142|43740,0|0|0|0,0|0|2|77,0|.5|.,.|TATTG
5HT2cR-ligated-N	31	32	T	1157	1100	57	9	3	13	1100	32	3	346	113	493	42139	.A,TGAGCTG,ATATAGCATAGC	0	0	0	0	0	0	0	0	0	0	.	9	3	13	1100	32	3	346	113	493	42139	A,TGAGCTG,ATATAGCATAGC	0|0|9|346,0|0|3|113,0|0|13|493,0|0|1100|42139,0|.32|.,.|A,TGAGCTG,ATATAGCATAGC
5HT2cR-ligated-N	32	33	N	1157	0	1157	1113	6	0	7	31	0	42425	229	0	147	.	0	0	0	0	0	0	0	0	0	0	.	1113	6	0	7	31	0	42425	229	0	147	.	0|0|1113|42425,0|0|6|229,0|0|0|0,0|0|7|147,0|.31|.,.|.
5HT2cR-ligated-N	33	34	T	1164	1121	43	8	2	11	1121	22	1	273	56	418	42957	.A	0	0	0	0	0	0	0	0	0	0	.	8	2	11	1121	22	1	273	56	418	42957	A	0|0|8|273,0|0|2|56,0|0|11|418,0|0|1121|42957,0|.22|.,.|A
5HT2cR-ligated-N	34	35	T	1171	1099	72	24	0	38	1099	10	2	906	0	1425	42159	.ATA,GAGCATAGCC	0	0	0	0	0	0	0	0	0	0	.	24	0	38	1099	10	2	906	0	1425	42159	ATA,GAGCATAGCC	0|0|24|906,0|0|0|0,0|0|38|1425,0|0|1099|42159,0|.10|.,.|ATA,GAGCATAGCC
5HT2cR-ligated-N	35	36	G	1205	1168	37	7	4	1168	9	17	0	269	153	44480	268	.	0	0	0	0	0	0	0	0	0	0	.	7	4	1168	9	17	0	269	153	44480	268	.	0|0|7|269,0|0|4|153,0|0|1168|44480,0|0|9|268,0|.17|.,.|.
5HT2cR-ligated-N	36	37	A	1207	1188	19	1188	0	2	7	10	6	45076	0	4	250	.TT,G,GCATAGCC,TT,GCATAG,G	0	0	0	0	0	0	0	0	0	0	.	1188	0	2	7	10	6	45076	0	4	250	TT,G,GCATAGCC,TT,GCATAG,G	0|0|1188|45076,0|0|0|0,0|0|2|4,0|0|7|250,0|.10|.,.|TT,G,GCATAGCC,TT,GCATAG,G
5HT2cR-ligated-N	37	38	G	1212	1174	38	10	6	1174	9	13	3	383	233	44543	325	.CATAGCC,TATAGC,CAGC	0	0	0	0	0	0	0	0	0	0	.	10	6	1174	9	13	3	383	233	44543	325	CATAGCC,TATAGC,CAGC	0|0|10|383,0|0|6|233,0|0|1174|44543,0|0|9|325,0|.13|.,.|CATAGCC,TATAGC,CAGC
5HT2cR-ligated-N	38	39	C	1213	1186	27	1	1186	2	3	21	3	37	45065	41	116	.ATAGCCAT,GCCCT,A	0	0	0	0	0	0	0	0	0	0	.	1	1186	2	3	21	3	37	45065	41	116	ATAGCCAT,GCCCT,A	0|0|1|37,0|0|1186|45065,0|0|2|41,0|0|3|116,0|.21|.,.|ATAGCCAT,GCCCT,A
5HT2cR-ligated-N	39	40	A	1218	1162	56	1162	1	3	7	45	4	44298	2	113	264	.G,T,TAGCC,G	0	0	0	0	0	0	0	0	0	0	.	1162	1	3	7	45	4	44298	2	113	264	G,T,TAGCC,G	0|0|1162|44298,0|0|1|2,0|0|3|113,0|0|7|264,0|.45|.,.|G,T,TAGCC,G
5HT2cR-ligated-N	40	41	T	1221	1106	115	17	9	39	1106	50	4	577	323	1490	42117	.AGCCAG,AGCCGCCG,AGCC,G	0	0	0	0	0	0	0	0	0	0	.	17	9	39	1106	50	4	577	323	1490	42117	AGCCAG,AGCCGCCG,AGCC,G	0|0|17|577,0|0|9|323,0|0|39|1490,0|0|1106|42117,0|.50|.,.|AGCCAG,AGCCGCCG,AGCC,G
5HT2cR-ligated-N	41	42	A	1221	1190	31	1190	1	1	2	27	3	45243	39	39	40	.G,GCC,G	0	0	0	0	0	0	0	0	0	0	.	1190	1	1	2	27	3	45243	39	39	40	G,GCC,G	0|0|1190|45243,0|0|1|39,0|0|1|39,0|0|2|40,0|.27|.,.|G,GCC,G
5HT2cR-ligated-N	42	43	G	1226	1165	61	6	15	1165	1	39	10	194	577	44230	36	.AAACC,CCGCGAATTTGAAA,CC,C,C,A,C,CCAT,CCAATTC,CC	0	0	0	0	0	0	0	0	0	0	.	6	15	1165	1	39	10	194	577	44230	36	AAACC,CCGCGAATTTGAAA,CC,C,C,A,C,CCAT,CCAATTC,CC	0|0|6|194,0|0|15|577,0|0|1165|44230,0|0|1|36,0|.39|.,.|AAACC,CCGCGAATTTGAAA,CC,C,C,A,C,CCAT,CCAATTC,CC
5HT2cR-ligated-N	43	44	C	1236	1163	73	2	1163	2	2	67	10	40	44099	62	76	.GGTATTGAG,CGAG,GACT,CT,T,CTTGAGG,CGAAACCAGCCG,CGCGCATAG,CCCTATTGAG,CGCTG	0	1	0	0	0	0	0	18	0	0	.	2	1162	2	2	67	10	40	44081	62	76	GGTATTGAG,CGAG,GACT,CT,T,CTTGAGG,CGAAACCAGCCG,CGCGCATAG,CCCTATTGAG,CGCTG	0|0|2|40,1|18|1162|44081,0|0|2|62,0|0|2|76,0|.67|.,.|GGTATTGAG,CGAG,GACT,CT,T,CTTGAGG,CGAAACCAGCCG,CGCGCATAG,CCCTATTGAG,CGCTG
5HT2cR-ligated-N	44	45	C	1259	1214	45	7	1214	1	2	35	53	269	46053	37	78	.ATAG,ACTATA,A,AG,G,GCTGGA,ATATA,GAAATATA,ACTATA,GAA,GATGGCCATAGTCCG,G,GT,G,G,GACTCACATA,AAGACTCACTATA,GCCGCTG,A,A,AT,G,GA,GATCACTATA,AAATT,ACGACTCACTATA,GACTCACTATA,AG,A,GA,G,ATCGG,AT,A,G,AGCCAAAAA,AG,TT,GA,G,GACTCACTATA,ACTATA,T,A,A,CAGCA,AT,G,TA,A,G,G,T	0	9	0	0	0	0	0	322	0	0	.	7	1205	1	2	35	53	269	45731	37	78	ATAG,ACTATA,A,AG,G,GCTGGA,ATATA,GAAATATA,ACTATA,GAA,GATGGCCATAGTCCG,G,GT,G,G,GACTCACATA,AAGACTCACTATA,GCCGCTG,A,A,AT,G,GA,GATCACTATA,AAATT,ACGACTCACTATA,GACTCACTATA,AG,A,GA,G,ATCGG,AT,A,G,AGCCAAAAA,AG,TT,GA,G,GACTCACTATA,ACTATA,T,A,A,CAGCA,AT,G,TA,A,G,G,T	0|0|7|269,9|322|1205|45731,0|0|1|37,0|0|2|78,0|.35|.,.|ATAG,ACTATA,A,AG,G,GCTGGA,ATATA,GAAATATA,ACTATA,GAA,GATGGCCATAGTCCG,G,GT,G,G,GACTCACATA,AAGACTCACTATA,GCCGCTG,A,A,AT,G,GA,GATCACTATA,AAATT,ACGACTCACTATA,GACTCACTATA,AG,A,GA,G,ATCGG,AT,A,G,AGCCAAAAA,AG,TT,GA,G,GACTCACTATA,ACTATA,T,A,A,CAGCA,AT,G,TA,A,G,G,T
5HT2cR-ligated-N	45	46	G	2525	2452	73	1	6	2452	10	56	5	33	228	89197	382	.A,A,A,ACTCACTATA,CATA	0	0	160	0	0	0	0	0	5983	0	.	1	6	2292	10	56	5	33	228	83214	382	A,A,A,ACTCACTATA,CATA	0|0|1|33,0|0|6|228,160|5983|2292|83214,0|0|10|382,0|.56|.,.|A,A,A,ACTCACTATA,CATA
5HT2cR-ligated-N	46	47	G	2552	2490	62	1	1	2490	35	25	8	39	37	90961	1272	.T,CA,CA,T,CA,T,GT,T	0	0	169	0	0	0	0	0	6340	0	.	1	1	2321	35	25	8	39	37	84621	1272	T,CA,CA,T,CA,T,GT,T	0|0|1|39,0|0|1|37,169|6340|2321|84621,0|0|35|1272,0|.25|.,.|T,CA,CA,T,CA,T,GT,T
5HT2cR-ligated-N	47	48	T	2565	2472	93	6	5	11	2472	71	2	204	144	357	88765	.CA,AGCC	1	1	0	167	0	0	16	16	0	5757	.	5	4	11	2305	71	2	188	128	357	83008	CA,AGCC	1|16|5|188,1|16|4|128,0|0|11|357,167|5757|2305|83008,0|.71|.,.|CA,AGCC
5HT2cR-ligated-N	48	49	T	2670	2517	153	101	12	15	2517	25	0	3611	426	545	92129	.	0	0	0	173	0	0	0	0	0	6304	.	101	12	15	2344	25	0	3611	426	545	85825	.	0|0|101|3611,0|0|12|426,0|0|15|545,173|6304|2344|85825,0|.25|.,.|.
5HT2cR-ligated-N	49	50	T	2736	2545	191	93	7	79	2545	12	0	3441	267	2950	94861	.	0	0	0	173	0	0	0	0	0	6427	.	93	7	79	2372	12	0	3441	267	2950	88434	.	0|0|93|3441,0|0|7|267,0|0|79|2950,173|6427|2372|88434,0|.12|.,.|.
5HT2cR-ligated-N	50	51	C	2765	2746	19	3	2746	0	4	12	2	55	103485	0	93	.AA,A	0	173	0	0	0	0	0	6455	0	0	.	3	2573	0	4	12	2	55	97030	0	93	AA,A	0|0|3|55,173|6455|2573|97030,0|0|0|0,0|0|4|93,0|.12|.,.|AA,A
5HT2cR-ligated-N	51	52	A	2771	2716	55	2716	5	1	13	36	0	102924	153	32	462	.	163	3	1	8	2	0	6162	112	32	308	.	2553	2	0	5	34	0	96762	41	0	154	.	163|6162|2553|96762,3|112|2|41,1|32|0|0,8|308|5|154,2|.34|.,.|.
5HT2cR-ligated-N	52	53	A	2780	2750	30	2750	3	1	17	9	0	103708	106	39	646	.	171	2	0	4	1	0	6399	75	0	154	.	2579	1	1	13	8	0	97309	31	39	492	.	171|6399|2579|97309,2|75|1|31,0|0|1|39,4|154|13|492,1|.8|.,.|.
5HT2cR-ligated-N	53	54	T	2795	2682	113	35	6	13	2682	59	0	1298	230	490	101281	.	0	0	0	178	2	0	0	0	0	6658	.	35	6	13	2504	57	0	1298	230	490	94623	.	0|0|35|1298,0|0|6|230,0|0|13|490,178|6658|2504|94623,2|.57|.,.|.
5HT2cR-ligated-N	54	55	T	2800	2670	130	66	6	48	2670	10	1	2487	228	1830	101044	.CG	0	0	0	180	0	0	0	0	0	6809	.	66	6	48	2490	10	1	2487	228	1830	94235	CG	0|0|66|2487,0|0|6|228,0|0|48|1830,180|6809|2490|94235,0|.10|.,.|CG
5HT2cR-ligated-N	55	56	C	2803	2763	40	0	2763	0	8	32	2	0	104402	0	192	.G,AAT	0	176	0	1	4	0	0	6569	0	38	.	0	2587	0	7	28	2	0	97833	0	154	G,AAT	0|0|0|0,176|6569|2587|97833,0|0|0|0,1|38|7|154,4|.28|.,.|G,AAT
5HT2cR-ligated-N	56	57	G	2812	2741	71	5	3	2741	20	43	0	190	114	102395	727	.	0	0	176	0	5	0	0	0	6300	0	.	5	3	2565	20	38	0	190	114	96095	727	.	0|0|5|190,0|0|3|114,176|6300|2565|96095,0|0|20|727,5|.38|.,.|.
5HT2cR-ligated-N	57	58	C	2818	2805	13	1	2805	1	2	9	1	2	104720	2	52	.G	0	182	0	0	0	0	0	6469	0	0	.	1	2623	1	2	9	1	2	98251	2	52	G	0|0|1|2,182|6469|2623|98251,0|0|1|2,0|0|2|52,0|.9|.,.|G
5HT2cR-ligated-N	58	59	G	2994	2958	36	0	3	2958	13	20	0	0	85	110198	463	.	0	1	182	0	0	0	0	33	6555	0	.	0	2	2776	13	20	0	0	52	103643	463	.	0|0|0|0,1|33|2|52,182|6555|2776|103643,0|0|13|463,0|.20|.,.|.
5HT2cR-ligated-N	59	60	G	2995	2973	22	1	1	2973	13	7	1	39	38	110671	494	.C	0	0	183	0	0	0	0	0	6495	0	.	1	1	2790	13	7	1	39	38	104176	494	C	0|0|1|39,0|0|1|38,183|6495|2790|104176,0|0|13|494,0|.7|.,.|C
5HT2cR-ligated-N	60	61	A	2997	2954	43	2954	6	6	4	27	0	109547	201	180	147	.	170	3	4	1	5	0	6048	113	128	36	.	2784	3	2	3	22	0	103499	88	52	111	.	170|6048|2784|103499,3|113|3|88,4|128|2|52,1|36|3|111,5|.22|.,.|.
5HT2cR-ligated-N	61	62	C	3001	2933	68	4	2933	1	4	59	1	92	108681	14	153	.G	2	179	0	1	3	0	76	6544	0	38	.	2	2754	1	3	56	1	16	102137	14	115	G	2|76|2|16,179|6544|2754|102137,0|0|1|14,1|38|3|115,3|.56|.,.|G
5HT2cR-ligated-N	62	63	T	3004	2823	181	106	7	29	2823	39	0	4000	240	1098	106009	.	1	0	0	183	1	0	38	0	0	6718	.	105	7	29	2640	38	0	3962	240	1098	99291	.	1|38|105|3962,0|0|7|240,0|0|29|1098,183|6718|2640|99291,1|.38|.,.|.
5HT2cR-ligated-N	63	64	A	3011	2969	42	2969	7	4	2	29	0	112855	239	143	77	.	176	6	1	2	1	0	6664	224	32	77	.	2793	1	3	0	28	0	106191	15	111	0	.	176|6664|2793|106191,6|224|1|15,1|32|3|111,2|77|0|0,1|.28|.,.|.
5HT2cR-ligated-N	64	65	A	3014	2981	33	2981	3	18	5	7	0	112282	90	679	187	.	183	1	1	3	0	0	6815	38	37	115	.	2798	2	17	2	7	0	105467	52	642	72	.	183|6815|2798|105467,1|38|2|52,1|37|17|642,3|115|2|72,0|.7|.,.|.
5HT2cR-ligated-N	65	66	G	3072	2997	75	15	15	2997	18	27	1	436	510	112838	644	.C	1	0	188	1	1	0	39	0	6971	39	.	14	15	2809	17	26	1	397	510	105867	605	C	1|39|14|397,0|0|15|510,188|6971|2809|105867,1|39|17|605,1|.26|.,.|C
5HT2cR-ligated-N	66	67	G	3077	2979	98	17	36	2979	42	3	0	594	1351	112023	1568	.	0	0	192	0	0	0	0	0	6981	0	.	17	36	2787	42	3	0	594	1351	105042	1568	.	0|0|17|594,0|0|36|1351,192|6981|2787|105042,0|0|42|1568,0|.3|.,.|.
5HT2cR-ligated-N	67	68	C	3079	3047	32	2	3047	5	5	20	0	55	114813	190	193	.	1	185	5	1	2	0	16	6718	190	37	.	1	2862	0	4	18	0	39	108095	0	156	.	1|16|1|39,185|6718|2862|108095,5|190|0|0,1|37|4|156,2|.18|.,.|.
5HT2cR-ligated-N	68	69	C	3096	3046	50	0	3046	1	2	47	0	0	115501	38	77	.	0	190	1	1	3	0	0	7081	38	38	.	0	2856	0	1	44	0	0	108420	0	39	.	0|0|0|0,190|7081|2856|108420,1|38|0|0,1|38|1|39,3|.44|.,.|.
5HT2cR-ligated-N	69	70	A	3099	3021	78	3021	11	4	8	55	0	114728	374	149	307	.	178	9	2	2	4	0	6692	335	75	78	.	2843	2	2	6	51	0	108036	39	74	229	.	178|6692|2843|108036,9|335|2|39,2|75|2|74,2|78|6|229,4|.51|.,.|.
5HT2cR-ligated-N	70	71	T	3104	2902	202	57	9	74	2902	62	0	2102	341	2800	110273	.	0	0	1	192	4	0	0	0	38	7180	.	57	9	73	2710	58	0	2102	341	2762	103093	.	0|0|57|2102,0|0|9|341,1|38|73|2762,192|7180|2710|103093,4|.58|.,.|.
5HT2cR-ligated-N	71	72	C	3130	3109	21	3	3109	4	1	13	0	43	118011	151	2	.	0	193	3	0	2	0	0	7152	112	0	.	3	2916	1	1	11	0	43	110859	39	2	.	0|0|3|43,193|7152|2916|110859,3|112|1|39,0|0|1|2,2|.11|.,.|.
5HT2cR-ligated-N	72	73	A	3135	3095	40	3095	12	1	8	19	2	117845	388	13	283	.GT,T	187	10	0	1	1	0	7127	358	0	39	.	2908	2	1	7	18	2	110718	30	13	244	GT,T	187|7127|2908|110718,10|358|2|30,0|0|1|13,1|39|7|244,1|.18|.,.|GT,T
5HT2cR-ligated-N	73	74	T	3139	2926	213	34	3	121	2926	55	4	1299	113	4598	111513	.C,C,C,CC	2	0	0	201	0	0	78	0	0	7652	.	32	3	121	2725	55	4	1221	113	4598	103861	C,C,C,CC	2|78|32|1221,0|0|3|113,0|0|121|4598,201|7652|2725|103861,0|.55|.,.|C,C,C,CC
5HT2cR-ligated-N	74	75	G	3154	3065	89	12	2	3065	12	63	0	458	56	116806	369	.	0	0	205	0	0	0	0	0	7790	0	.	12	2	2860	12	63	0	458	56	109016	369	.	0|0|12|458,0|0|2|56,205|7790|2860|109016,0|0|12|369,0|.63|.,.|.
5HT2cR-ligated-N	75	76	A	3156	3121	35	3121	4	0	3	28	1	118508	133	0	114	.G	194	4	0	2	5	0	7233	133	0	76	.	2927	0	0	1	23	1	111275	0	0	38	G	194|7233|2927|111275,4|133|0|0,0|0|0|0,2|76|1|38,5|.23|.,.|G
5HT2cR-ligated-N	76	77	A	3156	3080	76	3080	1	3	15	57	0	117073	2	115	556	.	195	0	1	8	2	0	7219	0	39	287	.	2885	1	2	7	55	0	109854	2	76	269	.	195|7219|2885|109854,0|0|1|2,1|39|2|76,8|287|7|269,2|.55|.,.|.
5HT2cR-ligated-N	77	78	G	3161	3069	92	11	10	3069	11	60	2	348	384	116644	402	.T,A	0	0	207	0	2	0	0	0	7768	0	.	11	10	2862	11	58	2	348	384	108876	402	T,A	0|0|11|348,0|0|10|384,207|7768|2862|108876,0|0|11|402,2|.58|.,.|T,A
5HT2cR-ligated-N	78	79	A	3161	3112	49	3112	6	0	12	31	3	118094	230	0	406	.T,T,T	202	5	0	1	2	0	7511	192	0	35	.	2910	1	0	11	29	3	110583	38	0	371	T,T,T	202|7511|2910|110583,5|192|1|38,0|0|0|0,1|35|11|371,2|.29|.,.|T,T,T
5HT2cR-ligated-N	79	80	T	3163	2995	168	50	7	36	2995	75	1	1897	268	1307	114247	.A	0	0	0	207	5	0	0	0	0	7812	.	50	7	36	2788	70	1	1897	268	1307	106435	A	0|0|50|1897,0|0|7|268,0|0|36|1307,207|7812|2788|106435,5|.70|.,.|A
5HT2cR-ligated-N	80	81	T	3169	2989	180	49	4	91	2989	36	0	1857	154	3459	114225	.	2	0	0	209	1	0	76	0	0	7910	.	47	4	91	2780	35	0	1781	154	3459	106315	.	2|76|47|1781,0|0|4|154,0|0|91|3459,209|7910|2780|106315,1|.35|.,.|.
5HT2cR-ligated-N	81	82	G	3178	3102	76	7	18	3102	12	39	2	258	688	118004	418	.A,C	0	0	211	0	1	0	0	0	8007	0	.	7	18	2891	12	38	2	258	688	109997	418	A,C	0|0|7|258,0|0|18|688,211|8007|2891|109997,0|0|12|418,1|.38|.,.|A,C
5HT2cR-ligated-N	82	83	C	3181	3122	59	3	3122	2	2	52	0	77	118794	18	54	.	0	209	0	0	5	0	0	7896	0	0	.	3	2913	2	2	47	0	77	110898	18	54	.	0|0|3|77,209|7896|2913|110898,0|0|2|18,0|0|2|54,5|.47|.,.|.
5HT2cR-ligated-N	83	84	T	3175	2926	249	60	0	45	2926	144	2	2228	0	1667	111796	.G,G	0	0	0	210	5	0	0	0	0	7991	.	60	0	45	2716	139	2	2228	0	1667	103805	G,G	0|0|60|2228,0|0|0|0,0|0|45|1667,210|7991|2716|103805,5|.139|.,.|G,G
5HT2cR-ligated-N	84	85	A	3181	3033	148	3033	11	12	3	122	1	115613	385	437	116	.T	209	5	0	3	4	0	7949	174	0	116	.	2824	6	12	0	118	1	107664	211	437	0	T	209|7949|2824|107664,5|174|6|211,0|0|12|437,3|116|0|0,4|.118|.,.|T
5HT2cR-ligated-N	85	86	T	3185	3048	137	28	14	24	3048	71	1	1076	526	922	116312	.A	1	0	0	223	2	0	39	0	0	8506	.	27	14	24	2825	69	1	1037	526	922	107806	A	1|39|27|1037,0|0|14|526,0|0|24|922,223|8506|2825|107806,2|.69|.,.|A
5HT2cR-ligated-N	86	87	T	3185	2966	219	48	2	90	2966	79	2	1801	77	3414	113491	.A,A	0	0	0	224	2	0	0	0	0	8545	.	48	2	90	2742	77	2	1801	77	3414	104946	A,A	0|0|48|1801,0|0|2|77,0|0|90|3414,224|8545|2742|104946,2|.77|.,.|A,A
5HT2cR-ligated-N	87	88	G	3195	3016	179	29	2	3016	55	93	12	1075	74	115042	2043	.T,T,T,T,T,T,T,T,T,T,T,CTAT	0	0	224	0	2	0	0	0	8550	0	.	29	2	2792	55	91	12	1075	74	106492	2043	T,T,T,T,T,T,T,T,T,T,T,CTAT	0|0|29|1075,0|0|2|74,224|8550|2792|106492,0|0|55|2043,2|.91|.,.|T,T,T,T,T,T,T,T,T,T,T,CTAT
5HT2cR-ligated-N	88	89	T	3191	3051	140	16	4	4	3051	116	3	617	154	152	116525	.TA,TACTA,A	0	0	0	221	4	0	0	0	0	8432	.	16	4	4	2830	112	3	617	154	152	108093	TA,TACTA,A	0|0|16|617,0|0|4|154,0|0|4|152,221|8432|2830|108093,4|.112|.,.|TA,TACTA,A
5HT2cR-ligated-N	89	90	T	3194	3082	112	31	2	18	3082	61	2	1186	52	684	117917	.C,G	1	0	0	223	2	0	39	0	0	8509	.	30	2	18	2859	59	2	1147	52	684	109408	C,G	1|39|30|1147,0|0|2|52,0|0|18|684,223|8509|2859|109408,2|.59|.,.|C,G
5HT2cR-ligated-N	90	91	T	3196	3026	170	6	1	114	3026	49	4	232	38	4322	115961	.G,G,G,G	2	0	0	224	0	0	78	0	0	8596	.	4	1	114	2802	49	4	154	38	4322	107365	G,G,G,G	2|78|4|154,0|0|1|38,0|0|114|4322,224|8596|2802|107365,0|.49|.,.|G,G,G,G
5HT2cR-ligated-N	91	92	G	3509	3409	100	7	7	3409	32	54	0	215	268	129122	1237	.	0	0	227	0	0	0	0	0	8336	0	.	7	7	3182	32	54	0	215	268	120786	1237	.	0|0|7|215,0|0|7|268,227|8336|3182|120786,0|0|32|1237,0|.54|.,.|.
5HT2cR-ligated-N	92	93	G	3509	3453	56	10	5	3453	31	10	0	329	192	129647	1151	.	1	0	227	0	0	0	20	0	8099	0	.	9	5	3226	31	10	0	309	192	121548	1151	.	1|20|9|309,0|0|5|192,227|8099|3226|121548,0|0|31|1151,0|.10|.,.|.
5HT2cR-ligated-N	93	94	G	3510	3453	57	11	6	3453	35	5	2	422	229	129448	1292	.T,TTT	0	0	229	0	0	0	0	0	8273	0	.	11	6	3224	35	5	2	422	229	121175	1292	T,TTT	0|0|11|422,0|0|6|229,229|8273|3224|121175,0|0|35|1292,0|.5|.,.|T,TTT
5HT2cR-ligated-N	94	95	C	3512	3486	26	7	3486	7	0	12	1	225	131950	258	0	.	0	224	6	0	0	1	0	8340	228	0	T	7	3262	1	0	12	0	225	123610	30	0	.	0|0|7|225,224|8340|3262|123610,6|228|1|30,0|0|0|0,0|.12|.,T|.
5HT2cR-ligated-N	95	96	A	3508	3453	55	3453	15	3	11	26	0	132084	548	114	401	.	208	13	2	6	1	0	7847	494	76	231	.	3245	2	1	5	25	0	124237	54	38	170	.	208|7847|3245|124237,13|494|2|54,2|76|1|38,6|231|5|170,1|.25|.,.|.
5HT2cR-ligated-N	96	97	A	3507	3460	47	3460	1	1	19	26	5	131845	38	38	721	.T,T,T,T,T	219	1	1	7	2	0	8170	38	38	266	.	3241	0	0	12	24	5	123675	0	0	455	T,T,T,T,T	219|8170|3241|123675,1|38|0|0,1|38|0|0,7|266|12|455,2|.24|.,.|T,T,T,T,T
5HT2cR-ligated-N	97	98	T	3500	3382	118	19	4	9	3382	86	1	707	152	342	129296	.A	1	2	0	225	3	0	39	76	0	8612	.	18	2	9	3157	83	1	668	76	342	120684	A	1|39|18|668,2|76|2|76,0|0|9|342,225|8612|3157|120684,3|.83|.,.|A
5HT2cR-ligated-N	98	99	T	3497	3350	147	73	4	29	3350	41	0	2795	154	1116	128573	.	0	0	0	231	0	0	0	0	0	8878	.	73	4	29	3119	41	0	2795	154	1116	119695	.	0|0|73|2795,0|0|4|154,0|0|29|1116,231|8878|3119|119695,0|.41|.,.|.
5HT2cR-ligated-N	99	100	T	3491	3328	163	59	15	74	3328	15	0	2256	573	2843	127610	.	0	0	0	230	1	0	0	0	0	8838	.	59	15	74	3098	14	0	2256	573	2843	118772	.	0|0|59|2256,0|0|15|573,0|0|74|2843,230|8838|3098|118772,1|.14|.,.|.
5HT2cR-ligated-N	100	101	C	3492	3453	39	7	3453	0	12	20	1	233	132277	0	411	.	1	225	0	0	6	1	37	8615	0	0	CTTT	6	3228	0	12	14	0	196	123662	0	411	.	1|37|6|196,225|8615|3228|123662,0|0|0|0,0|0|12|411,6|.14|.,CTTT|.
5HT2cR-ligated-N	101	102	T	3486	3255	231	71	4	64	3255	92	0	2724	152	2463	125115	.	0	0	0	222	12	0	0	0	0	8552	.	71	4	64	3033	80	0	2724	152	2463	116563	.	0|0|71|2724,0|0|4|152,0|0|64|2463,222|8552|3033|116563,12|.80|.,.|.
5HT2cR-ligated-N	102	103	A	3481	3370	111	3370	20	2	2	87	1	129223	773	74	77	.GG	216	7	0	0	13	0	8271	270	0	0	.	3154	13	2	2	74	1	120952	503	74	77	GG	216|8271|3154|120952,7|270|13|503,0|0|2|74,0|0|2|77,13|.74|.,.|GG
5HT2cR-ligated-N	103	104	T	3482	3335	147	39	1	86	3335	21	0	1494	37	3263	128035	.	0	0	0	235	1	0	0	0	0	9026	.	39	1	86	3100	20	0	1494	37	3263	119009	.	0|0|39|1494,0|0|1|37,0|0|86|3263,235|9026|3100|119009,1|.20|.,.|.
5HT2cR-ligated-N	104	105	A	3496	3446	50	3446	6	7	9	28	5	131927	228	266	303	.G,G,G,G,G	224	5	1	4	3	0	8519	190	39	154	.	3222	1	6	5	25	5	123408	38	227	149	G,G,G,G,G	224|8519|3222|123408,5|190|1|38,1|39|6|227,4|154|5|149,3|.25|.,.|G,G,G,G,G
5HT2cR-ligated-N	105	106	G	3537	3416	121	13	5	3416	19	84	0	500	191	130385	699	.	1	0	238	0	0	0	39	0	9115	0	.	12	5	3178	19	84	0	461	191	121270	699	.	1|39|12|461,0|0|5|191,238|9115|3178|121270,0|0|19|699,0|.84|.,.|.
5HT2cR-ligated-N	106	107	G	3536	3444	92	15	10	3444	32	35	5	578	387	131979	1195	.A,AA,AAAAAAA,A,A	1	0	239	0	0	0	39	0	9168	0	.	14	10	3205	32	35	5	539	387	122811	1195	A,AA,AAAAAAA,A,A	1|39|14|539,0|0|10|387,239|9168|3205|122811,0|0|32|1195,0|.35|.,.|A,AA,AAAAAAA,A,A
5HT2cR-ligated-N	107	108	T	3523	3252	271	229	3	3	3252	36	34	8792	113	103	123626	AAA,AAAAA,A,A,A,A,A,A,A,AA,A,A,A,AAAAAAAAAAAA,A,AA,A,A,A,A,A,A,A,A,A,A,A,A,A,A,AA,A,A	1	0	0	241	0	1	38	0	0	9032	AA	228	3	3	3011	36	33	8754	113	103	114594	A,AAAAA,A,A,A,A,A,A,A,AA,A,A,A,AAAAAAAAAAAA,A,AA,A,A,A,A,A,A,A,A,A,A,A,A,A,A,AA,A,A	1|38|228|8754,0|0|3|113,0|0|3|103,241|9032|3011|114594,0|.36|.,AA|A,AAAAA,A,A,A,A,A,A,A,AA,A,A,A,AAAAAAAAAAAA,A,AA,A,A,A,A,A,A,A,A,A,A,A,A,A,A,AA,A,A
5HT2cR-ligated-N	108	109	A	3541	3510	31	3510	4	2	4	21	0	134368	152	76	152	.	239	4	0	2	2	0	9086	152	0	76	.	3271	0	2	2	19	0	125282	0	76	76	.	239|9086|3271|125282,4|152|0|0,0|0|2|76,2|76|2|76,2|.19|.,.|.
5HT2cR-ligated-N	109	110	A	3536	3485	51	3485	0	1	3	47	1	134010	0	37	115	.	244	0	1	1	1	1	9342	0	37	39	T	3241	0	0	2	46	0	124668	0	0	76	.	244|9342|3241|124668,0|0|0|0,1|37|0|0,1|39|2|76,1|.46|.,T|.
5HT2cR-ligated-N	110	111	A	3538	3460	78	3460	1	4	4	69	2	133035	39	129	154	.T,G	250	0	0	0	0	0	9578	0	0	0	.	3210	1	4	4	69	2	123457	39	129	154	T,G	250|9578|3210|123457,0|0|1|39,0|0|4|129,0|0|4|154,0|.69|.,.|T,G
5HT2cR-ligated-N	111	112	T	3530	3260	270	158	1	2	3260	109	42	6014	38	58	124997	AA,AAAAAAAAAA,A,AAAAA,A,AAAAA,GACCCTATAGA,A,A,A,A,AAAAA,A,A,AAAA,A,A,AA,A,TGACCCTATTGAG,A,AA,A,A,A,AAAA,A,A,AAAA,A,A,AAAAAA,A,A,A,A,A,AAAAAAAA,A,AAAAAA,A	3	0	1	245	2	1	115	0	19	9388	A	155	1	1	3015	107	41	5899	38	39	115609	A,AAAAAAAAAA,A,AAAAA,A,AAAAA,GACCCTATAGA,A,A,A,A,AAAAA,A,A,AAAA,A,A,AA,A,TGACCCTATTGAG,A,AA,A,A,A,AAAA,A,A,AAAA,A,A,AAAAAA,A,A,A,A,A,AAAAAAAA,A,AAAAAA,A	3|115|155|5899,0|0|1|38,1|19|1|39,245|9388|3015|115609,2|.107|.,A|A,AAAAAAAAAA,A,AAAAA,A,AAAAA,GACCCTATAGA,A,A,A,A,AAAAA,A,A,AAAA,A,A,AA,A,TGACCCTATTGAG,A,AA,A,A,A,AAAA,A,A,AAAA,A,A,AAAAAA,A,A,A,A,A,AAAAAAAA,A,AAAAAA,A
5HT2cR-ligated-N	112	113	A	3524	3471	53	3471	7	1	5	40	1	133265	262	39	193	.GCC	227	7	0	1	16	0	8761	262	0	39	.	3244	0	1	4	24	1	124504	0	39	154	GCC	227|8761|3244|124504,7|262|0|0,0|0|1|39,1|39|4|154,16|.24|.,.|GCC
5HT2cR-ligated-N	113	114	A	3522	3494	28	3494	1	0	9	18	6	133932	39	0	350	.AAT,T,T,AAT,T,T	234	1	0	6	11	0	8998	39	0	234	.	3260	0	0	3	7	6	124934	0	0	116	AAT,T,T,AAT,T,T	234|8998|3260|124934,1|39|0|0,0|0|0|0,6|234|3|116,11|.7|.,.|AAT,T,T,AAT,T,T
5HT2cR-ligated-N	114	115	A	3523	3509	14	3509	1	5	4	4	1	133791	37	193	154	.T	250	1	1	3	2	0	9599	37	39	115	.	3259	0	4	1	2	1	124192	0	154	39	T	250|9599|3259|124192,1|37|0|0,1|39|4|154,3|115|1|39,2|.2|.,.|T
5HT2cR-ligated-N	115	116	A	3519	3502	17	3502	3	0	11	3	1	132062	115	0	406	.TT	257	1	0	2	0	0	9805	38	0	77	.	3245	2	0	9	3	1	122257	77	0	329	TT	257|9805|3245|122257,1|38|2|77,0|0|0|0,2|77|9|329,0|.3|.,.|TT
5HT2cR-ligated-N	116	117	C	3519	3418	101	14	3418	0	78	9	51	497	129434	0	2946	T,T,TTTTT,TTTTT,T,T,T,T,T,T,T,T,T,T,T,T,T,T,T,TTT,T,T,T,T,T,T,T,T,T,T,T,T,T,T,T,T,T,T,T,T,T,T,T,T,T,T,TTT,T,T,T	4	256	0	2	0	4	156	9744	0	76	T,T,TTTTT,TTTT	10	3162	0	76	9	47	341	119690	0	2870	T,T,T,T,T,T,T,T,T,T,T,T,T,T,T,T,TTT,T,T,T,T,T,T,T,T,T,T,T,T,T,T,T,T,T,T,T,T,T,T,T,T,T,T,TTT,T,T,T	4|156|10|341,256|9744|3162|119690,0|0|0|0,2|76|76|2870,0|.9|.,T,T,TTTTT,TTTT|T,T,T,T,T,T,T,T,T,T,T,T,T,T,T,T,TTT,T,T,T,T,T,T,T,T,T,T,T,T,T,T,T,T,T,T,T,T,T,T,T,T,T,T,TTT,T,T,T
5HT2cR-ligated-N	117	118	T	3516	2965	551	7	14	0	2965	530	0	261	534	0	113180	.	1	0	0	259	3	0	36	0	0	9951	.	6	14	0	2706	527	0	225	534	0	103229	.	1|36|6|225,0|0|14|534,0|0|0|0,259|9951|2706|103229,3|.527|.,.|.
5HT2cR-ligated-N	118	119	T	3511	3199	312	3	22	1	3199	286	1	113	837	39	122182	.C	0	0	0	262	2	0	0	0	0	10065	.	3	22	1	2937	284	1	113	837	39	112117	C	0|0|3|113,0|0|22|837,0|0|1|39,262|10065|2937|112117,2|.284|.,.|C
5HT2cR-ligated-N	119	120	T	3505	3455	50	8	5	2	3455	35	0	305	192	75	131804	.	0	0	0	265	0	0	0	0	0	10212	.	8	5	2	3190	35	0	305	192	75	121592	.	0|0|8|305,0|0|5|192,0|0|2|75,265|10212|3190|121592,0|.35|.,.|.
5HT2cR-ligated-N	120	121	T	3495	3414	81	51	2	23	3414	5	0	1956	76	873	130615	.	0	0	0	265	0	0	0	0	0	10182	.	51	2	23	3149	5	0	1956	76	873	120433	.	0|0|51|1956,0|0|2|76,0|0|23|873,265|10182|3149|120433,0|.5|.,.|.
5HT2cR-ligated-N	121	122	T	3495	3314	181	24	3	139	3314	15	11	922	112	5292	126832	GG,G,G,G,G,G,G,G,G,G	0	0	2	264	0	1	0	0	76	10149	G	24	3	137	3050	15	10	922	112	5216	116683	G,G,G,G,G,G,G,G,G,G	0|0|24|922,0|0|3|112,2|76|137|5216,264|10149|3050|116683,0|.15|.,G|G,G,G,G,G,G,G,G,G,G
5HT2cR-ligated-N	122	123	G	3547	3462	85	11	13	3462	26	35	0	421	494	131312	980	.	0	0	266	0	0	0	0	0	10073	0	.	11	13	3196	26	35	0	421	494	121239	980	.	0|0|11|421,0|0|13|494,266|10073|3196|121239,0|0|26|980,0|.35|.,.|.
5HT2cR-ligated-N	123	124	G	3545	3458	87	14	44	3458	26	3	0	492	1676	130863	962	.	0	1	265	0	0	0	0	37	9986	0	.	14	43	3193	26	3	0	492	1639	120877	962	.	0|0|14|492,1|37|43|1639,265|9986|3193|120877,0|0|26|962,0|.3|.,.|.
5HT2cR-ligated-N	124	125	C	3547	3531	16	1	3531	4	3	8	1	39	133786	152	115	.	1	261	4	1	1	1	39	9888	152	37	A	0	3270	0	2	7	0	0	123898	0	78	.	1|39|0|0,261|9888|3270|123898,4|152|0|0,1|37|2|78,1|.7|.,A|.
5HT2cR-ligated-N	125	126	C	3542	3533	9	1	3533	2	1	5	1	39	134882	75	39	.	1	266	2	0	1	1	39	10174	75	0	A	0	3267	0	1	4	0	0	124708	0	39	.	1|39|0|0,266|10174|3267|124708,2|75|0|0,0|0|1|39,1|.4|.,A|.
5HT2cR-ligated-N	126	127	A	3519	3483	36	3483	12	2	6	16	0	133512	461	57	221	.	245	12	0	3	2	0	9364	461	0	107	.	3238	0	2	3	14	0	124148	0	57	114	.	245|9364|3238|124148,12|461|0|0,0|0|2|57,3|107|3|114,2|.14|.,.|.
5HT2cR-ligated-N	127	128	T	3516	3342	174	83	6	61	3342	24	1	3189	230	2316	128201	.	0	0	2	261	1	1	0	0	78	10025	A	83	6	59	3081	23	0	3189	230	2238	118176	.	0|0|83|3189,0|0|6|230,2|78|59|2238,261|10025|3081|118176,1|.23|.,A|.
5HT2cR-ligated-N	128	129	A	3507	3481	26	3481	3	1	5	17	1	133780	116	39	190	.T	252	3	0	4	6	0	9665	116	0	155	.	3229	0	1	1	11	1	124115	0	39	35	T	252|9665|3229|124115,3|116|0|0,0|0|1|39,4|155|1|35,6|.11|.,.|T
5HT2cR-ligated-N	129	130	A	3499	3412	87	3412	2	3	15	67	2	130887	72	114	581	GTCCGCT	257	2	1	6	1	1	9829	72	38	231	GTCCGC	3155	0	2	9	66	1	121058	0	76	350	T	257|9829|3155|121058,2|72|0|0,1|38|2|76,6|231|9|350,1|.66|.,GTCCGC|T
5HT2cR-ligated-N	130	131	G	3502	3391	111	18	2	3391	18	73	1	691	78	129769	690	.A	0	0	272	0	0	0	0	0	10377	0	.	18	2	3119	18	73	1	691	78	119392	690	A	0|0|18|691,0|0|2|78,272|10377|3119|119392,0|0|18|690,0|.73|.,.|A
5HT2cR-ligated-N	131	132	A	3496	3459	37	3459	6	5	12	14	0	132748	227	191	456	.	259	6	1	4	3	0	9878	227	37	154	.	3200	0	4	8	11	0	122870	0	154	302	.	259|9878|3200|122870,6|227|0|0,1|37|4|154,4|154|8|302,3|.11|.,.|.
5HT2cR-ligated-N	132	133	A	3496	3472	24	3472	2	2	9	11	1	133046	74	78	345	.C	273	2	0	2	0	0	10439	74	0	78	.	3199	0	2	7	11	1	122607	0	78	267	C	273|10439|3199|122607,2|74|0|0,0|0|2|78,2|78|7|267,0|.11|.,.|C
5HT2cR-ligated-N	133	134	T	3495	3348	147	54	3	32	3348	58	0	2073	114	1236	127355	.	0	0	0	280	0	0	0	0	0	10738	.	54	3	32	3068	58	0	2073	114	1236	116617	.	0|0|54|2073,0|0|3|114,0|0|32|1236,280|10738|3068|116617,0|.58|.,.|.
5HT2cR-ligated-N	134	135	T	3490	3295	195	44	2	137	3295	12	1	1684	76	5263	125989	.G	0	0	0	281	1	0	0	0	0	10799	.	44	2	137	3014	11	1	1684	76	5263	115190	G	0|0|44|1684,0|0|2|76,0|0|137|5263,281|10799|3014|115190,1|.11|.,.|G
5HT2cR-ligated-N	135	136	G	3491	3421	70	12	12	3421	24	22	2	455	456	129322	877	AC	0	0	281	0	2	1	0	0	10725	0	A	12	12	3140	24	20	1	455	456	118597	877	C	0|0|12|455,0|0|12|456,281|10725|3140|118597,0|0|24|877,2|.20|.,A|C
5HT2cR-ligated-N	136	137	C	3479	3449	30	4	3449	1	10	15	1	153	130324	38	346	.G	3	275	0	0	5	0	115	10452	0	0	.	1	3174	1	10	10	1	38	119872	38	346	G	3|115|1|38,275|10452|3174|119872,0|0|1|38,0|0|10|346,5|.10|.,.|G
5HT2cR-ligated-N	137	138	A	3473	3429	44	3429	5	7	12	20	1	129673	191	261	456	.	263	4	3	3	9	1	9999	153	113	113	G	3166	1	4	9	11	0	119674	38	148	343	.	263|9999|3166|119674,4|153|1|38,3|113|4|148,3|113|9|343,9|.11|.,G|.
5HT2cR-ligated-N	138	139	G	3469	3409	60	5	2	3409	16	37	1	191	76	128562	603	.	1	1	272	0	8	1	39	38	10352	0	AAAC	4	1	3137	16	29	0	152	38	118210	603	.	1|39|4|152,1|38|1|38,272|10352|3137|118210,0|0|16|603,8|.29|.,AAAC|.
5HT2cR-ligated-N	139	140	C	3466	3427	39	1	3427	2	4	32	5	38	128950	76	153	.A,A,G,A,T	1	271	2	1	8	0	38	10254	76	37	.	0	3156	0	3	24	5	0	118696	0	116	A,A,G,A,T	1|38|0|0,271|10254|3156|118696,2|76|0|0,1|37|3|116,8|.24|.,.|A,A,G,A,T
5HT2cR-ligated-N	140	141	G	3471	3393	78	30	1	3393	4	43	0	1139	38	128961	154	.	0	1	282	0	0	0	0	38	10655	0	.	30	0	3111	4	43	0	1139	0	118306	154	.	0|0|30|1139,1|38|0|0,282|10655|3111|118306,0|0|4|154,0|.43|.,.|.
5HT2cR-ligated-N	141	142	G	3468	3378	90	12	10	3378	37	31	0	454	378	127799	1411	.	0	0	281	0	1	0	0	0	10614	0	.	12	10	3097	37	30	0	454	378	117185	1411	.	0|0|12|454,0|0|10|378,281|10614|3097|117185,0|0|37|1411,1|.30|.,.|.
5HT2cR-ligated-N	142	143	C	3466	3399	67	8	3399	1	4	54	0	277	127903	39	153	.	1	278	1	0	3	0	38	10466	39	0	.	7	3121	0	4	51	0	239	117437	0	153	.	1|38|7|239,278|10466|3121|117437,1|39|0|0,0|0|4|153,3|.51|.,.|.
5HT2cR-ligated-N	143	144	T	3462	3269	193	58	3	44	3269	88	0	2228	117	1662	124515	.	0	0	0	271	11	0	0	0	0	10260	.	58	3	44	2998	77	0	2228	117	1662	114255	.	0|0|58|2228,0|0|3|117,0|0|44|1662,271|10260|2998|114255,11|.77|.,.|.
5HT2cR-ligated-N	144	145	A	3456	3386	70	3386	4	2	3	61	1	129279	151	76	116	.T	266	3	0	3	10	0	10091	113	0	116	.	3120	1	2	0	51	1	119188	38	76	0	T	266|10091|3120|119188,3|113|1|38,0|0|2|76,3|116|0|0,10|.51|.,.|T
5HT2cR-ligated-N	145	146	T	3450	3247	203	39	6	120	3247	38	1	1474	222	4513	123658	.G	2	0	0	279	1	0	76	0	0	10738	.	37	6	120	2968	37	1	1398	222	4513	112920	G	2|76|37|1398,0|0|6|222,0|0|120|4513,279|10738|2968|112920,1|.37|.,.|G
5HT2cR-ligated-N	146	147	G	3446	3357	89	9	24	3357	22	34	0	341	913	127241	805	.	0	0	282	0	0	0	0	0	10795	0	.	9	24	3075	22	34	0	341	913	116446	805	.	0|0|9|341,0|0|24|913,282|10795|3075|116446,0|0|22|805,0|.34|.,.|.
5HT2cR-ligated-N	147	148	C	3443	3367	76	3	3367	0	5	68	0	115	127215	0	192	.	2	276	0	0	4	0	76	10535	0	0	.	1	3091	0	5	64	0	39	116680	0	192	.	2|76|1|39,276|10535|3091|116680,0|0|0|0,0|0|5|192,4|.64|.,.|.
5HT2cR-ligated-N	148	149	T	3437	3226	211	80	13	41	3226	77	2	2977	494	1565	121219	.G,ATG	0	0	0	280	2	0	0	0	0	10710	.	80	13	41	2946	75	2	2977	494	1565	110509	G,ATG	0|0|80|2977,0|0|13|494,0|0|41|1565,280|10710|2946|110509,2|.75|.,.|G,ATG
5HT2cR-ligated-N	149	150	C	3438	3423	15	9	3423	1	1	4	6	301	128408	39	38	GA,A,A,A,A	2	279	1	0	0	1	56	10677	39	0	G	7	3144	0	1	4	5	245	117731	0	38	A,A,A,A,A	2|56|7|245,279|10677|3144|117731,1|39|0|0,0|0|1|38,0|.4|.,G|A,A,A,A,A
5HT2cR-ligated-N	150	151	A	3417	3363	54	3363	11	1	9	33	1	127947	425	39	341	.T	258	10	0	4	2	0	9907	387	0	152	.	3105	1	1	5	31	1	118040	38	39	189	T	258|9907|3105|118040,10|387|1|38,0|0|1|39,4|152|5|189,2|.31|.,.|T
5HT2cR-ligated-N	151	152	A	3411	3354	57	3354	7	5	11	34	1	127123	264	162	419	.T	259	6	0	5	6	0	9874	227	0	189	.	3095	1	5	6	28	1	117249	37	162	230	T	259|9874|3095|117249,6|227|1|37,0|0|5|162,5|189|6|230,6|.28|.,.|T
5HT2cR-ligated-N	152	153	T	3405	3238	167	38	8	70	3238	51	0	1432	307	2646	121180	.	1	0	0	271	7	0	39	0	0	10328	.	37	8	70	2967	44	0	1393	307	2646	110852	.	1|39|37|1393,0|0|8|307,0|0|70|2646,271|10328|2967|110852,7|.44|.,.|.
5HT2cR-ligated-N	153	154	A	3390	3344	46	3344	3	5	15	23	0	122359	92	122	400	.	265	1	1	4	8	0	10105	39	38	155	.	3079	2	4	11	15	0	112254	53	84	245	.	265|10105|3079|112254,1|39|2|53,1|38|4|84,4|155|11|245,8|.15|.,.|.
5HT2cR-ligated-N	154	155	C	3380	3340	40	1	3340	1	11	27	4	39	123734	14	416	TA,T,T	1	273	0	1	1	1	39	10316	0	39	T	0	3067	1	10	26	3	0	113418	14	377	A,T,T	1|39|0|0,273|10316|3067|113418,0|0|1|14,1|39|10|377,1|.26|.,T|A,T,T
5HT2cR-ligated-N	155	156	T	3355	3193	162	15	8	7	3193	132	0	545	300	151	117183	.	1	0	1	271	2	0	38	0	2	10245	.	14	8	6	2922	130	0	507	300	149	106938	.	1|38|14|507,0|0|8|300,1|2|6|149,271|10245|2922|106938,2|.130|.,.|.
5HT2cR-ligated-N	156	157	T	3349	3219	130	51	7	27	3219	45	0	1921	256	990	119129	.	0	1	0	274	0	0	0	37	0	10372	.	51	6	27	2945	45	0	1921	219	990	108757	.	0|0|51|1921,1|37|6|219,0|0|27|990,274|10372|2945|108757,0|.45|.,.|.
5HT2cR-ligated-N	157	158	T	3341	3183	158	65	12	71	3183	10	0	2360	421	2613	117542	.	0	1	0	274	0	0	0	37	0	10408	.	65	11	71	2909	10	0	2360	384	2613	107134	.	0|0|65|2360,1|37|11|384,0|0|71|2613,274|10408|2909|107134,0|.10|.,.|.
5HT2cR-ligated-N	158	159	C	3336	3324	12	2	3324	1	2	7	2	55	122820	39	76	.AATATTT,AATATTT	1	271	0	2	1	0	39	10204	0	76	.	1	3053	1	0	6	2	16	112616	39	0	AATATTT,AATATTT	1|39|1|16,271|10204|3053|112616,0|0|1|39,2|76|0|0,1|.6|.,.|AATATTT,AATATTT
5HT2cR-ligated-N	159	160	G	3332	3254	78	7	4	3254	15	52	0	233	152	121795	553	.	1	0	270	0	0	0	2	0	10161	0	.	6	4	2984	15	52	0	231	152	111634	553	.	1|2|6|231,0|0|4|152,270|10161|2984|111634,0|0|15|553,0|.52|.,.|.
5HT2cR-ligated-N	160	161	G	3278	3242	36	5	2	3242	18	11	0	191	72	121555	647	.	0	0	270	0	0	0	0	0	10135	0	.	5	2	2972	18	11	0	191	72	111420	647	.	0|0|5|191,0|0|2|72,270|10135|2972|111420,0|0|18|647,0|.11|.,.|.
5HT2cR-ligated-N	161	162	A	3263	3085	178	3085	8	4	13	153	0	116994	306	151	493	.	247	7	4	8	2	0	9306	269	151	302	.	2838	1	0	5	151	0	107688	37	0	191	.	247|9306|2838|107688,7|269|1|37,4|151|0|0,8|302|5|191,2|.151|.,.|.
5HT2cR-ligated-N	162	163	T	3252	2985	267	70	3	25	2985	169	0	2608	108	944	113385	.	2	0	0	266	0	0	70	0	0	10040	.	68	3	25	2719	169	0	2538	108	944	103345	.	2|70|68|2538,0|0|3|108,0|0|25|944,266|10040|2719|103345,0|.169|.,.|.
5HT2cR-ligated-N	163	164	T	3233	3032	201	21	2	36	3032	142	0	796	76	1321	115343	.	0	1	0	265	2	0	0	39	0	10023	.	21	1	36	2767	140	0	796	37	1321	105320	.	0|0|21|796,1|39|1|37,0|0|36|1321,265|10023|2767|105320,2|.140|.,.|.
5HT2cR-ligated-N	164	165	A	3221	3140	81	3140	27	5	10	39	11	119453	1013	170	325	.T,T,T,T,T,T,T,T,T,T,T	245	9	0	8	6	0	9367	337	0	270	.	2895	18	5	2	33	11	110086	676	170	55	T,T,T,T,T,T,T,T,T,T,T	245|9367|2895|110086,9|337|18|676,0|0|5|170,8|270|2|55,6|.33|.,.|T,T,T,T,T,T,T,T,T,T,T
5HT2cR-ligated-N	165	166	T	3205	3005	200	29	5	118	3005	48	1	1099	184	4480	113288	.CG	0	1	0	265	2	0	0	37	0	10102	.	29	4	118	2740	46	1	1099	147	4480	103186	CG	0|0|29|1099,1|37|4|147,0|0|118|4480,265|10102|2740|103186,2|.46|.,.|CG
5HT2cR-ligated-N	166	167	G	3198	3099	99	14	10	3099	12	63	0	537	382	116689	452	.	0	0	267	0	2	0	0	0	10114	0	.	14	10	2832	12	61	0	537	382	106575	452	.	0|0|14|537,0|0|10|382,267|10114|2832|106575,0|0|12|452,2|.61|.,.|.
5HT2cR-ligated-N	167	168	T	3190	3041	149	52	7	43	3041	47	1	1966	259	1563	114270	.AC	0	0	0	267	1	0	0	0	0	10107	.	52	7	43	2774	46	1	1966	259	1563	104163	AC	0|0|52|1966,0|0|7|259,0|0|43|1563,267|10107|2774|104163,1|.46|.,.|AC
5HT2cR-ligated-N	168	169	A	3182	3152	30	3152	7	5	7	11	1	116731	246	119	248	.TT	260	1	2	2	3	0	9829	39	78	77	.	2892	6	3	5	8	1	106902	207	41	171	TT	260|9829|2892|106902,1|39|6|207,2|78|3|41,2|77|5|171,3|.8|.,.|TT
5HT2cR-ligated-N	169	170	C	3171	3135	36	8	3135	4	3	21	0	305	118168	153	95	.	6	253	4	1	3	0	229	9567	153	18	.	2	2882	0	2	18	0	76	108601	0	77	.	6|229|2|76,253|9567|2882|108601,4|153|0|0,1|18|2|77,3|.18|.,.|.
5HT2cR-ligated-N	170	171	T	3097	2869	228	39	8	81	2869	100	1	1476	302	2993	108555	.TTCG	0	0	0	263	3	0	0	0	0	10000	.	39	8	81	2606	97	1	1476	302	2993	98555	TTCG	0|0|39|1476,0|0|8|302,0|0|81|2993,263|10000|2606|98555,3|.97|.,.|TTCG
5HT2cR-ligated-N	171	172	G	3084	2927	157	2	6	2927	23	126	0	77	230	111113	842	.	0	0	265	0	1	0	0	0	10066	0	.	2	6	2662	23	125	0	77	230	101047	842	.	0|0|2|77,0|0|6|230,265|10066|2662|101047,0|0|23|842,1|.125|.,.|.
5HT2cR-ligated-N	172	173	T	3069	2901	168	30	9	30	2901	99	0	1157	328	1089	109448	.	1	1	0	263	0	0	38	37	0	9950	.	29	8	30	2638	99	0	1119	291	1089	99498	.	1|38|29|1119,1|37|8|291,0|0|30|1089,263|9950|2638|99498,0|.99|.,.|.
5HT2cR-ligated-N	173	174	G	3043	2993	50	14	5	2993	18	13	0	542	189	112665	676	.	0	0	264	0	0	0	0	0	9971	0	.	14	5	2729	18	13	0	542	189	102694	676	.	0|0|14|542,0|0|5|189,264|9971|2729|102694,0|0|18|676,0|.13|.,.|.
5HT2cR-ligated-N	174	175	A	3027	3000	27	3000	7	1	10	9	0	112856	265	38	382	.	248	5	1	9	1	0	9316	191	38	345	.	2752	2	0	1	8	0	103540	74	0	37	.	248|9316|2752|103540,5|191|2|74,1|38|0|0,9|345|1|37,1|.8|.,.|.
5HT2cR-ligated-N	175	176	A	3023	2996	27	2996	1	6	11	9	0	110298	39	133	413	.	256	1	1	4	2	0	9669	39	37	147	.	2740	0	5	7	7	0	100629	0	96	266	.	256|9669|2740|100629,1|39|0|0,1|37|5|96,4|147|7|266,2|.7|.,.|.
5HT2cR-ligated-N	176	177	C	3018	3003	15	4	3003	0	3	8	2	117	112459	0	115	AT	3	260	0	0	1	1	80	9847	0	0	A	1	2743	0	3	7	1	37	102612	0	115	T	3|80|1|37,260|9847|2743|102612,0|0|0|0,0|0|3|115,1|.7|.,A|T
5HT2cR-ligated-N	177	178	A	3006	2969	37	2969	7	14	10	6	1	111982	265	489	364	.AC	246	7	3	4	4	0	9312	265	114	154	.	2723	0	11	6	2	1	102670	0	375	210	AC	246|9312|2723|102670,7|265|0|0,3|114|11|375,4|154|6|210,4|.2|.,.|AC
5HT2cR-ligated-N	178	179	A	2997	2977	20	2977	0	4	11	5	1	110993	0	126	410	.GAGCATAGC	257	0	1	3	3	0	9654	0	38	116	.	2720	0	3	8	2	1	101339	0	88	294	GAGCATAGC	257|9654|2720|101339,0|0|0|0,1|38|3|88,3|116|8|294,3|.2|.,.|GAGCATAGC
5HT2cR-ligated-N	179	180	C	2987	2969	18	8	2969	0	3	7	0	309	111686	0	113	.	7	254	0	0	3	0	270	9592	0	0	.	1	2715	0	3	4	0	39	102094	0	113	.	7|270|1|39,254|9592|2715|102094,0|0|0|0,0|0|3|113,3|.4|.,.|.
5HT2cR-ligated-N	180	181	G	2971	2899	72	6	5	2899	36	25	0	230	171	109005	1320	.	0	0	261	0	2	0	0	0	9840	0	.	6	5	2638	36	23	0	230	171	99165	1320	.	0|0|6|230,0|0|5|171,261|9840|2638|99165,0|0|36|1320,2|.23|.,.|.
5HT2cR-ligated-N	181	182	T	2959	2801	158	71	5	40	2801	42	0	2694	179	1523	104857	.	1	0	0	260	2	0	39	0	0	9757	.	70	5	40	2541	40	0	2655	179	1523	95100	.	1|39|70|2655,0|0|5|179,0|0|40|1523,260|9757|2541|95100,2|.40|.,.|.
5HT2cR-ligated-N	182	183	A	2933	2890	43	2890	4	5	4	30	1	108237	95	134	129	.C	253	3	1	3	4	0	9519	79	39	113	.	2637	1	4	1	26	1	98718	16	95	16	C	253|9519|2637|98718,3|79|1|16,1|39|4|95,3|113|1|16,4|.26|.,.|C
5HT2cR-ligated-N	183	184	C	2926	2899	27	2	2899	1	0	24	0	76	107211	38	0	.	1	259	0	0	4	0	38	9750	0	0	.	1	2640	1	0	20	0	38	97461	38	0	.	1|38|1|38,259|9750|2640|97461,0|0|1|38,0|0|0|0,4|.20|.,.|.
5HT2cR-ligated-N	184	185	A	2913	2865	48	2865	9	5	11	23	2	107561	337	166	415	.T,T	245	9	1	2	5	0	9240	337	38	76	.	2620	0	4	9	18	2	98321	0	128	339	T,T	245|9240|2620|98321,9|337|0|0,1|38|4|128,2|76|9|339,5|.18|.,.|T,T
5HT2cR-ligated-N	185	186	G	2907	2849	58	0	5	2849	29	24	1	0	184	104947	1067	.T	0	0	256	0	6	0	0	0	9614	0	.	0	5	2593	29	18	1	0	184	95333	1067	T	0|0|0|0,0|0|5|184,256|9614|2593|95333,0|0|29|1067,6|.18|.,.|T
5HT2cR-ligated-N	186	187	A	2894	2853	41	2853	3	4	19	15	0	104161	79	128	666	.	240	3	2	7	10	0	8887	79	76	265	.	2613	0	2	12	5	0	95274	0	52	401	.	240|8887|2613|95274,3|79|0|0,2|76|2|52,7|265|12|401,10|.5|.,.|.
5HT2cR-ligated-N	187	188	C	2885	2863	22	7	2863	1	0	14	2	221	104263	39	0	.T,A	4	254	1	0	3	0	151	9458	39	0	.	3	2609	0	0	11	2	70	94805	0	0	T,A	4|151|3|70,254|9458|2609|94805,1|39|0|0,0|0|0|0,3|.11|.,.|T,A
5HT2cR-ligated-N	188	189	G	2882	2821	61	6	1	2821	45	9	1	201	38	102485	1613	.T	2	0	258	0	1	0	76	0	9594	0	.	4	1	2563	45	8	1	125	38	92891	1613	T	2|76|4|125,0|0|1|38,258|9594|2563|92891,0|0|45|1613,1|.8|.,.|T
5HT2cR-ligated-N	189	190	T	2865	2667	198	107	6	68	2667	17	1	3875	203	2392	95948	.A	3	1	0	256	1	0	114	37	0	9515	.	104	5	68	2411	16	1	3761	166	2392	86433	A	3|114|104|3761,1|37|5|166,0|0|68|2392,256|9515|2411|86433,1|.16|.,.|A
5HT2cR-ligated-N	190	191	C	2861	2844	17	5	2844	0	4	8	0	125	101353	0	106	.	0	260	0	1	0	0	0	9686	0	37	.	5	2584	0	3	8	0	125	91667	0	69	.	0|0|5|125,260|9686|2584|91667,0|0|0|0,1|37|3|69,0|.8|.,.|.
5HT2cR-ligated-N	191	192	G	2844	2814	30	4	3	2814	10	13	1	153	83	103355	333	.A	1	0	255	1	0	0	37	0	9576	39	.	3	3	2559	9	13	1	116	83	93779	294	A	1|37|3|116,0|0|3|83,255|9576|2559|93779,1|39|9|294,0|.13|.,.|A
5HT2cR-ligated-N	192	193	A	2831	2784	47	2784	4	5	18	20	0	101264	150	75	648	.	243	3	0	7	3	0	9116	113	0	261	.	2541	1	5	11	17	0	92148	37	75	387	.	243|9116|2541|92148,3|113|1|37,0|0|5|75,7|261|11|387,3|.17|.,.|.
5HT2cR-ligated-N	193	194	C	2813	2779	34	6	2779	0	6	22	3	233	102712	0	186	.G,G,GG	5	248	0	1	2	0	195	9295	0	38	.	1	2531	0	5	20	3	38	93417	0	148	G,G,GG	5|195|1|38,248|9295|2531|93417,0|0|0|0,1|38|5|148,2|.20|.,.|G,G,GG
5HT2cR-ligated-N	194	195	T	2794	2598	196	35	7	122	2598	32	0	1330	259	4477	96093	.	1	0	0	253	1	0	37	0	0	9504	.	34	7	122	2345	31	0	1293	259	4477	86589	.	1|37|34|1293,0|0|7|259,0|0|122|4477,253|9504|2345|86589,1|.31|.,.|.
5HT2cR-ligated-N	195	196	G	2783	2683	100	5	8	2683	26	61	0	192	278	99019	859	.	1	0	250	0	1	0	37	0	9441	0	.	4	8	2433	26	60	0	155	278	89578	859	.	1|37|4|155,0|0|8|278,250|9441|2433|89578,0|0|26|859,1|.60|.,.|.
5HT2cR-ligated-N	196	197	G	2775	2704	71	6	1	2704	41	23	0	230	38	99005	1410	.	1	0	251	0	0	0	39	0	9495	0	.	5	1	2453	41	23	0	191	38	89510	1410	.	1|39|5|191,0|0|1|38,251|9495|2453|89510,0|0|41|1410,0|.23|.,.|.
5HT2cR-ligated-N	197	198	T	2762	2591	171	80	7	41	2591	43	0	3008	262	1450	96367	.	1	0	1	249	1	0	38	0	17	9433	.	79	7	40	2342	42	0	2970	262	1433	86934	.	1|38|79|2970,0|0|7|262,1|17|40|1433,249|9433|2342|86934,1|.42|.,.|.
5HT2cR-ligated-N	198	199	A	2751	2723	28	2723	8	1	10	9	1	101384	292	33	381	.G	233	5	0	8	5	0	8803	182	0	303	.	2490	3	1	2	4	1	92581	110	33	78	G	233|8803|2490|92581,5|182|3|110,0|0|1|33,8|303|2|78,5|.4|.,.|G
5HT2cR-ligated-N	199	200	A	2740	2711	29	2711	6	4	11	8	0	99557	167	109	357	.	239	5	0	4	3	0	9016	151	0	152	.	2472	1	4	7	5	0	90541	16	109	205	.	239|9016|2472|90541,5|151|1|16,0|0|4|109,4|152|7|205,3|.5|.,.|.
5HT2cR-ligated-N	200	201	C	2732	2717	15	4	2717	0	2	9	0	130	100835	0	52	.	3	244	0	0	4	0	114	9231	0	0	.	1	2473	0	2	5	0	16	91604	0	52	.	3|114|1|16,244|9231|2473|91604,0|0|0|0,0|0|2|52,4|.5|.,.|.
5HT2cR-ligated-N	201	202	A	2723	2694	29	2694	8	0	10	11	0	100265	271	0	382	.	231	8	0	5	3	0	8764	271	0	192	.	2463	0	0	5	8	0	91501	0	0	190	.	231|8764|2463|91501,8|271|0|0,0|0|0|0,5|192|5|190,3|.8|.,.|.
5HT2cR-ligated-N	202	203	T	2711	2594	117	9	6	4	2594	98	1	313	221	138	93236	.AAC	0	0	0	245	2	0	0	0	0	9136	.	9	6	4	2349	96	1	313	221	138	84100	AAC	0|0|9|313,0|0|6|221,0|0|4|138,245|9136|2349|84100,2|.96|.,.|AAC
5HT2cR-ligated-N	203	204	T	2697	2613	84	27	4	25	2613	28	0	963	149	861	93690	.	0	0	0	247	0	0	0	0	0	9267	.	27	4	25	2366	28	0	963	149	861	84423	.	0|0|27|963,0|0|4|149,0|0|25|861,247|9267|2366|84423,0|.28|.,.|.
5HT2cR-ligated-N	204	205	T	2673	2541	132	31	5	91	2541	5	0	1116	180	3185	91225	.	0	0	0	247	0	0	0	0	0	9248	.	31	5	91	2294	5	0	1116	180	3185	81977	.	0|0|31|1116,0|0|5|180,0|0|91|3185,247|9248|2294|81977,0|.5|.,.|.
5HT2cR-ligated-N	205	206	G	2647	2608	39	5	3	2608	17	14	0	166	98	93025	516	.	0	0	247	0	0	0	0	0	9219	0	.	5	3	2361	17	14	0	166	98	83806	516	.	0|0|5|166,0|0|3|98,247|9219|2361|83806,0|0|17|516,0|.14|.,.|.
5HT2cR-ligated-N	206	207	C	2638	2617	21	4	2617	0	10	7	0	152	94028	0	350	.	0	244	0	1	1	0	0	9148	0	3	.	4	2373	0	9	6	0	152	84880	0	347	.	0|0|4|152,244|9148|2373|84880,0|0|0|0,1|3|9|347,1|.6|.,.|.
5HT2cR-ligated-N	207	208	G	2623	2540	83	13	1	2540	63	6	5	499	17	92275	2228	TTT,T,C,T	0	0	245	0	0	1	0	0	9146	0	TT	13	1	2295	63	6	4	499	17	83129	2228	T,T,C,T	0|0|13|499,0|0|1|17,245|9146|2295|83129,0|0|63|2228,0|.6|.,TT|T,T,C,T
5HT2cR-ligated-N	208	209	T	2599	2509	90	13	4	5	2509	68	0	470	126	166	92430	.	0	0	0	242	1	0	0	0	0	9057	.	13	4	5	2267	67	0	470	126	166	83373	.	0|0|13|470,0|0|4|126,0|0|5|166,242|9057|2267|83373,1|.67|.,.|.
5HT2cR-ligated-N	209	210	T	2583	2492	91	37	6	17	2492	31	0	1350	221	609	91827	.	1	0	0	241	0	0	37	0	0	9050	.	36	6	17	2251	31	0	1313	221	609	82777	.	1|37|36|1313,0|0|6|221,0|0|17|609,241|9050|2251|82777,0|.31|.,.|.
5HT2cR-ligated-N	210	211	T	2555	2447	108	23	4	69	2447	12	2	855	131	2421	88176	.G,A	0	0	1	238	0	0	0	0	39	8889	.	23	4	68	2209	12	2	855	131	2382	79287	G,A	0|0|23|855,0|0|4|131,1|39|68|2382,238|8889|2209|79287,0|.12|.,.|G,A
5HT2cR-ligated-N	211	212	G	2433	2403	30	3	5	2403	15	7	0	113	167	85132	468	.	0	0	238	1	0	0	0	0	8778	39	.	3	5	2165	14	7	0	113	167	76354	429	.	0|0|3|113,0|0|5|167,238|8778|2165|76354,1|39|14|429,0|.7|.,.|.
5HT2cR-ligated-N	212	213	A	2402	2383	19	2383	4	1	14	0	0	83716	150	15	508	.	223	4	0	8	0	0	8280	150	0	305	.	2160	0	1	6	0	0	75436	0	15	203	.	223|8280|2160|75436,4|150|0|0,0|0|1|15,8|305|6|203,0|.0|.,.|.
5HT2cR-ligated-N	213	214	T	2392	2270	122	48	6	67	2270	1	0	1607	210	2289	79579	.	0	0	0	235	0	0	0	0	0	8737	.	48	6	67	2035	1	0	1607	210	2289	70842	.	0|0|48|1607,0|0|6|210,0|0|67|2289,235|8737|2035|70842,0|.1|.,.|.
5HT2cR-ligated-N	214	215	C	2374	2365	9	2	2365	1	6	0	0	70	83021	37	202	.	1	230	0	3	0	0	38	8536	0	114	.	1	2135	1	3	0	0	32	74485	37	88	.	1|38|1|32,230|8536|2135|74485,0|0|1|37,3|114|3|88,0|.0|.,.|.
5HT2cR-ligated-N	215	216	G	2319	2316	3	0	0	2316	3	0	0	0	0	80512	50	.	0	0	222	0	0	0	0	0	8224	0	.	0	0	2094	3	0	0	0	0	72288	50	.	0|0|0|0,0|0|0|0,222|8224|2094|72288,0|0|3|50,0|.0|.,.|.
5HT2cR-ligated-N	216	217	G	2253	2253	0	0	0	2253	0	0	0	0	0	78165	0	.	0	0	220	0	0	0	0	0	8061	0	.	0	0	2033	0	0	0	0	0	70104	0	.	0|0|0|0,0|0|0|0,220|8061|2033|70104,0|0|0|0,0|.0|.,.|.
5HT2cR-ligated-N	217	218	G	2163	2163	0	0	0	2163	0	0	0	0	0	74904	0	.	0	0	218	0	0	0	0	0	7807	0	.	0	0	1945	0	0	0	0	0	67097	0	.	0|0|0|0,0|0|0|0,218|7807|1945|67097,0|0|0|0,0|.0|.,.|.
