chrom	start	end	ref	depth	r_depth	a_depth	num_A	num_C	num_G	num_T	num_D	num_I	totQ_A	totQ_C	totQ_G	totQ_T	all_ins	num_F_A	num_F_C	num_F_G	num_F_T	num_F_D	num_F_I	totQ_F_A	totQ_F_C	totQ_F_G	totQ_F_T	all_F_ins	num_R_A	num_R_C	num_R_G	num_R_T	num_R_D	num_R_I	totQ_R_A	totQ_R_C	totQ_R_G	totQ_R_T	all_R_ins	sample_1
5HT2cR-ligated-N	4	5	G	200	200	0	0	0	200	0	0	0	0	0	7753	0	.	0	0	0	0	0	0	0	0	0	0	.	0	0	200	0	0	0	0	0	7753	0	.	0|0|0|0,0|0|0|0,0|0|200|7753,0|0|0|0,0|.0|.,.|.
5HT2cR-ligated-N	5	6	G	200	200	0	0	0	200	0	0	0	0	0	7774	0	.	0	0	0	0	0	0	0	0	0	0	.	0	0	200	0	0	0	0	0	7774	0	.	0|0|0|0,0|0|0|0,0|0|200|7774,0|0|0|0,0|.0|.,.|.
5HT2cR-ligated-N	6	7	A	200	200	0	200	0	0	0	0	0	7766	0	0	0	.	0	0	0	0	0	0	0	0	0	0	.	200	0	0	0	0	0	7766	0	0	0	.	0|0|200|7766,0|0|0|0,0|0|0|0,0|0|0|0,0|.0|.,.|.
5HT2cR-ligated-N	7	8	T	200	200	0	0	0	0	200	0	0	0	0	0	7761	.	0	0	0	0	0	0	0	0	0	0	.	0	0	0	200	0	0	0	0	0	7761	.	0|0|0|0,0|0|0|0,0|0|0|0,0|0|200|7761,0|.0|.,.|.
5HT2cR-ligated-N	8	9	C	200	200	0	0	200	0	0	0	0	0	7705	0	0	.	0	0	0	0	0	0	0	0	0	0	.	0	200	0	0	0	0	0	7705	0	0	.	0|0|0|0,0|0|200|7705,0|0|0|0,0|0|0|0,0|.0|.,.|.
5HT2cR-ligated-N	9	10	G	200	200	0	0	0	200	0	0	0	0	0	7778	0	.	0	0	0	0	0	0	0	0	0	0	.	0	0	200	0	0	0	0	0	7778	0	.	0|0|0|0,0|0|0|0,0|0|200|7778,0|0|0|0,0|.0|.,.|.
5HT2cR-ligated-N	10	11	G	200	199	1	0	0	199	1	0	0	0	0	7746	39	.	0	0	0	0	0	0	0	0	0	0	.	0	0	199	1	0	0	0	0	7746	39	.	0|0|0|0,0|0|0|0,0|0|199|7746,0|0|1|39,0|.0|.,.|.
5HT2cR-ligated-N	11	12	T	200	200	0	0	0	0	200	0	0	0	0	0	7792	.	0	0	0	0	0	0	0	0	0	0	.	0	0	0	200	0	0	0	0	0	7792	.	0|0|0|0,0|0|0|0,0|0|0|0,0|0|200|7792,0|.0|.,.|.
5HT2cR-ligated-N	12	13	A	200	200	0	200	0	0	0	0	0	7796	0	0	0	.	0	0	0	0	0	0	0	0	0	0	.	200	0	0	0	0	0	7796	0	0	0	.	0|0|200|7796,0|0|0|0,0|0|0|0,0|0|0|0,0|.0|.,.|.
5HT2cR-ligated-N	13	14	T	200	200	0	0	0	0	200	0	0	0	0	0	7788	.	0	0	0	0	0	0	0	0	0	0	.	0	0	0	200	0	0	0	0	0	7788	.	0|0|0|0,0|0|0|0,0|0|0|0,0|0|200|7788,0|.0|.,.|.
5HT2cR-ligated-N	14	15	G	200	200	0	0	0	200	0	0	0	0	0	7793	0	.	0	0	0	0	0	0	0	0	0	0	.	0	0	200	0	0	0	0	0	7793	0	.	0|0|0|0,0|0|0|0,0|0|200|7793,0|0|0|0,0|.0|.,.|.
5HT2cR-ligated-N	15	16	T	200	200	0	0	0	0	200	0	0	0	0	0	7774	.	0	0	0	0	0	0	0	0	0	0	.	0	0	0	200	0	0	0	0	0	7774	.	0|0|0|0,0|0|0|0,0|0|0|0,0|0|200|7774,0|.0|.,.|.
5HT2cR-ligated-N	16	17	A	200	200	0	200	0	0	0	0	0	7795	0	0	0	.	0	0	0	0	0	0	0	0	0	0	.	200	0	0	0	0	0	7795	0	0	0	.	0|0|200|7795,0|0|0|0,0|0|0|0,0|0|0|0,0|.0|.,.|.
5HT2cR-ligated-N	17	18	G	200	200	0	0	0	200	0	0	0	0	0	7764	0	.	0	0	0	0	0	0	0	0	0	0	.	0	0	200	0	0	0	0	0	7764	0	.	0|0|0|0,0|0|0|0,0|0|200|7764,0|0|0|0,0|.0|.,.|.
5HT2cR-ligated-N	18	19	C	200	200	0	0	200	0	0	0	0	0	7768	0	0	.	0	0	0	0	0	0	0	0	0	0	.	0	200	0	0	0	0	0	7768	0	0	.	0|0|0|0,0|0|200|7768,0|0|0|0,0|0|0|0,0|.0|.,.|.
5HT2cR-ligated-N	19	20	A	200	200	0	200	0	0	0	0	0	7766	0	0	0	.	0	0	0	0	0	0	0	0	0	0	.	200	0	0	0	0	0	7766	0	0	0	.	0|0|200|7766,0|0|0|0,0|0|0|0,0|0|0|0,0|.0|.,.|.
5HT2cR-ligated-N	20	21	N	200	0	200	200	0	0	0	0	0	7722	0	0	0	.	0	0	0	0	0	0	0	0	0	0	.	200	0	0	0	0	0	7722	0	0	0	.	0|0|200|7722,0|0|0|0,0|0|0|0,0|0|0|0,0|.0|.,.|.
5HT2cR-ligated-N	21	22	T	200	200	0	0	0	0	200	0	0	0	0	0	7745	.	0	0	0	0	0	0	0	0	0	0	.	0	0	0	200	0	0	0	0	0	7745	.	0|0|0|0,0|0|0|0,0|0|0|0,0|0|200|7745,0|.0|.,.|.
5HT2cR-ligated-N	22	23	N	200	0	200	200	0	0	0	0	0	7763	0	0	0	.	0	0	0	0	0	0	0	0	0	0	.	200	0	0	0	0	0	7763	0	0	0	.	0|0|200|7763,0|0|0|0,0|0|0|0,0|0|0|0,0|.0|.,.|.
5HT2cR-ligated-N	23	24	C	200	200	0	0	200	0	0	0	0	0	7623	0	0	.	0	0	0	0	0	0	0	0	0	0	.	0	200	0	0	0	0	0	7623	0	0	.	0|0|0|0,0|0|200|7623,0|0|0|0,0|0|0|0,0|.0|.,.|.
5HT2cR-ligated-N	24	25	G	200	200	0	0	0	200	0	0	0	0	0	7765	0	.	0	0	0	0	0	0	0	0	0	0	.	0	0	200	0	0	0	0	0	7765	0	.	0|0|0|0,0|0|0|0,0|0|200|7765,0|0|0|0,0|.0|.,.|.
5HT2cR-ligated-N	25	26	T	200	200	0	0	0	0	200	0	0	0	0	0	7779	.	0	0	0	0	0	0	0	0	0	0	.	0	0	0	200	0	0	0	0	0	7779	.	0|0|0|0,0|0|0|0,0|0|0|0,0|0|200|7779,0|.0|.,.|.
5HT2cR-ligated-N	26	27	N	200	0	200	200	0	0	0	0	0	7780	0	0	0	.	0	0	0	0	0	0	0	0	0	0	.	200	0	0	0	0	0	7780	0	0	0	.	0|0|200|7780,0|0|0|0,0|0|0|0,0|0|0|0,0|.0|.,.|.
5HT2cR-ligated-N	27	28	N	200	0	200	200	0	0	0	0	0	7751	0	0	0	.	0	0	0	0	0	0	0	0	0	0	.	200	0	0	0	0	0	7751	0	0	0	.	0|0|200|7751,0|0|0|0,0|0|0|0,0|0|0|0,0|.0|.,.|.
5HT2cR-ligated-N	28	29	T	200	200	0	0	0	0	200	0	0	0	0	0	7707	.	0	0	0	0	0	0	0	0	0	0	.	0	0	0	200	0	0	0	0	0	7707	.	0|0|0|0,0|0|0|0,0|0|0|0,0|0|200|7707,0|.0|.,.|.
5HT2cR-ligated-N	29	30	C	200	200	0	0	200	0	0	0	0	0	7765	0	0	.	0	0	0	0	0	0	0	0	0	0	.	0	200	0	0	0	0	0	7765	0	0	.	0|0|0|0,0|0|200|7765,0|0|0|0,0|0|0|0,0|.0|.,.|.
5HT2cR-ligated-N	30	31	C	200	200	0	0	200	0	0	0	0	0	7748	0	0	.	0	0	0	0	0	0	0	0	0	0	.	0	200	0	0	0	0	0	7748	0	0	.	0|0|0|0,0|0|200|7748,0|0|0|0,0|0|0|0,0|.0|.,.|.
5HT2cR-ligated-N	31	32	T	200	200	0	0	0	0	200	0	0	0	0	0	7736	.	0	0	0	0	0	0	0	0	0	0	.	0	0	0	200	0	0	0	0	0	7736	.	0|0|0|0,0|0|0|0,0|0|0|0,0|0|200|7736,0|.0|.,.|.
5HT2cR-ligated-N	32	33	N	200	0	200	200	0	0	0	0	0	7761	0	0	0	.	0	0	0	0	0	0	0	0	0	0	.	200	0	0	0	0	0	7761	0	0	0	.	0|0|200|7761,0|0|0|0,0|0|0|0,0|0|0|0,0|.0|.,.|.
5HT2cR-ligated-N	33	34	T	200	200	0	0	0	0	200	0	0	0	0	0	7747	.	0	0	0	0	0	0	0	0	0	0	.	0	0	0	200	0	0	0	0	0	7747	.	0|0|0|0,0|0|0|0,0|0|0|0,0|0|200|7747,0|.0|.,.|.
5HT2cR-ligated-N	34	35	T	200	200	0	0	0	0	200	0	0	0	0	0	7770	.	0	0	0	0	0	0	0	0	0	0	.	0	0	0	200	0	0	0	0	0	7770	.	0|0|0|0,0|0|0|0,0|0|0|0,0|0|200|7770,0|.0|.,.|.
5HT2cR-ligated-N	35	36	G	200	200	0	0	0	200	0	0	0	0	0	7786	0	.	0	0	0	0	0	0	0	0	0	0	.	0	0	200	0	0	0	0	0	7786	0	.	0|0|0|0,0|0|0|0,0|0|200|7786,0|0|0|0,0|.0|.,.|.
5HT2cR-ligated-N	36	37	A	200	200	0	200	0	0	0	0	0	7779	0	0	0	.	0	0	0	0	0	0	0	0	0	0	.	200	0	0	0	0	0	7779	0	0	0	.	0|0|200|7779,0|0|0|0,0|0|0|0,0|0|0|0,0|.0|.,.|.
5HT2cR-ligated-N	37	38	G	200	200	0	0	0	200	0	0	0	0	0	7759	0	.	0	0	0	0	0	0	0	0	0	0	.	0	0	200	0	0	0	0	0	7759	0	.	0|0|0|0,0|0|0|0,0|0|200|7759,0|0|0|0,0|.0|.,.|.
5HT2cR-ligated-N	38	39	C	200	200	0	0	200	0	0	0	0	0	7779	0	0	.	0	0	0	0	0	0	0	0	0	0	.	0	200	0	0	0	0	0	7779	0	0	.	0|0|0|0,0|0|200|7779,0|0|0|0,0|0|0|0,0|.0|.,.|.
5HT2cR-ligated-N	39	40	A	200	200	0	200	0	0	0	0	0	7784	0	0	0	.	0	0	0	0	0	0	0	0	0	0	.	200	0	0	0	0	0	7784	0	0	0	.	0|0|200|7784,0|0|0|0,0|0|0|0,0|0|0|0,0|.0|.,.|.
5HT2cR-ligated-N	40	41	T	200	200	0	0	0	0	200	0	0	0	0	0	7561	.	0	0	0	0	0	0	0	0	0	0	.	0	0	0	200	0	0	0	0	0	7561	.	0|0|0|0,0|0|0|0,0|0|0|0,0|0|200|7561,0|.0|.,.|.
5HT2cR-ligated-N	41	42	A	200	200	0	200	0	0	0	0	0	7573	0	0	0	.	0	0	0	0	0	0	0	0	0	0	.	200	0	0	0	0	0	7573	0	0	0	.	0|0|200|7573,0|0|0|0,0|0|0|0,0|0|0|0,0|.0|.,.|.
5HT2cR-ligated-N	42	43	G	200	200	0	0	0	200	0	0	0	0	0	7584	0	.	0	0	0	0	0	0	0	0	0	0	.	0	0	200	0	0	0	0	0	7584	0	.	0|0|0|0,0|0|0|0,0|0|200|7584,0|0|0|0,0|.0|.,.|.
5HT2cR-ligated-N	43	44	C	200	200	0	0	200	0	0	0	0	0	7579	0	0	.	0	0	0	0	0	0	0	0	0	0	.	0	200	0	0	0	0	0	7579	0	0	.	0|0|0|0,0|0|200|7579,0|0|0|0,0|0|0|0,0|.0|.,.|.
5HT2cR-ligated-N	44	45	C	200	200	0	0	200	0	0	0	0	0	7577	0	0	.	0	0	0	0	0	0	0	0	0	0	.	0	200	0	0	0	0	0	7577	0	0	.	0|0|0|0,0|0|200|7577,0|0|0|0,0|0|0|0,0|.0|.,.|.
5HT2cR-ligated-N	45	46	G	1764	1764	0	0	0	1764	0	0	0	0	0	63733	0	.	0	0	193	0	0	0	0	0	7428	0	.	0	0	1571	0	0	0	0	0	56305	0	.	0|0|0|0,0|0|0|0,193|7428|1571|56305,0|0|0|0,0|.0|.,.|.
5HT2cR-ligated-N	46	47	G	1764	1764	0	0	0	1764	0	0	0	0	0	63716	0	.	0	0	193	0	0	0	0	0	7425	0	.	0	0	1571	0	0	0	0	0	56291	0	.	0|0|0|0,0|0|0|0,193|7425|1571|56291,0|0|0|0,0|.0|.,.|.
5HT2cR-ligated-N	47	48	T	1764	1764	0	0	0	0	1764	0	0	0	0	0	62743	.	0	0	0	193	0	0	0	0	0	7281	.	0	0	0	1571	0	0	0	0	0	55462	.	0|0|0|0,0|0|0|0,0|0|0|0,193|7281|1571|55462,0|.0|.,.|.
5HT2cR-ligated-N	48	49	T	1764	937	827	826	0	1	937	0	0	26558	0	33	36226	.	0	0	0	193	0	0	0	0	0	7389	.	826	0	1	744	0	0	26558	0	33	28837	.	0|0|826|26558,0|0|0|0,0|0|1|33,193|7389|744|28837,0|.0|.,.|.
5HT2cR-ligated-N	49	50	T	1768	1768	0	0	0	0	1768	0	0	0	0	0	67331	.	0	0	0	193	0	0	0	0	0	7415	.	0	0	0	1575	0	0	0	0	0	59916	.	0|0|0|0,0|0|0|0,0|0|0|0,193|7415|1575|59916,0|.0|.,.|.
5HT2cR-ligated-N	50	51	C	1768	1767	1	1	1767	0	0	0	0	16	67183	0	0	.	0	193	0	0	0	0	0	7430	0	0	.	1	1574	0	0	0	0	16	59753	0	0	.	0|0|1|16,193|7430|1574|59753,0|0|0|0,0|0|0|0,0|.0|.,.|.
5HT2cR-ligated-N	51	52	A	1768	1574	194	1574	193	1	0	0	0	59915	7454	38	0	.	0	193	0	0	0	0	0	7454	0	0	.	1574	0	1	0	0	0	59915	0	38	0	.	0|0|1574|59915,193|7454|0|0,0|0|1|38,0|0|0|0,0|.0|.,.|.
5HT2cR-ligated-N	52	53	A	1768	1768	0	1768	0	0	0	0	0	66594	0	0	0	.	193	0	0	0	0	0	7430	0	0	0	.	1575	0	0	0	0	0	59164	0	0	0	.	193|7430|1575|59164,0|0|0|0,0|0|0|0,0|0|0|0,0|.0|.,.|.
5HT2cR-ligated-N	53	54	T	1768	1768	0	0	0	0	1768	0	0	0	0	0	67020	.	0	0	0	193	0	0	0	0	0	7456	.	0	0	0	1575	0	0	0	0	0	59564	.	0|0|0|0,0|0|0|0,0|0|0|0,193|7456|1575|59564,0|.0|.,.|.
5HT2cR-ligated-N	54	55	T	1768	1768	0	0	0	0	1768	0	0	0	0	0	66758	.	0	0	0	193	0	0	0	0	0	7477	.	0	0	0	1575	0	0	0	0	0	59281	.	0|0|0|0,0|0|0|0,0|0|0|0,193|7477|1575|59281,0|.0|.,.|.
5HT2cR-ligated-N	55	56	C	1768	1768	0	0	1768	0	0	0	0	0	66592	0	0	.	0	193	0	0	0	0	0	7412	0	0	.	0	1575	0	0	0	0	0	59180	0	0	.	0|0|0|0,193|7412|1575|59180,0|0|0|0,0|0|0|0,0|.0|.,.|.
5HT2cR-ligated-N	56	57	G	1768	1767	1	0	0	1767	1	0	0	0	0	66490	16	.	0	0	193	0	0	0	0	0	7426	0	.	0	0	1574	1	0	0	0	0	59064	16	.	0|0|0|0,0|0|0|0,193|7426|1574|59064,0|0|1|16,0|.0|.,.|.
5HT2cR-ligated-N	57	58	C	1768	1768	0	0	1768	0	0	0	0	0	66199	0	0	.	0	193	0	0	0	0	0	7244	0	0	.	0	1575	0	0	0	0	0	58955	0	0	.	0|0|0|0,193|7244|1575|58955,0|0|0|0,0|0|0|0,0|.0|.,.|.
5HT2cR-ligated-N	58	59	G	1768	1767	1	1	0	1767	0	0	0	38	0	67020	0	.	0	0	193	0	0	0	0	0	7261	0	.	1	0	1574	0	0	0	38	0	59759	0	.	0|0|1|38,0|0|0|0,193|7261|1574|59759,0|0|0|0,0|.0|.,.|.
5HT2cR-ligated-N	59	60	G	1768	1768	0	0	0	1768	0	0	0	0	0	66802	0	.	0	0	193	0	0	0	0	0	7241	0	.	0	0	1575	0	0	0	0	0	59561	0	.	0|0|0|0,0|0|0|0,193|7241|1575|59561,0|0|0|0,0|.0|.,.|.
5HT2cR-ligated-N	60	61	A	1768	1422	346	1422	0	0	0	346	0	53285	0	0	0	.	193	0	0	0	0	0	7191	0	0	0	.	1229	0	0	0	346	0	46094	0	0	0	.	193|7191|1229|46094,0|0|0|0,0|0|0|0,0|0|0|0,0|.346|.,.|.
5HT2cR-ligated-N	61	62	C	1768	1422	346	0	1422	0	0	346	0	0	53509	0	0	.	0	193	0	0	0	0	0	7273	0	0	.	0	1229	0	0	346	0	0	46236	0	0	.	0|0|0|0,193|7273|1229|46236,0|0|0|0,0|0|0|0,0|.346|.,.|.
5HT2cR-ligated-N	62	63	T	1768	1421	347	1	0	0	1421	346	0	2	0	0	53627	.	1	0	0	192	0	0	2	0	0	7241	.	0	0	0	1229	346	0	0	0	0	46386	.	1|2|0|0,0|0|0|0,0|0|0|0,192|7241|1229|46386,0|.346|.,.|.
5HT2cR-ligated-N	63	64	A	1768	1767	1	1767	0	1	0	0	0	68174	0	38	0	.	193	0	0	0	0	0	7428	0	0	0	.	1574	0	1	0	0	0	60746	0	38	0	.	193|7428|1574|60746,0|0|0|0,0|0|1|38,0|0|0|0,0|.0|.,.|.
5HT2cR-ligated-N	64	65	A	1768	1767	1	1767	0	1	0	0	0	67974	0	14	0	.	193	0	0	0	0	0	7353	0	0	0	.	1574	0	1	0	0	0	60621	0	14	0	.	193|7353|1574|60621,0|0|0|0,0|0|1|14,0|0|0|0,0|.0|.,.|.
5HT2cR-ligated-N	65	66	G	1768	1768	0	0	0	1768	0	0	0	0	0	68053	0	.	0	0	193	0	0	0	0	0	7347	0	.	0	0	1575	0	0	0	0	0	60706	0	.	0|0|0|0,0|0|0|0,193|7347|1575|60706,0|0|0|0,0|.0|.,.|.
5HT2cR-ligated-N	66	67	G	1768	1767	1	0	1	1767	0	0	0	0	14	67589	0	.	0	0	193	0	0	0	0	0	7333	0	.	0	1	1574	0	0	0	0	14	60256	0	.	0|0|0|0,0|0|1|14,193|7333|1574|60256,0|0|0|0,0|.0|.,.|.
5HT2cR-ligated-N	67	68	C	1768	1767	1	0	1767	1	0	0	0	0	67870	2	0	.	0	193	0	0	0	0	0	7410	0	0	.	0	1574	1	0	0	0	0	60460	2	0	.	0|0|0|0,193|7410|1574|60460,0|0|1|2,0|0|0|0,0|.0|.,.|.
5HT2cR-ligated-N	68	69	C	1768	1768	0	0	1768	0	0	0	0	0	68068	0	0	.	0	193	0	0	0	0	0	7437	0	0	.	0	1575	0	0	0	0	0	60631	0	0	.	0|0|0|0,193|7437|1575|60631,0|0|0|0,0|0|0|0,0|.0|.,.|.
5HT2cR-ligated-N	69	70	A	1768	1768	0	1768	0	0	0	0	0	68188	0	0	0	.	193	0	0	0	0	0	7412	0	0	0	.	1575	0	0	0	0	0	60776	0	0	0	.	193|7412|1575|60776,0|0|0|0,0|0|0|0,0|0|0|0,0|.0|.,.|.
5HT2cR-ligated-N	70	71	T	1768	1768	0	0	0	0	1768	0	0	0	0	0	68100	.	0	0	0	193	0	0	0	0	0	7443	.	0	0	0	1575	0	0	0	0	0	60657	.	0|0|0|0,0|0|0|0,0|0|0|0,193|7443|1575|60657,0|.0|.,.|.
5HT2cR-ligated-N	71	72	C	1768	1768	0	0	1768	0	0	0	0	0	68172	0	0	.	0	193	0	0	0	0	0	7449	0	0	.	0	1575	0	0	0	0	0	60723	0	0	.	0|0|0|0,193|7449|1575|60723,0|0|0|0,0|0|0|0,0|.0|.,.|.
5HT2cR-ligated-N	72	73	A	1768	1767	1	1767	0	1	0	0	0	68109	0	18	0	.	193	0	0	0	0	0	7423	0	0	0	.	1574	0	1	0	0	0	60686	0	18	0	.	193|7423|1574|60686,0|0|0|0,0|0|1|18,0|0|0|0,0|.0|.,.|.
5HT2cR-ligated-N	73	74	T	1768	1421	347	0	0	347	1421	0	0	0	0	13367	54785	.	0	0	0	193	0	0	0	0	0	7449	.	0	0	347	1228	0	0	0	0	13367	47336	.	0|0|0|0,0|0|0|0,0|0|347|13367,193|7449|1228|47336,0|.0|.,.|.
5HT2cR-ligated-N	74	75	G	1768	1767	1	1	0	1767	0	0	0	15	0	68183	0	.	0	0	193	0	0	0	0	0	7444	0	.	1	0	1574	0	0	0	15	0	60739	0	.	0|0|1|15,0|0|0|0,193|7444|1574|60739,0|0|0|0,0|.0|.,.|.
5HT2cR-ligated-N	75	76	A	1768	1574	194	1574	0	0	194	0	0	60538	0	0	7447	.	0	0	0	193	0	0	0	0	0	7410	.	1574	0	0	1	0	0	60538	0	0	37	.	0|0|1574|60538,0|0|0|0,0|0|0|0,193|7410|1|37,0|.0|.,.|.
5HT2cR-ligated-N	76	77	A	1768	1767	1	1767	1	0	0	0	0	67771	14	0	0	.	193	0	0	0	0	0	7421	0	0	0	.	1574	1	0	0	0	0	60350	14	0	0	.	193|7421|1574|60350,0|0|1|14,0|0|0|0,0|0|0|0,0|.0|.,.|.
5HT2cR-ligated-N	77	78	G	1768	1768	0	0	0	1768	0	0	0	0	0	67990	0	.	0	0	193	0	0	0	0	0	7428	0	.	0	0	1575	0	0	0	0	0	60562	0	.	0|0|0|0,0|0|0|0,193|7428|1575|60562,0|0|0|0,0|.0|.,.|.
5HT2cR-ligated-N	78	79	A	1768	1765	3	1765	0	0	0	3	0	67445	0	0	0	.	193	0	0	0	0	0	7381	0	0	0	.	1572	0	0	0	3	0	60064	0	0	0	.	193|7381|1572|60064,0|0|0|0,0|0|0|0,0|0|0|0,0|.3|.,.|.
5HT2cR-ligated-N	79	80	T	1768	937	831	0	0	0	937	831	0	0	0	0	36158	.	0	0	0	193	0	0	0	0	0	7423	.	0	0	0	744	831	0	0	0	0	28735	.	0|0|0|0,0|0|0|0,0|0|0|0,193|7423|744|28735,0|.831|.,.|.
5HT2cR-ligated-N	80	81	T	1768	938	830	0	1	1	938	828	0	0	39	34	36307	.	0	0	0	193	0	0	0	0	0	7431	.	0	1	1	745	828	0	0	39	34	28876	.	0|0|0|0,0|0|1|39,0|0|1|34,193|7431|745|28876,0|.828|.,.|.
5HT2cR-ligated-N	81	82	G	1768	1768	0	0	0	1768	0	0	0	0	0	67858	0	.	0	0	193	0	0	0	0	0	7394	0	.	0	0	1575	0	0	0	0	0	60464	0	.	0|0|0|0,0|0|0|0,193|7394|1575|60464,0|0|0|0,0|.0|.,.|.
5HT2cR-ligated-N	82	83	C	1768	1768	0	0	1768	0	0	0	0	0	67263	0	0	.	0	193	0	0	0	0	0	7381	0	0	.	0	1575	0	0	0	0	0	59882	0	0	.	0|0|0|0,193|7381|1575|59882,0|0|0|0,0|0|0|0,0|.0|.,.|.
5HT2cR-ligated-N	83	84	T	1768	1768	0	0	0	0	1768	0	0	0	0	0	67562	.	0	0	0	193	0	0	0	0	0	7443	.	0	0	0	1575	0	0	0	0	0	60119	.	0|0|0|0,0|0|0|0,0|0|0|0,193|7443|1575|60119,0|.0|.,.|.
5HT2cR-ligated-N	84	85	A	1768	1768	0	1768	0	0	0	0	0	67834	0	0	0	.	193	0	0	0	0	0	7417	0	0	0	.	1575	0	0	0	0	0	60417	0	0	0	.	193|7417|1575|60417,0|0|0|0,0|0|0|0,0|0|0|0,0|.0|.,.|.
5HT2cR-ligated-N	85	86	T	1768	1768	0	0	0	0	1768	0	0	0	0	0	68338	.	0	0	0	193	0	0	0	0	0	7447	.	0	0	0	1575	0	0	0	0	0	60891	.	0|0|0|0,0|0|0|0,0|0|0|0,193|7447|1575|60891,0|.0|.,.|.
5HT2cR-ligated-N	86	87	T	1768	1766	2	0	2	0	1766	0	0	0	52	0	68440	.	0	0	0	193	0	0	0	0	0	7477	.	0	2	0	1573	0	0	0	52	0	60963	.	0|0|0|0,0|0|2|52,0|0|0|0,193|7477|1573|60963,0|.0|.,.|.
5HT2cR-ligated-N	87	88	G	1768	1768	0	0	0	1768	0	0	0	0	0	68544	0	.	0	0	193	0	0	0	0	0	7438	0	.	0	0	1575	0	0	0	0	0	61106	0	.	0|0|0|0,0|0|0|0,193|7438|1575|61106,0|0|0|0,0|.0|.,.|.
5HT2cR-ligated-N	88	89	T	1768	1768	0	0	0	0	1768	0	0	0	0	0	68335	.	0	0	0	193	0	0	0	0	0	7405	.	0	0	0	1575	0	0	0	0	0	60930	.	0|0|0|0,0|0|0|0,0|0|0|0,193|7405|1575|60930,0|.0|.,.|.
5HT2cR-ligated-N	89	90	T	1768	1768	0	0	0	0	1768	0	0	0	0	0	68300	.	0	0	0	193	0	0	0	0	0	7456	.	0	0	0	1575	0	0	0	0	0	60844	.	0|0|0|0,0|0|0|0,0|0|0|0,193|7456|1575|60844,0|.0|.,.|.
5HT2cR-ligated-N	90	91	T	1768	1767	1	0	1	0	1767	0	0	0	38	0	68446	.	0	0	0	193	0	0	0	0	0	7461	.	0	1	0	1574	0	0	0	38	0	60985	.	0|0|0|0,0|0|1|38,0|0|0|0,193|7461|1574|60985,0|.0|.,.|.
5HT2cR-ligated-N	91	92	G	1768	1768	0	0	0	1768	0	0	0	0	0	68426	0	.	0	0	193	0	0	0	0	0	7442	0	.	0	0	1575	0	0	0	0	0	60984	0	.	0|0|0|0,0|0|0|0,193|7442|1575|60984,0|0|0|0,0|.0|.,.|.
5HT2cR-ligated-N	92	93	G	1768	1765	3	1	0	1765	2	0	0	26	0	68014	9	.	0	0	192	1	0	0	0	0	7266	4	.	1	0	1573	1	0	0	26	0	60748	5	.	0|0|1|26,0|0|0|0,192|7266|1573|60748,1|4|1|5,0|.0|.,.|.
5HT2cR-ligated-N	93	94	G	1768	1766	2	2	0	1766	0	0	0	72	0	67929	0	.	0	0	193	0	0	0	0	0	7288	0	.	2	0	1573	0	0	0	72	0	60641	0	.	0|0|2|72,0|0|0|0,193|7288|1573|60641,0|0|0|0,0|.0|.,.|.
5HT2cR-ligated-N	94	95	C	1768	1768	0	0	1768	0	0	0	0	0	68194	0	0	.	0	193	0	0	0	0	0	7450	0	0	.	0	1575	0	0	0	0	0	60744	0	0	.	0|0|0|0,193|7450|1575|60744,0|0|0|0,0|0|0|0,0|.0|.,.|.
5HT2cR-ligated-N	95	96	A	1768	1768	0	1768	0	0	0	0	0	68474	0	0	0	.	193	0	0	0	0	0	7430	0	0	0	.	1575	0	0	0	0	0	61044	0	0	0	.	193|7430|1575|61044,0|0|0|0,0|0|0|0,0|0|0|0,0|.0|.,.|.
5HT2cR-ligated-N	96	97	A	1768	1768	0	1768	0	0	0	0	0	68177	0	0	0	.	193	0	0	0	0	0	7297	0	0	0	.	1575	0	0	0	0	0	60880	0	0	0	.	193|7297|1575|60880,0|0|0|0,0|0|0|0,0|0|0|0,0|.0|.,.|.
5HT2cR-ligated-N	97	98	T	1768	1768	0	0	0	0	1768	0	0	0	0	0	68154	.	0	0	0	193	0	0	0	0	0	7451	.	0	0	0	1575	0	0	0	0	0	60703	.	0|0|0|0,0|0|0|0,0|0|0|0,193|7451|1575|60703,0|.0|.,.|.
5HT2cR-ligated-N	98	99	T	1768	1768	0	0	0	0	1768	0	0	0	0	0	68229	.	0	0	0	193	0	0	0	0	0	7452	.	0	0	0	1575	0	0	0	0	0	60777	.	0|0|0|0,0|0|0|0,0|0|0|0,193|7452|1575|60777,0|.0|.,.|.
5HT2cR-ligated-N	99	100	T	1768	1768	0	0	0	0	1768	0	0	0	0	0	68180	.	0	0	0	193	0	0	0	0	0	7470	.	0	0	0	1575	0	0	0	0	0	60710	.	0|0|0|0,0|0|0|0,0|0|0|0,193|7470|1575|60710,0|.0|.,.|.
5HT2cR-ligated-N	100	101	C	1734	1734	0	0	1734	0	0	0	0	0	67043	0	0	.	0	193	0	0	0	0	0	7448	0	0	.	0	1541	0	0	0	0	0	59595	0	0	.	0|0|0|0,193|7448|1541|59595,0|0|0|0,0|0|0|0,0|.0|.,.|.
5HT2cR-ligated-N	101	102	T	1734	1734	0	0	0	0	1734	0	0	0	0	0	67018	.	0	0	0	193	0	0	0	0	0	7468	.	0	0	0	1541	0	0	0	0	0	59550	.	0|0|0|0,0|0|0|0,0|0|0|0,193|7468|1541|59550,0|.0|.,.|.
5HT2cR-ligated-N	102	103	A	1734	1734	0	1734	0	0	0	0	0	67073	0	0	0	.	193	0	0	0	0	0	7437	0	0	0	.	1541	0	0	0	0	0	59636	0	0	0	.	193|7437|1541|59636,0|0|0|0,0|0|0|0,0|0|0|0,0|.0|.,.|.
5HT2cR-ligated-N	103	104	T	1734	1734	0	0	0	0	1734	0	0	0	0	0	67004	.	0	0	0	193	0	0	0	0	0	7464	.	0	0	0	1541	0	0	0	0	0	59540	.	0|0|0|0,0|0|0|0,0|0|0|0,193|7464|1541|59540,0|.0|.,.|.
5HT2cR-ligated-N	104	105	A	1734	1541	193	1541	193	0	0	0	0	59566	7454	0	0	.	0	193	0	0	0	0	0	7454	0	0	.	1541	0	0	0	0	0	59566	0	0	0	.	0|0|1541|59566,193|7454|0|0,0|0|0|0,0|0|0|0,0|.0|.,.|.
5HT2cR-ligated-N	105	106	G	1734	1734	0	0	0	1734	0	0	0	0	0	66825	0	.	0	0	193	0	0	0	0	0	7313	0	.	0	0	1541	0	0	0	0	0	59512	0	.	0|0|0|0,0|0|0|0,193|7313|1541|59512,0|0|0|0,0|.0|.,.|.
5HT2cR-ligated-N	106	107	G	1734	1734	0	0	0	1734	0	0	0	0	0	66704	0	.	0	0	193	0	0	0	0	0	7312	0	.	0	0	1541	0	0	0	0	0	59392	0	.	0|0|0|0,0|0|0|0,193|7312|1541|59392,0|0|0|0,0|.0|.,.|.
5HT2cR-ligated-N	107	108	T	1734	1733	1	1	0	0	1733	0	0	2	0	0	66606	.	0	0	0	193	0	0	0	0	0	7295	.	1	0	0	1540	0	0	2	0	0	59311	.	0|0|1|2,0|0|0|0,0|0|0|0,193|7295|1540|59311,0|.0|.,.|.
5HT2cR-ligated-N	108	109	A	1734	1734	0	1734	0	0	0	0	0	66852	0	0	0	.	193	0	0	0	0	0	7419	0	0	0	.	1541	0	0	0	0	0	59433	0	0	0	.	193|7419|1541|59433,0|0|0|0,0|0|0|0,0|0|0|0,0|.0|.,.|.
5HT2cR-ligated-N	109	110	A	1734	1733	1	1733	0	1	0	0	0	66666	0	39	0	.	193	0	0	0	0	0	7295	0	0	0	.	1540	0	1	0	0	0	59371	0	39	0	.	193|7295|1540|59371,0|0|0|0,0|0|1|39,0|0|0|0,0|.0|.,.|.
5HT2cR-ligated-N	110	111	A	1734	1734	0	1734	0	0	0	0	0	66943	0	0	0	.	193	0	0	0	0	0	7488	0	0	0	.	1541	0	0	0	0	0	59455	0	0	0	.	193|7488|1541|59455,0|0|0|0,0|0|0|0,0|0|0|0,0|.0|.,.|.
5HT2cR-ligated-N	111	112	T	1734	1733	1	0	1	0	1733	0	0	0	39	0	66685	.	0	0	0	193	0	0	0	0	0	7501	.	0	1	0	1540	0	0	0	39	0	59184	.	0|0|0|0,0|0|1|39,0|0|0|0,193|7501|1540|59184,0|.0|.,.|.
5HT2cR-ligated-N	112	113	A	1534	1532	2	1532	0	1	1	0	0	59459	0	37	3	.	192	0	0	1	0	0	7403	0	0	3	.	1340	0	1	0	0	0	52056	0	37	0	.	192|7403|1340|52056,0|0|0|0,0|0|1|37,1|3|0|0,0|.0|.,.|.
5HT2cR-ligated-N	113	114	A	1534	1534	0	1534	0	0	0	0	0	59537	0	0	0	.	193	0	0	0	0	0	7495	0	0	0	.	1341	0	0	0	0	0	52042	0	0	0	.	193|7495|1341|52042,0|0|0|0,0|0|0|0,0|0|0|0,0|.0|.,.|.
5HT2cR-ligated-N	114	115	A	1534	1534	0	1534	0	0	0	0	0	59374	0	0	0	.	193	0	0	0	0	0	7495	0	0	0	.	1341	0	0	0	0	0	51879	0	0	0	.	193|7495|1341|51879,0|0|0|0,0|0|0|0,0|0|0|0,0|.0|.,.|.
5HT2cR-ligated-N	115	116	A	1534	1534	0	1534	0	0	0	0	0	58803	0	0	0	.	193	0	0	0	0	0	7473	0	0	0	.	1341	0	0	0	0	0	51330	0	0	0	.	193|7473|1341|51330,0|0|0|0,0|0|0|0,0|0|0|0,0|.0|.,.|.
5HT2cR-ligated-N	116	117	C	1534	1188	346	0	1188	0	346	0	0	0	45172	0	13032	.	0	193	0	0	0	0	0	7486	0	0	.	0	995	0	346	0	0	0	37686	0	13032	.	0|0|0|0,193|7486|995|37686,0|0|0|0,0|0|346|13032,0|.0|.,.|.
5HT2cR-ligated-N	117	118	T	1534	1532	2	0	0	0	1532	2	0	0	0	0	59200	.	0	0	0	192	1	0	0	0	0	7461	.	0	0	0	1340	1	0	0	0	0	51739	.	0|0|0|0,0|0|0|0,0|0|0|0,192|7461|1340|51739,1|.1|.,.|.
5HT2cR-ligated-N	118	119	T	1534	1534	0	0	0	0	1534	0	0	0	0	0	59268	.	0	0	0	193	0	0	0	0	0	7505	.	0	0	0	1341	0	0	0	0	0	51763	.	0|0|0|0,0|0|0|0,0|0|0|0,193|7505|1341|51763,0|.0|.,.|.
5HT2cR-ligated-N	119	120	T	1534	1533	1	0	1	0	1533	0	0	0	39	0	59373	.	0	0	0	193	0	0	0	0	0	7513	.	0	1	0	1340	0	0	0	39	0	51860	.	0|0|0|0,0|0|1|39,0|0|0|0,193|7513|1340|51860,0|.0|.,.|.
5HT2cR-ligated-N	120	121	T	1534	1534	0	0	0	0	1534	0	0	0	0	0	59410	.	0	0	0	193	0	0	0	0	0	7488	.	0	0	0	1341	0	0	0	0	0	51922	.	0|0|0|0,0|0|0|0,0|0|0|0,193|7488|1341|51922,0|.0|.,.|.
5HT2cR-ligated-N	121	122	T	1534	1534	0	0	0	0	1534	0	0	0	0	0	59395	.	0	0	0	193	0	0	0	0	0	7509	.	0	0	0	1341	0	0	0	0	0	51886	.	0|0|0|0,0|0|0|0,0|0|0|0,193|7509|1341|51886,0|.0|.,.|.
5HT2cR-ligated-N	122	123	G	2469	2469	0	0	0	2469	0	0	0	0	0	95599	0	.	0	0	193	0	0	0	0	0	7498	0	.	0	0	2276	0	0	0	0	0	88101	0	.	0|0|0|0,0|0|0|0,193|7498|2276|88101,0|0|0|0,0|.0|.,.|.
5HT2cR-ligated-N	123	124	G	2469	2469	0	0	0	2469	0	0	0	0	0	95299	0	.	0	0	193	0	0	0	0	0	7451	0	.	0	0	2276	0	0	0	0	0	87848	0	.	0|0|0|0,0|0|0|0,193|7451|2276|87848,0|0|0|0,0|.0|.,.|.
5HT2cR-ligated-N	124	125	C	2469	2468	1	1	2468	0	0	0	0	3	95273	0	0	.	0	193	0	0	0	0	0	7489	0	0	.	1	2275	0	0	0	0	3	87784	0	0	.	0|0|1|3,193|7489|2275|87784,0|0|0|0,0|0|0|0,0|.0|.,.|.
5HT2cR-ligated-N	125	126	C	2469	2469	0	0	2469	0	0	0	0	0	95716	0	0	.	0	193	0	0	0	0	0	7475	0	0	.	0	2276	0	0	0	0	0	88241	0	0	.	0|0|0|0,193|7475|2276|88241,0|0|0|0,0|0|0|0,0|.0|.,.|.
5HT2cR-ligated-N	126	127	A	2276	2273	3	2273	0	1	2	0	0	88311	0	9	44	.	0	0	0	0	0	0	0	0	0	0	.	2273	0	1	2	0	0	88311	0	9	44	.	0|0|2273|88311,0|0|0|0,0|0|1|9,0|0|2|44,0|.0|.,.|.
5HT2cR-ligated-N	127	128	T	2276	2275	1	0	0	1	2275	0	0	0	0	37	88221	.	0	0	0	0	0	0	0	0	0	0	.	0	0	1	2275	0	0	0	0	37	88221	.	0|0|0|0,0|0|0|0,0|0|1|37,0|0|2275|88221,0|.0|.,.|.
5HT2cR-ligated-N	128	129	A	2276	2274	2	2274	0	2	0	0	0	88231	0	75	0	.	0	0	0	0	0	0	0	0	0	0	.	2274	0	2	0	0	0	88231	0	75	0	.	0|0|2274|88231,0|0|0|0,0|0|2|75,0|0|0|0,0|.0|.,.|.
5HT2cR-ligated-N	129	130	A	2276	2276	0	2276	0	0	0	0	0	88284	0	0	0	.	0	0	0	0	0	0	0	0	0	0	.	2276	0	0	0	0	0	88284	0	0	0	.	0|0|2276|88284,0|0|0|0,0|0|0|0,0|0|0|0,0|.0|.,.|.
5HT2cR-ligated-N	130	131	G	2276	2276	0	0	0	2276	0	0	0	0	0	88126	0	.	0	0	0	0	0	0	0	0	0	0	.	0	0	2276	0	0	0	0	0	88126	0	.	0|0|0|0,0|0|0|0,0|0|2276|88126,0|0|0|0,0|.0|.,.|.
5HT2cR-ligated-N	131	132	A	2276	2275	1	2275	0	1	0	0	0	88177	0	39	0	.	0	0	0	0	0	0	0	0	0	0	.	2275	0	1	0	0	0	88177	0	39	0	.	0|0|2275|88177,0|0|0|0,0|0|1|39,0|0|0|0,0|.0|.,.|.
5HT2cR-ligated-N	132	133	A	2276	2275	1	2275	0	1	0	0	0	88126	0	39	0	.	0	0	0	0	0	0	0	0	0	0	.	2275	0	1	0	0	0	88126	0	39	0	.	0|0|2275|88126,0|0|0|0,0|0|1|39,0|0|0|0,0|.0|.,.|.
5HT2cR-ligated-N	133	134	T	2276	2276	0	0	0	0	2276	0	0	0	0	0	87962	.	0	0	0	0	0	0	0	0	0	0	.	0	0	0	2276	0	0	0	0	0	87962	.	0|0|0|0,0|0|0|0,0|0|0|0,0|0|2276|87962,0|.0|.,.|.
5HT2cR-ligated-N	134	135	T	2276	2275	1	0	1	0	2275	0	0	0	38	0	88143	.	0	0	0	0	0	0	0	0	0	0	.	0	1	0	2275	0	0	0	38	0	88143	.	0|0|0|0,0|0|1|38,0|0|0|0,0|0|2275|88143,0|.0|.,.|.
5HT2cR-ligated-N	135	136	G	2276	2276	0	0	0	2276	0	0	0	0	0	86681	0	.	0	0	0	0	0	0	0	0	0	0	.	0	0	2276	0	0	0	0	0	86681	0	.	0|0|0|0,0|0|0|0,0|0|2276|86681,0|0|0|0,0|.0|.,.|.
5HT2cR-ligated-N	136	137	C	2276	2276	0	0	2276	0	0	0	0	0	86297	0	0	.	0	0	0	0	0	0	0	0	0	0	.	0	2276	0	0	0	0	0	86297	0	0	.	0|0|0|0,0|0|2276|86297,0|0|0|0,0|0|0|0,0|.0|.,.|.
5HT2cR-ligated-N	137	138	A	2276	2276	0	2276	0	0	0	0	0	86274	0	0	0	.	0	0	0	0	0	0	0	0	0	0	.	2276	0	0	0	0	0	86274	0	0	0	.	0|0|2276|86274,0|0|0|0,0|0|0|0,0|0|0|0,0|.0|.,.|.
5HT2cR-ligated-N	138	139	G	2276	2276	0	0	0	2276	0	0	0	0	0	85767	0	.	0	0	0	0	0	0	0	0	0	0	.	0	0	2276	0	0	0	0	0	85767	0	.	0|0|0|0,0|0|0|0,0|0|2276|85767,0|0|0|0,0|.0|.,.|.
5HT2cR-ligated-N	139	140	C	2276	2275	1	1	2275	0	0	0	0	2	85460	0	0	.	0	0	0	0	0	0	0	0	0	0	.	1	2275	0	0	0	0	2	85460	0	0	.	0|0|1|2,0|0|2275|85460,0|0|0|0,0|0|0|0,0|.0|.,.|.
5HT2cR-ligated-N	140	141	G	2276	2276	0	0	0	2276	0	0	0	0	0	87432	0	.	0	0	0	0	0	0	0	0	0	0	.	0	0	2276	0	0	0	0	0	87432	0	.	0|0|0|0,0|0|0|0,0|0|2276|87432,0|0|0|0,0|.0|.,.|.
5HT2cR-ligated-N	141	142	G	2276	2276	0	0	0	2276	0	0	0	0	0	87353	0	.	0	0	0	0	0	0	0	0	0	0	.	0	0	2276	0	0	0	0	0	87353	0	.	0|0|0|0,0|0|0|0,0|0|2276|87353,0|0|0|0,0|.0|.,.|.
5HT2cR-ligated-N	142	143	C	2276	1444	832	0	1444	0	1	831	0	0	55069	0	39	.	0	0	0	0	0	0	0	0	0	0	.	0	1444	0	1	831	0	0	55069	0	39	.	0|0|0|0,0|0|1444|55069,0|0|0|0,0|0|1|39,0|.831|.,.|.
5HT2cR-ligated-N	143	144	T	2276	1445	831	0	0	0	1445	831	0	0	0	0	55248	.	0	0	0	0	0	0	0	0	0	0	.	0	0	0	1445	831	0	0	0	0	55248	.	0|0|0|0,0|0|0|0,0|0|0|0,0|0|1445|55248,0|.831|.,.|.
5HT2cR-ligated-N	144	145	A	2276	2276	0	2276	0	0	0	0	0	87579	0	0	0	.	0	0	0	0	0	0	0	0	0	0	.	2276	0	0	0	0	0	87579	0	0	0	.	0|0|2276|87579,0|0|0|0,0|0|0|0,0|0|0|0,0|.0|.,.|.
5HT2cR-ligated-N	145	146	T	2112	2111	1	0	1	0	2111	0	0	0	38	0	81379	.	0	0	0	0	0	0	0	0	0	0	.	0	1	0	2111	0	0	0	38	0	81379	.	0|0|0|0,0|0|1|38,0|0|0|0,0|0|2111|81379,0|.0|.,.|.
5HT2cR-ligated-N	146	147	G	2112	1766	346	0	0	1766	0	346	0	0	0	68321	0	.	0	0	0	0	0	0	0	0	0	0	.	0	0	1766	0	346	0	0	0	68321	0	.	0|0|0|0,0|0|0|0,0|0|1766|68321,0|0|0|0,0|.346|.,.|.
5HT2cR-ligated-N	147	148	C	2112	2112	0	0	2112	0	0	0	0	0	81431	0	0	.	0	0	0	0	0	0	0	0	0	0	.	0	2112	0	0	0	0	0	81431	0	0	.	0|0|0|0,0|0|2112|81431,0|0|0|0,0|0|0|0,0|.0|.,.|.
5HT2cR-ligated-N	148	149	T	2112	2112	0	0	0	0	2112	0	0	0	0	0	80785	.	0	0	0	0	0	0	0	0	0	0	.	0	0	0	2112	0	0	0	0	0	80785	.	0|0|0|0,0|0|0|0,0|0|0|0,0|0|2112|80785,0|.0|.,.|.
5HT2cR-ligated-N	149	150	C	2112	2110	2	0	2110	0	2	0	0	0	80863	0	78	.	0	0	0	0	0	0	0	0	0	0	.	0	2110	0	2	0	0	0	80863	0	78	.	0|0|0|0,0|0|2110|80863,0|0|0|0,0|0|2|78,0|.0|.,.|.
5HT2cR-ligated-N	150	151	A	2112	1698	414	1698	0	0	0	414	0	65191	0	0	0	.	0	0	0	0	0	0	0	0	0	0	.	1698	0	0	0	414	0	65191	0	0	0	.	0|0|1698|65191,0|0|0|0,0|0|0|0,0|0|0|0,0|.414|.,.|.
5HT2cR-ligated-N	151	152	A	2112	2112	0	2112	0	0	0	0	0	81134	0	0	0	.	0	0	0	0	0	0	0	0	0	0	.	2112	0	0	0	0	0	81134	0	0	0	.	0|0|2112|81134,0|0|0|0,0|0|0|0,0|0|0|0,0|.0|.,.|.
5HT2cR-ligated-N	152	153	T	2112	2111	1	0	1	0	2111	0	0	0	39	0	80427	.	0	0	0	0	0	0	0	0	0	0	.	0	1	0	2111	0	0	0	39	0	80427	.	0|0|0|0,0|0|1|39,0|0|0|0,0|0|2111|80427,0|.0|.,.|.
5HT2cR-ligated-N	153	154	A	2112	2111	1	2111	0	1	0	0	0	79633	0	2	0	.	0	0	0	0	0	0	0	0	0	0	.	2111	0	1	0	0	0	79633	0	2	0	.	0|0|2111|79633,0|0|0|0,0|0|1|2,0|0|0|0,0|.0|.,.|.
5HT2cR-ligated-N	154	155	C	2112	2112	0	0	2112	0	0	0	0	0	79582	0	0	.	0	0	0	0	0	0	0	0	0	0	.	0	2112	0	0	0	0	0	79582	0	0	.	0|0|0|0,0|0|2112|79582,0|0|0|0,0|0|0|0,0|.0|.,.|.
5HT2cR-ligated-N	155	156	T	1766	1766	0	0	0	0	1766	0	0	0	0	0	66855	.	0	0	0	0	0	0	0	0	0	0	.	0	0	0	1766	0	0	0	0	0	66855	.	0|0|0|0,0|0|0|0,0|0|0|0,0|0|1766|66855,0|.0|.,.|.
5HT2cR-ligated-N	156	157	T	1766	1766	0	0	0	0	1766	0	0	0	0	0	66760	.	0	0	0	0	0	0	0	0	0	0	.	0	0	0	1766	0	0	0	0	0	66760	.	0|0|0|0,0|0|0|0,0|0|0|0,0|0|1766|66760,0|.0|.,.|.
5HT2cR-ligated-N	157	158	T	1766	1764	2	1	1	0	1764	0	0	2	38	0	66652	.	0	0	0	0	0	0	0	0	0	0	.	1	1	0	1764	0	0	2	38	0	66652	.	0|0|1|2,0|0|1|38,0|0|0|0,0|0|1764|66652,0|.0|.,.|.
5HT2cR-ligated-N	158	159	C	1766	1766	0	0	1766	0	0	0	0	0	66907	0	0	.	0	0	0	0	0	0	0	0	0	0	.	0	1766	0	0	0	0	0	66907	0	0	.	0|0|0|0,0|0|1766|66907,0|0|0|0,0|0|0|0,0|.0|.,.|.
5HT2cR-ligated-N	159	160	G	1766	1766	0	0	0	1766	0	0	0	0	0	68438	0	.	0	0	0	0	0	0	0	0	0	0	.	0	0	1766	0	0	0	0	0	68438	0	.	0|0|0|0,0|0|0|0,0|0|1766|68438,0|0|0|0,0|.0|.,.|.
5HT2cR-ligated-N	160	161	G	1766	1766	0	0	0	1766	0	0	0	0	0	68400	0	.	0	0	0	0	0	0	0	0	0	0	.	0	0	1766	0	0	0	0	0	68400	0	.	0|0|0|0,0|0|0|0,0|0|1766|68400,0|0|0|0,0|.0|.,.|.
5HT2cR-ligated-N	161	162	A	1766	1766	0	1766	0	0	0	0	0	68398	0	0	0	.	0	0	0	0	0	0	0	0	0	0	.	1766	0	0	0	0	0	68398	0	0	0	.	0|0|1766|68398,0|0|0|0,0|0|0|0,0|0|0|0,0|.0|.,.|.
5HT2cR-ligated-N	162	163	T	1766	1766	0	0	0	0	1766	0	0	0	0	0	68337	.	0	0	0	0	0	0	0	0	0	0	.	0	0	0	1766	0	0	0	0	0	68337	.	0|0|0|0,0|0|0|0,0|0|0|0,0|0|1766|68337,0|.0|.,.|.
5HT2cR-ligated-N	163	164	T	1766	1766	0	0	0	0	1766	0	0	0	0	0	68494	.	0	0	0	0	0	0	0	0	0	0	.	0	0	0	1766	0	0	0	0	0	68494	.	0|0|0|0,0|0|0|0,0|0|0|0,0|0|1766|68494,0|.0|.,.|.
5HT2cR-ligated-N	164	165	A	1850	1850	0	1850	0	0	0	0	0	71758	0	0	0	.	0	0	0	0	0	0	0	0	0	0	.	1850	0	0	0	0	0	71758	0	0	0	.	0|0|1850|71758,0|0|0|0,0|0|0|0,0|0|0|0,0|.0|.,.|.
5HT2cR-ligated-N	165	166	T	1850	1743	107	1	1	105	1743	0	0	19	38	4040	67525	.	0	0	0	0	0	0	0	0	0	0	.	1	1	105	1743	0	0	19	38	4040	67525	.	0|0|1|19,0|0|1|38,0|0|105|4040,0|0|1743|67525,0|.0|.,.|.
5HT2cR-ligated-N	166	167	G	1850	1850	0	0	0	1850	0	0	0	0	0	71616	0	.	0	0	0	0	0	0	0	0	0	0	.	0	0	1850	0	0	0	0	0	71616	0	.	0|0|0|0,0|0|0|0,0|0|1850|71616,0|0|0|0,0|.0|.,.|.
5HT2cR-ligated-N	167	168	T	1850	1675	175	0	0	0	1675	175	0	0	0	0	64739	.	0	0	0	0	0	0	0	0	0	0	.	0	0	0	1675	175	0	0	0	0	64739	.	0|0|0|0,0|0|0|0,0|0|0|0,0|0|1675|64739,0|.175|.,.|.
5HT2cR-ligated-N	168	169	A	1850	1850	0	1850	0	0	0	0	0	71162	0	0	0	.	0	0	0	0	0	0	0	0	0	0	.	1850	0	0	0	0	0	71162	0	0	0	.	0|0|1850|71162,0|0|0|0,0|0|0|0,0|0|0|0,0|.0|.,.|.
5HT2cR-ligated-N	169	170	C	1850	1850	0	0	1850	0	0	0	0	0	71637	0	0	.	0	0	0	0	0	0	0	0	0	0	.	0	1850	0	0	0	0	0	71637	0	0	.	0|0|0|0,0|0|1850|71637,0|0|0|0,0|0|0|0,0|.0|.,.|.
5HT2cR-ligated-N	170	171	T	1850	1850	0	0	0	0	1850	0	0	0	0	0	71581	.	0	0	0	0	0	0	0	0	0	0	.	0	0	0	1850	0	0	0	0	0	71581	.	0|0|0|0,0|0|0|0,0|0|0|0,0|0|1850|71581,0|.0|.,.|.
5HT2cR-ligated-N	171	172	G	1850	1436	414	0	0	1436	0	414	0	0	0	55684	0	.	0	0	0	0	0	0	0	0	0	0	.	0	0	1436	0	414	0	0	0	55684	0	.	0|0|0|0,0|0|0|0,0|0|1436|55684,0|0|0|0,0|.414|.,.|.
5HT2cR-ligated-N	172	173	T	1850	1850	0	0	0	0	1850	0	0	0	0	0	71482	.	0	0	0	0	0	0	0	0	0	0	.	0	0	0	1850	0	0	0	0	0	71482	.	0|0|0|0,0|0|0|0,0|0|0|0,0|0|1850|71482,0|.0|.,.|.
5HT2cR-ligated-N	173	174	G	1850	1850	0	0	0	1850	0	0	0	0	0	71455	0	.	0	0	0	0	0	0	0	0	0	0	.	0	0	1850	0	0	0	0	0	71455	0	.	0|0|0|0,0|0|0|0,0|0|1850|71455,0|0|0|0,0|.0|.,.|.
5HT2cR-ligated-N	174	175	A	1850	1850	0	1850	0	0	0	0	0	71625	0	0	0	.	0	0	0	0	0	0	0	0	0	0	.	1850	0	0	0	0	0	71625	0	0	0	.	0|0|1850|71625,0|0|0|0,0|0|0|0,0|0|0|0,0|.0|.,.|.
5HT2cR-ligated-N	175	176	A	1850	1850	0	1850	0	0	0	0	0	69554	0	0	0	.	0	0	0	0	0	0	0	0	0	0	.	1850	0	0	0	0	0	69554	0	0	0	.	0|0|1850|69554,0|0|0|0,0|0|0|0,0|0|0|0,0|.0|.,.|.
5HT2cR-ligated-N	176	177	C	1850	1850	0	0	1850	0	0	0	0	0	71557	0	0	.	0	0	0	0	0	0	0	0	0	0	.	0	1850	0	0	0	0	0	71557	0	0	.	0|0|0|0,0|0|1850|71557,0|0|0|0,0|0|0|0,0|.0|.,.|.
5HT2cR-ligated-N	177	178	A	1850	1850	0	1850	0	0	0	0	0	71532	0	0	0	.	0	0	0	0	0	0	0	0	0	0	.	1850	0	0	0	0	0	71532	0	0	0	.	0|0|1850|71532,0|0|0|0,0|0|0|0,0|0|0|0,0|.0|.,.|.
5HT2cR-ligated-N	178	179	A	1850	1850	0	1850	0	0	0	0	0	70895	0	0	0	.	0	0	0	0	0	0	0	0	0	0	.	1850	0	0	0	0	0	70895	0	0	0	.	0|0|1850|70895,0|0|0|0,0|0|0|0,0|0|0|0,0|.0|.,.|.
5HT2cR-ligated-N	179	180	C	1850	1850	0	0	1850	0	0	0	0	0	71692	0	0	.	0	0	0	0	0	0	0	0	0	0	.	0	1850	0	0	0	0	0	71692	0	0	.	0|0|0|0,0|0|1850|71692,0|0|0|0,0|0|0|0,0|.0|.,.|.
5HT2cR-ligated-N	180	181	G	1850	1850	0	0	0	1850	0	0	0	0	0	71628	0	.	0	0	0	0	0	0	0	0	0	0	.	0	0	1850	0	0	0	0	0	71628	0	.	0|0|0|0,0|0|0|0,0|0|1850|71628,0|0|0|0,0|.0|.,.|.
5HT2cR-ligated-N	181	182	T	1850	1849	1	1	0	0	1849	0	0	37	0	0	71454	.	0	0	0	0	0	0	0	0	0	0	.	1	0	0	1849	0	0	37	0	0	71454	.	0|0|1|37,0|0|0|0,0|0|0|0,0|0|1849|71454,0|.0|.,.|.
5HT2cR-ligated-N	182	183	A	1850	1850	0	1850	0	0	0	0	0	71369	0	0	0	.	0	0	0	0	0	0	0	0	0	0	.	1850	0	0	0	0	0	71369	0	0	0	.	0|0|1850|71369,0|0|0|0,0|0|0|0,0|0|0|0,0|.0|.,.|.
5HT2cR-ligated-N	183	184	C	1850	1850	0	0	1850	0	0	0	0	0	70087	0	0	.	0	0	0	0	0	0	0	0	0	0	.	0	1850	0	0	0	0	0	70087	0	0	.	0|0|0|0,0|0|1850|70087,0|0|0|0,0|0|0|0,0|.0|.,.|.
5HT2cR-ligated-N	184	185	A	1850	1850	0	1850	0	0	0	0	0	71710	0	0	0	.	0	0	0	0	0	0	0	0	0	0	.	1850	0	0	0	0	0	71710	0	0	0	.	0|0|1850|71710,0|0|0|0,0|0|0|0,0|0|0|0,0|.0|.,.|.
5HT2cR-ligated-N	185	186	G	1850	1850	0	0	0	1850	0	0	0	0	0	70004	0	.	0	0	0	0	0	0	0	0	0	0	.	0	0	1850	0	0	0	0	0	70004	0	.	0|0|0|0,0|0|0|0,0|0|1850|70004,0|0|0|0,0|.0|.,.|.
5HT2cR-ligated-N	186	187	A	1850	1850	0	1850	0	0	0	0	0	69649	0	0	0	.	0	0	0	0	0	0	0	0	0	0	.	1850	0	0	0	0	0	69649	0	0	0	.	0|0|1850|69649,0|0|0|0,0|0|0|0,0|0|0|0,0|.0|.,.|.
5HT2cR-ligated-N	187	188	C	1850	1850	0	0	1850	0	0	0	0	0	69971	0	0	.	0	0	0	0	0	0	0	0	0	0	.	0	1850	0	0	0	0	0	69971	0	0	.	0|0|0|0,0|0|1850|69971,0|0|0|0,0|0|0|0,0|.0|.,.|.
5HT2cR-ligated-N	188	189	G	1850	1850	0	0	0	1850	0	0	0	0	0	69944	0	.	0	0	0	0	0	0	0	0	0	0	.	0	0	1850	0	0	0	0	0	69944	0	.	0|0|0|0,0|0|0|0,0|0|1850|69944,0|0|0|0,0|.0|.,.|.
5HT2cR-ligated-N	189	190	T	1850	1436	414	414	0	0	1436	0	0	15616	0	0	54173	.	0	0	0	0	0	0	0	0	0	0	.	414	0	0	1436	0	0	15616	0	0	54173	.	0|0|414|15616,0|0|0|0,0|0|0|0,0|0|1436|54173,0|.0|.,.|.
5HT2cR-ligated-N	190	191	C	1850	1850	0	0	1850	0	0	0	0	0	69795	0	0	.	0	0	0	0	0	0	0	0	0	0	.	0	1850	0	0	0	0	0	69795	0	0	.	0|0|0|0,0|0|1850|69795,0|0|0|0,0|0|0|0,0|.0|.,.|.
5HT2cR-ligated-N	191	192	G	1850	1849	1	1	0	1849	0	0	0	37	0	71369	0	.	0	0	0	0	0	0	0	0	0	0	.	1	0	1849	0	0	0	37	0	71369	0	.	0|0|1|37,0|0|0|0,0|0|1849|71369,0|0|0|0,0|.0|.,.|.
5HT2cR-ligated-N	192	193	A	1850	1849	1	1849	0	0	1	0	0	71064	0	0	37	.	0	0	0	0	0	0	0	0	0	0	.	1849	0	0	1	0	0	71064	0	0	37	.	0|0|1849|71064,0|0|0|0,0|0|0|0,0|0|1|37,0|.0|.,.|.
5HT2cR-ligated-N	193	194	C	1850	1850	0	0	1850	0	0	0	0	0	71660	0	0	.	0	0	0	0	0	0	0	0	0	0	.	0	1850	0	0	0	0	0	71660	0	0	.	0|0|0|0,0|0|1850|71660,0|0|0|0,0|0|0|0,0|.0|.,.|.
5HT2cR-ligated-N	194	195	T	1850	1849	1	0	1	0	1849	0	0	0	37	0	71431	.	0	0	0	0	0	0	0	0	0	0	.	0	1	0	1849	0	0	0	37	0	71431	.	0|0|0|0,0|0|1|37,0|0|0|0,0|0|1849|71431,0|.0|.,.|.
5HT2cR-ligated-N	195	196	G	1850	1850	0	0	0	1850	0	0	0	0	0	71583	0	.	0	0	0	0	0	0	0	0	0	0	.	0	0	1850	0	0	0	0	0	71583	0	.	0|0|0|0,0|0|0|0,0|0|1850|71583,0|0|0|0,0|.0|.,.|.
5HT2cR-ligated-N	196	197	G	1850	1850	0	0	0	1850	0	0	0	0	0	71410	0	.	0	0	0	0	0	0	0	0	0	0	.	0	0	1850	0	0	0	0	0	71410	0	.	0|0|0|0,0|0|0|0,0|0|1850|71410,0|0|0|0,0|.0|.,.|.
5HT2cR-ligated-N	197	198	T	1850	1609	241	240	0	1	1609	0	0	9310	0	17	62299	.	0	0	0	0	0	0	0	0	0	0	.	240	0	1	1609	0	0	9310	0	17	62299	.	0|0|240|9310,0|0|0|0,0|0|1|17,0|0|1609|62299,0|.0|.,.|.
5HT2cR-ligated-N	198	199	A	1850	1850	0	1850	0	0	0	0	0	71645	0	0	0	.	0	0	0	0	0	0	0	0	0	0	.	1850	0	0	0	0	0	71645	0	0	0	.	0|0|1850|71645,0|0|0|0,0|0|0|0,0|0|0|0,0|.0|.,.|.
5HT2cR-ligated-N	199	200	A	1850	1850	0	1850	0	0	0	0	0	71119	0	0	0	.	0	0	0	0	0	0	0	0	0	0	.	1850	0	0	0	0	0	71119	0	0	0	.	0|0|1850|71119,0|0|0|0,0|0|0|0,0|0|0|0,0|.0|.,.|.
5HT2cR-ligated-N	200	201	C	1850	1849	1	0	1849	0	1	0	0	0	71558	0	38	.	0	0	0	0	0	0	0	0	0	0	.	0	1849	0	1	0	0	0	71558	0	38	.	0|0|0|0,0|0|1849|71558,0|0|0|0,0|0|1|38,0|.0|.,.|.
5HT2cR-ligated-N	201	202	A	1850	1850	0	1850	0	0	0	0	0	71467	0	0	0	.	0	0	0	0	0	0	0	0	0	0	.	1850	0	0	0	0	0	71467	0	0	0	.	0|0|1850|71467,0|0|0|0,0|0|0|0,0|0|0|0,0|.0|.,.|.
5HT2cR-ligated-N	202	203	T	1850	1673	177	1	0	0	1673	176	0	17	0	0	63096	.	0	0	0	0	0	0	0	0	0	0	.	1	0	0	1673	176	0	17	0	0	63096	.	0|0|1|17,0|0|0|0,0|0|0|0,0|0|1673|63096,0|.176|.,.|.
5HT2cR-ligated-N	203	204	T	1850	1848	2	0	2	0	1848	0	0	0	55	0	69553	.	0	0	0	0	0	0	0	0	0	0	.	0	2	0	1848	0	0	0	55	0	69553	.	0|0|0|0,0|0|2|55,0|0|0|0,0|0|1848|69553,0|.0|.,.|.
5HT2cR-ligated-N	204	205	T	1850	1850	0	0	0	0	1850	0	0	0	0	0	69735	.	0	0	0	0	0	0	0	0	0	0	.	0	0	0	1850	0	0	0	0	0	69735	.	0|0|0|0,0|0|0|0,0|0|0|0,0|0|1850|69735,0|.0|.,.|.
5HT2cR-ligated-N	205	206	G	1850	1850	0	0	0	1850	0	0	0	0	0	69699	0	.	0	0	0	0	0	0	0	0	0	0	.	0	0	1850	0	0	0	0	0	69699	0	.	0|0|0|0,0|0|0|0,0|0|1850|69699,0|0|0|0,0|.0|.,.|.
5HT2cR-ligated-N	206	207	C	1850	1850	0	0	1850	0	0	0	0	0	69771	0	0	.	0	0	0	0	0	0	0	0	0	0	.	0	1850	0	0	0	0	0	69771	0	0	.	0|0|0|0,0|0|1850|69771,0|0|0|0,0|0|0|0,0|.0|.,.|.
5HT2cR-ligated-N	207	208	G	1850	1850	0	0	0	1850	0	0	0	0	0	71495	0	.	0	0	0	0	0	0	0	0	0	0	.	0	0	1850	0	0	0	0	0	71495	0	.	0|0|0|0,0|0|0|0,0|0|1850|71495,0|0|0|0,0|.0|.,.|.
5HT2cR-ligated-N	208	209	T	1850	1850	0	0	0	0	1850	0	0	0	0	0	71679	.	0	0	0	0	0	0	0	0	0	0	.	0	0	0	1850	0	0	0	0	0	71679	.	0|0|0|0,0|0|0|0,0|0|0|0,0|0|1850|71679,0|.0|.,.|.
5HT2cR-ligated-N	209	210	T	1850	1850	0	0	0	0	1850	0	0	0	0	0	71392	.	0	0	0	0	0	0	0	0	0	0	.	0	0	0	1850	0	0	0	0	0	71392	.	0|0|0|0,0|0|0|0,0|0|0|0,0|0|1850|71392,0|.0|.,.|.
5HT2cR-ligated-N	210	211	T	1850	1850	0	0	0	0	1850	0	0	0	0	0	70390	.	0	0	0	0	0	0	0	0	0	0	.	0	0	0	1850	0	0	0	0	0	70390	.	0|0|0|0,0|0|0|0,0|0|0|0,0|0|1850|70390,0|.0|.,.|.
5HT2cR-ligated-N	211	212	G	1850	1849	1	0	0	1849	1	0	0	0	0	70208	15	.	0	0	0	0	0	0	0	0	0	0	.	0	0	1849	1	0	0	0	0	70208	15	.	0|0|0|0,0|0|0|0,0|0|1849|70208,0|0|1|15,0|.0|.,.|.
5HT2cR-ligated-N	212	213	A	1850	1849	1	1849	0	1	0	0	0	70085	0	38	0	.	0	0	0	0	0	0	0	0	0	0	.	1849	0	1	0	0	0	70085	0	38	0	.	0|0|1849|70085,0|0|0|0,0|0|1|38,0|0|0|0,0|.0|.,.|.
5HT2cR-ligated-N	213	214	T	1850	1436	414	414	0	0	1436	0	0	15552	0	0	53776	.	0	0	0	0	0	0	0	0	0	0	.	414	0	0	1436	0	0	15552	0	0	53776	.	0|0|414|15552,0|0|0|0,0|0|0|0,0|0|1436|53776,0|.0|.,.|.
5HT2cR-ligated-N	214	215	C	1850	1850	0	0	1850	0	0	0	0	0	69771	0	0	.	0	0	0	0	0	0	0	0	0	0	.	0	1850	0	0	0	0	0	69771	0	0	.	0|0|0|0,0|0|1850|69771,0|0|0|0,0|0|0|0,0|.0|.,.|.
5HT2cR-ligated-N	215	216	G	1850	1850	0	0	0	1850	0	0	0	0	0	70309	0	.	0	0	0	0	0	0	0	0	0	0	.	0	0	1850	0	0	0	0	0	70309	0	.	0|0|0|0,0|0|0|0,0|0|1850|70309,0|0|0|0,0|.0|.,.|.
5HT2cR-ligated-N	216	217	G	1850	1850	0	0	0	1850	0	0	0	0	0	70502	0	.	0	0	0	0	0	0	0	0	0	0	.	0	0	1850	0	0	0	0	0	70502	0	.	0|0|0|0,0|0|0|0,0|0|1850|70502,0|0|0|0,0|.0|.,.|.
5HT2cR-ligated-N	217	218	G	1850	1850	0	0	0	1850	0	0	0	0	0	70327	0	.	0	0	0	0	0	0	0	0	0	0	.	0	0	1850	0	0	0	0	0	70327	0	.	0|0|0|0,0|0|0|0,0|0|1850|70327,0|0|0|0,0|.0|.,.|.
