chrom	start	end	ref	depth	r_depth	a_depth	num_A	num_C	num_G	num_T	num_D	num_I	totQ_A	totQ_C	totQ_G	totQ_T	all_ins	num_F_A	num_F_C	num_F_G	num_F_T	num_F_D	num_F_I	totQ_F_A	totQ_F_C	totQ_F_G	totQ_F_T	all_F_ins	num_R_A	num_R_C	num_R_G	num_R_T	num_R_D	num_R_I	totQ_R_A	totQ_R_C	totQ_R_G	totQ_R_T	all_R_ins	sample_1
5HT2cR-ligated-N	0	1	G	849	849	0	0	0	849	0	0	0	0	0	29404	0	.	0	0	0	0	0	0	0	0	0	0	.	0	0	849	0	0	0	0	0	29404	0	.	0|0|0|0,0|0|0|0,0|0|849|29404,0|0|0|0,0|.0|.,.|.
5HT2cR-ligated-N	1	2	G	849	849	0	0	0	849	0	0	0	0	0	29430	0	.	0	0	0	0	0	0	0	0	0	0	.	0	0	849	0	0	0	0	0	29430	0	.	0|0|0|0,0|0|0|0,0|0|849|29430,0|0|0|0,0|.0|.,.|.
5HT2cR-ligated-N	2	3	C	849	849	0	0	849	0	0	0	0	0	29296	0	0	.	0	0	0	0	0	0	0	0	0	0	.	0	849	0	0	0	0	0	29296	0	0	.	0|0|0|0,0|0|849|29296,0|0|0|0,0|0|0|0,0|.0|.,.|.
5HT2cR-ligated-N	3	4	T	849	849	0	0	0	0	849	0	0	0	0	0	29438	.	0	0	0	0	0	0	0	0	0	0	.	0	0	0	849	0	0	0	0	0	29438	.	0|0|0|0,0|0|0|0,0|0|0|0,0|0|849|29438,0|.0|.,.|.
5HT2cR-ligated-N	4	5	G	1600	1599	1	1	0	1599	0	0	0	34	0	55469	0	.	0	0	0	0	0	0	0	0	0	0	.	1	0	1599	0	0	0	34	0	55469	0	.	0|0|1|34,0|0|0|0,0|0|1599|55469,0|0|0|0,0|.0|.,.|.
5HT2cR-ligated-N	5	6	G	1600	1600	0	0	0	1600	0	0	0	0	0	58295	0	.	0	0	0	0	0	0	0	0	0	0	.	0	0	1600	0	0	0	0	0	58295	0	.	0|0|0|0,0|0|0|0,0|0|1600|58295,0|0|0|0,0|.0|.,.|.
5HT2cR-ligated-N	6	7	A	1601	1600	1	1600	0	1	0	0	0	58537	0	2	0	.	0	0	0	0	0	0	0	0	0	0	.	1600	0	1	0	0	0	58537	0	2	0	.	0|0|1600|58537,0|0|0|0,0|0|1|2,0|0|0|0,0|.0|.,.|.
5HT2cR-ligated-N	7	8	T	1601	1598	3	2	0	1	1598	0	0	16	0	15	58558	.	0	0	0	0	0	0	0	0	0	0	.	2	0	1	1598	0	0	16	0	15	58558	.	0|0|2|16,0|0|0|0,0|0|1|15,0|0|1598|58558,0|.0|.,.|.
5HT2cR-ligated-N	8	9	C	1601	1601	0	0	1601	0	0	0	0	0	60280	0	0	.	0	0	0	0	0	0	0	0	0	0	.	0	1601	0	0	0	0	0	60280	0	0	.	0|0|0|0,0|0|1601|60280,0|0|0|0,0|0|0|0,0|.0|.,.|.
5HT2cR-ligated-N	9	10	G	1601	1599	2	1	1	1599	0	0	0	32	37	60273	0	.	0	0	0	0	0	0	0	0	0	0	.	1	1	1599	0	0	0	32	37	60273	0	.	0|0|1|32,0|0|1|37,0|0|1599|60273,0|0|0|0,0|.0|.,.|.
5HT2cR-ligated-N	10	11	G	1601	1601	0	0	0	1601	0	0	0	0	0	60467	0	.	0	0	0	0	0	0	0	0	0	0	.	0	0	1601	0	0	0	0	0	60467	0	.	0|0|0|0,0|0|0|0,0|0|1601|60467,0|0|0|0,0|.0|.,.|.
5HT2cR-ligated-N	11	12	T	1601	1598	3	1	0	2	1598	0	0	36	0	4	58544	.	0	0	0	0	0	0	0	0	0	0	.	1	0	2	1598	0	0	36	0	4	58544	.	0|0|1|36,0|0|0|0,0|0|2|4,0|0|1598|58544,0|.0|.,.|.
5HT2cR-ligated-N	12	13	A	1601	1600	1	1600	0	1	0	0	0	60256	0	16	0	.	0	0	0	0	0	0	0	0	0	0	.	1600	0	1	0	0	0	60256	0	16	0	.	0|0|1600|60256,0|0|0|0,0|0|1|16,0|0|0|0,0|.0|.,.|.
5HT2cR-ligated-N	13	14	T	1601	1601	0	0	0	0	1601	0	0	0	0	0	60421	.	0	0	0	0	0	0	0	0	0	0	.	0	0	0	1601	0	0	0	0	0	60421	.	0|0|0|0,0|0|0|0,0|0|0|0,0|0|1601|60421,0|.0|.,.|.
5HT2cR-ligated-N	14	15	G	1601	1600	1	0	0	1600	1	0	0	0	0	60703	2	.	0	0	0	0	0	0	0	0	0	0	.	0	0	1600	1	0	0	0	0	60703	2	.	0|0|0|0,0|0|0|0,0|0|1600|60703,0|0|1|2,0|.0|.,.|.
5HT2cR-ligated-N	15	16	T	1601	1600	1	1	0	0	1600	0	0	39	0	0	61146	.	0	0	0	0	0	0	0	0	0	0	.	1	0	0	1600	0	0	39	0	0	61146	.	0|0|1|39,0|0|0|0,0|0|0|0,0|0|1600|61146,0|.0|.,.|.
5HT2cR-ligated-N	16	17	A	1601	1598	3	1598	0	3	0	0	0	61081	0	88	0	.	0	0	0	0	0	0	0	0	0	0	.	1598	0	3	0	0	0	61081	0	88	0	.	0|0|1598|61081,0|0|0|0,0|0|3|88,0|0|0|0,0|.0|.,.|.
5HT2cR-ligated-N	17	18	G	1601	1599	2	1	1	1599	0	0	0	2	2	61112	0	.	0	0	0	0	0	0	0	0	0	0	.	1	1	1599	0	0	0	2	2	61112	0	.	0|0|1|2,0|0|1|2,0|0|1599|61112,0|0|0|0,0|.0|.,.|.
5HT2cR-ligated-N	18	19	C	1601	1600	1	0	1600	1	0	0	0	0	61535	2	0	.	0	0	0	0	0	0	0	0	0	0	.	0	1600	1	0	0	0	0	61535	2	0	.	0|0|0|0,0|0|1600|61535,0|0|1|2,0|0|0|0,0|.0|.,.|.
5HT2cR-ligated-N	19	20	A	1601	1601	0	1601	0	0	0	0	0	61593	0	0	0	.	0	0	0	0	0	0	0	0	0	0	.	1601	0	0	0	0	0	61593	0	0	0	.	0|0|1601|61593,0|0|0|0,0|0|0|0,0|0|0|0,0|.0|.,.|.
5HT2cR-ligated-N	20	21	N	1601	0	1601	1600	1	0	0	0	0	61522	16	0	0	.	0	0	0	0	0	0	0	0	0	0	.	1600	1	0	0	0	0	61522	16	0	0	.	0|0|1600|61522,0|0|1|16,0|0|0|0,0|0|0|0,0|.0|.,.|.
5HT2cR-ligated-N	21	22	T	1601	1600	1	1	0	0	1600	0	0	2	0	0	61574	.	0	0	0	0	0	0	0	0	0	0	.	1	0	0	1600	0	0	2	0	0	61574	.	0|0|1|2,0|0|0|0,0|0|0|0,0|0|1600|61574,0|.0|.,.|.
5HT2cR-ligated-N	22	23	N	1601	0	1601	1600	0	0	1	0	0	61396	0	0	2	.	0	0	0	0	0	0	0	0	0	0	.	1600	0	0	1	0	0	61396	0	0	2	.	0|0|1600|61396,0|0|0|0,0|0|0|0,0|0|1|2,0|.0|.,.|.
5HT2cR-ligated-N	23	24	C	1601	1601	0	0	1601	0	0	0	0	0	61323	0	0	.	0	0	0	0	0	0	0	0	0	0	.	0	1601	0	0	0	0	0	61323	0	0	.	0|0|0|0,0|0|1601|61323,0|0|0|0,0|0|0|0,0|.0|.,.|.
5HT2cR-ligated-N	24	25	G	1601	1601	0	0	0	1601	0	0	0	0	0	61606	0	.	0	0	0	0	0	0	0	0	0	0	.	0	0	1601	0	0	0	0	0	61606	0	.	0|0|0|0,0|0|0|0,0|0|1601|61606,0|0|0|0,0|.0|.,.|.
5HT2cR-ligated-N	25	26	T	1601	1597	4	1	1	2	1597	0	0	2	37	4	61129	.	0	0	0	0	0	0	0	0	0	0	.	1	1	2	1597	0	0	2	37	4	61129	.	0|0|1|2,0|0|1|37,0|0|2|4,0|0|1597|61129,0|.0|.,.|.
5HT2cR-ligated-N	26	27	N	1601	0	1601	1601	0	0	0	0	0	61590	0	0	0	.	0	0	0	0	0	0	0	0	0	0	.	1601	0	0	0	0	0	61590	0	0	0	.	0|0|1601|61590,0|0|0|0,0|0|0|0,0|0|0|0,0|.0|.,.|.
5HT2cR-ligated-N	27	28	N	1601	0	1601	1601	0	0	0	0	0	61520	0	0	0	.	0	0	0	0	0	0	0	0	0	0	.	1601	0	0	0	0	0	61520	0	0	0	.	0|0|1601|61520,0|0|0|0,0|0|0|0,0|0|0|0,0|.0|.,.|.
5HT2cR-ligated-N	28	29	T	1601	1601	0	0	0	0	1601	0	0	0	0	0	60641	.	0	0	0	0	0	0	0	0	0	0	.	0	0	0	1601	0	0	0	0	0	60641	.	0|0|0|0,0|0|0|0,0|0|0|0,0|0|1601|60641,0|.0|.,.|.
5HT2cR-ligated-N	29	30	C	1601	1600	1	1	1600	0	0	0	0	2	61506	0	0	.	0	0	0	0	0	0	0	0	0	0	.	1	1600	0	0	0	0	2	61506	0	0	.	0|0|1|2,0|0|1600|61506,0|0|0|0,0|0|0|0,0|.0|.,.|.
5HT2cR-ligated-N	30	31	C	1601	1601	0	0	1601	0	0	0	0	0	61543	0	0	.	0	0	0	0	0	0	0	0	0	0	.	0	1601	0	0	0	0	0	61543	0	0	.	0|0|0|0,0|0|1601|61543,0|0|0|0,0|0|0|0,0|.0|.,.|.
5HT2cR-ligated-N	31	32	T	1601	1600	1	1	0	0	1600	0	0	15	0	0	61589	.	0	0	0	0	0	0	0	0	0	0	.	1	0	0	1600	0	0	15	0	0	61589	.	0|0|1|15,0|0|0|0,0|0|0|0,0|0|1600|61589,0|.0|.,.|.
5HT2cR-ligated-N	32	33	N	1601	0	1601	1600	0	0	1	0	0	61535	0	0	2	.	0	0	0	0	0	0	0	0	0	0	.	1600	0	0	1	0	0	61535	0	0	2	.	0|0|1600|61535,0|0|0|0,0|0|0|0,0|0|1|2,0|.0|.,.|.
5HT2cR-ligated-N	33	34	T	1601	1601	0	0	0	0	1601	0	0	0	0	0	61771	.	0	0	0	0	0	0	0	0	0	0	.	0	0	0	1601	0	0	0	0	0	61771	.	0|0|0|0,0|0|0|0,0|0|0|0,0|0|1601|61771,0|.0|.,.|.
5HT2cR-ligated-N	34	35	T	1601	1601	0	0	0	0	1601	0	0	0	0	0	61752	.	0	0	0	0	0	0	0	0	0	0	.	0	0	0	1601	0	0	0	0	0	61752	.	0|0|0|0,0|0|0|0,0|0|0|0,0|0|1601|61752,0|.0|.,.|.
5HT2cR-ligated-N	35	36	G	1636	1636	0	0	0	1636	0	0	0	0	0	63031	0	.	0	0	0	0	0	0	0	0	0	0	.	0	0	1636	0	0	0	0	0	63031	0	.	0|0|0|0,0|0|0|0,0|0|1636|63031,0|0|0|0,0|.0|.,.|.
5HT2cR-ligated-N	36	37	A	1636	1635	1	1635	0	1	0	0	0	62712	0	2	0	.	0	0	0	0	0	0	0	0	0	0	.	1635	0	1	0	0	0	62712	0	2	0	.	0|0|1635|62712,0|0|0|0,0|0|1|2,0|0|0|0,0|.0|.,.|.
5HT2cR-ligated-N	37	38	G	1636	1634	2	1	1	1634	0	0	0	2	2	62488	0	.	0	0	0	0	0	0	0	0	0	0	.	1	1	1634	0	0	0	2	2	62488	0	.	0|0|1|2,0|0|1|2,0|0|1634|62488,0|0|0|0,0|.0|.,.|.
5HT2cR-ligated-N	38	39	C	1636	1636	0	0	1636	0	0	0	0	0	62871	0	0	.	0	0	0	0	0	0	0	0	0	0	.	0	1636	0	0	0	0	0	62871	0	0	.	0|0|0|0,0|0|1636|62871,0|0|0|0,0|0|0|0,0|.0|.,.|.
5HT2cR-ligated-N	39	40	A	1637	1627	10	1627	0	1	9	0	0	62624	0	33	314	.	0	0	0	0	0	0	0	0	0	0	.	1627	0	1	9	0	0	62624	0	33	314	.	0|0|1627|62624,0|0|0|0,0|0|1|33,0|0|9|314,0|.0|.,.|.
5HT2cR-ligated-N	40	41	T	1637	1636	1	1	0	0	1636	0	0	2	0	0	62741	.	0	0	0	0	0	0	0	0	0	0	.	1	0	0	1636	0	0	2	0	0	62741	.	0|0|1|2,0|0|0|0,0|0|0|0,0|0|1636|62741,0|.0|.,.|.
5HT2cR-ligated-N	41	42	A	1638	1636	2	1636	0	0	2	0	0	62355	0	0	41	.	0	0	0	0	0	0	0	0	0	0	.	1636	0	0	2	0	0	62355	0	0	41	.	0|0|1636|62355,0|0|0|0,0|0|0|0,0|0|2|41,0|.0|.,.|.
5HT2cR-ligated-N	42	43	G	1638	1637	1	0	0	1637	1	0	0	0	0	62355	38	.	0	0	0	0	0	0	0	0	0	0	.	0	0	1637	1	0	0	0	0	62355	38	.	0|0|0|0,0|0|0|0,0|0|1637|62355,0|0|1|38,0|.0|.,.|.
5HT2cR-ligated-N	43	44	C	1638	1636	2	0	1636	1	0	1	0	0	62192	2	0	.	0	0	0	0	0	0	0	0	0	0	.	0	1636	1	0	1	0	0	62192	2	0	.	0|0|0|0,0|0|1636|62192,0|0|1|2,0|0|0|0,0|.1|.,.|.
5HT2cR-ligated-N	44	45	C	1638	1636	2	0	1636	1	1	0	0	0	62211	2	18	.	0	0	0	0	0	0	0	0	0	0	.	0	1636	1	1	0	0	0	62211	2	18	.	0|0|0|0,0|0|1636|62211,0|0|1|2,0|0|1|18,0|.0|.,.|.
5HT2cR-ligated-N	45	46	G	1638	1576	62	0	0	1576	1	61	0	0	0	59392	37	.	0	0	0	0	0	0	0	0	0	0	.	0	0	1576	1	61	0	0	0	59392	37	.	0|0|0|0,0|0|0|0,0|0|1576|59392,0|0|1|37,0|.61|.,.|.
5HT2cR-ligated-N	46	47	G	1638	1638	0	0	0	1638	0	0	0	0	0	61782	0	.	0	0	0	0	0	0	0	0	0	0	.	0	0	1638	0	0	0	0	0	61782	0	.	0|0|0|0,0|0|0|0,0|0|1638|61782,0|0|0|0,0|.0|.,.|.
5HT2cR-ligated-N	47	48	T	1638	1636	2	0	0	2	1636	0	0	0	0	18	59486	.	0	0	0	0	0	0	0	0	0	0	.	0	0	2	1636	0	0	0	0	18	59486	.	0|0|0|0,0|0|0|0,0|0|2|18,0|0|1636|59486,0|.0|.,.|.
5HT2cR-ligated-N	48	49	T	1638	1485	153	152	0	1	1485	0	0	5300	0	31	55744	.	0	0	0	0	0	0	0	0	0	0	.	152	0	1	1485	0	0	5300	0	31	55744	.	0|0|152|5300,0|0|0|0,0|0|1|31,0|0|1485|55744,0|.0|.,.|.
5HT2cR-ligated-N	49	50	T	1638	1638	0	0	0	0	1638	0	0	0	0	0	61650	.	0	0	0	0	0	0	0	0	0	0	.	0	0	0	1638	0	0	0	0	0	61650	.	0|0|0|0,0|0|0|0,0|0|0|0,0|0|1638|61650,0|.0|.,.|.
5HT2cR-ligated-N	50	51	C	1638	1636	2	1	1636	0	1	0	0	2	62782	0	14	.	0	0	0	0	0	0	0	0	0	0	.	1	1636	0	1	0	0	2	62782	0	14	.	0|0|1|2,0|0|1636|62782,0|0|0|0,0|0|1|14,0|.0|.,.|.
5HT2cR-ligated-N	51	52	A	1638	1637	1	1637	0	1	0	0	0	62657	0	14	0	.	0	0	0	0	0	0	0	0	0	0	.	1637	0	1	0	0	0	62657	0	14	0	.	0|0|1637|62657,0|0|0|0,0|0|1|14,0|0|0|0,0|.0|.,.|.
5HT2cR-ligated-N	52	53	A	1638	1636	2	1636	0	2	0	0	0	61678	0	52	0	.	0	0	0	0	0	0	0	0	0	0	.	1636	0	2	0	0	0	61678	0	52	0	.	0|0|1636|61678,0|0|0|0,0|0|2|52,0|0|0|0,0|.0|.,.|.
5HT2cR-ligated-N	53	54	T	1638	1552	86	0	0	0	1552	86	0	0	0	0	58796	.	0	0	0	0	0	0	0	0	0	0	.	0	0	0	1552	86	0	0	0	0	58796	.	0|0|0|0,0|0|0|0,0|0|0|0,0|0|1552|58796,0|.86|.,.|.
5HT2cR-ligated-N	54	55	T	1638	1638	0	0	0	0	1638	0	0	0	0	0	62201	.	0	0	0	0	0	0	0	0	0	0	.	0	0	0	1638	0	0	0	0	0	62201	.	0|0|0|0,0|0|0|0,0|0|0|0,0|0|1638|62201,0|.0|.,.|.
5HT2cR-ligated-N	55	56	C	1638	991	647	0	991	1	1	645	0	0	37127	20	2	.	0	0	0	0	0	0	0	0	0	0	.	0	991	1	1	645	0	0	37127	20	2	.	0|0|0|0,0|0|991|37127,0|0|1|20,0|0|1|2,0|.645|.,.|.
5HT2cR-ligated-N	56	57	G	1638	1638	0	0	0	1638	0	0	0	0	0	62137	0	.	0	0	0	0	0	0	0	0	0	0	.	0	0	1638	0	0	0	0	0	62137	0	.	0|0|0|0,0|0|0|0,0|0|1638|62137,0|0|0|0,0|.0|.,.|.
5HT2cR-ligated-N	57	58	C	1638	1635	3	1	1635	1	1	0	0	16	61905	2	37	.	0	0	0	0	0	0	0	0	0	0	.	1	1635	1	1	0	0	16	61905	2	37	.	0|0|1|16,0|0|1635|61905,0|0|1|2,0|0|1|37,0|.0|.,.|.
5HT2cR-ligated-N	58	59	G	1751	1750	1	0	1	1750	0	0	0	0	2	66241	0	.	0	0	0	0	0	0	0	0	0	0	.	0	1	1750	0	0	0	0	2	66241	0	.	0|0|0|0,0|0|1|2,0|0|1750|66241,0|0|0|0,0|.0|.,.|.
5HT2cR-ligated-N	59	60	G	1751	1665	86	0	0	1665	86	0	0	0	0	62626	3319	.	0	0	0	0	0	0	0	0	0	0	.	0	0	1665	86	0	0	0	0	62626	3319	.	0|0|0|0,0|0|0|0,0|0|1665|62626,0|0|86|3319,0|.0|.,.|.
5HT2cR-ligated-N	60	61	A	1751	1750	1	1750	0	1	0	0	0	65538	0	2	0	.	0	0	0	0	0	0	0	0	0	0	.	1750	0	1	0	0	0	65538	0	2	0	.	0|0|1750|65538,0|0|0|0,0|0|1|2,0|0|0|0,0|.0|.,.|.
5HT2cR-ligated-N	61	62	C	1751	1750	1	0	1750	0	1	0	0	0	65878	0	29	.	0	0	0	0	0	0	0	0	0	0	.	0	1750	0	1	0	0	0	65878	0	29	.	0|0|0|0,0|0|1750|65878,0|0|0|0,0|0|1|29,0|.0|.,.|.
5HT2cR-ligated-N	62	63	T	1751	1742	9	8	1	0	1742	0	0	309	2	0	65754	.	0	0	0	0	0	0	0	0	0	0	.	8	1	0	1742	0	0	309	2	0	65754	.	0|0|8|309,0|0|1|2,0|0|0|0,0|0|1742|65754,0|.0|.,.|.
5HT2cR-ligated-N	63	64	A	1751	1750	1	1750	0	1	0	0	0	66945	0	39	0	.	0	0	0	0	0	0	0	0	0	0	.	1750	0	1	0	0	0	66945	0	39	0	.	0|0|1750|66945,0|0|0|0,0|0|1|39,0|0|0|0,0|.0|.,.|.
5HT2cR-ligated-N	64	65	A	1751	1748	3	1748	0	3	0	0	0	66706	0	67	0	.	0	0	0	0	0	0	0	0	0	0	.	1748	0	3	0	0	0	66706	0	67	0	.	0|0|1748|66706,0|0|0|0,0|0|3|67,0|0|0|0,0|.0|.,.|.
5HT2cR-ligated-N	65	66	G	1751	1749	2	1	0	1749	1	0	0	20	0	66781	31	.	0	0	0	0	0	0	0	0	0	0	.	1	0	1749	1	0	0	20	0	66781	31	.	0|0|1|20,0|0|0|0,0|0|1749|66781,0|0|1|31,0|.0|.,.|.
5HT2cR-ligated-N	66	67	G	1751	1750	1	1	0	1750	0	0	0	19	0	66656	0	.	0	0	0	0	0	0	0	0	0	0	.	1	0	1750	0	0	0	19	0	66656	0	.	0|0|1|19,0|0|0|0,0|0|1750|66656,0|0|0|0,0|.0|.,.|.
5HT2cR-ligated-N	67	68	C	1751	1542	209	1	1542	208	0	0	0	18	58537	8019	0	.	0	0	0	0	0	0	0	0	0	0	.	1	1542	208	0	0	0	18	58537	8019	0	.	0|0|1|18,0|0|1542|58537,0|0|208|8019,0|0|0|0,0|.0|.,.|.
5HT2cR-ligated-N	68	69	C	1751	1748	3	2	1748	0	1	0	0	31	66516	0	14	.	0	0	0	0	0	0	0	0	0	0	.	2	1748	0	1	0	0	31	66516	0	14	.	0|0|2|31,0|0|1748|66516,0|0|0|0,0|0|1|14,0|.0|.,.|.
5HT2cR-ligated-N	69	70	A	1751	1749	2	1749	1	0	1	0	0	66562	2	0	17	.	0	0	0	0	0	0	0	0	0	0	.	1749	1	0	1	0	0	66562	2	0	17	.	0|0|1749|66562,0|0|1|2,0|0|0|0,0|0|1|17,0|.0|.,.|.
5HT2cR-ligated-N	70	71	T	1751	1715	36	36	0	0	1715	0	0	1364	0	0	65396	.	0	0	0	0	0	0	0	0	0	0	.	36	0	0	1715	0	0	1364	0	0	65396	.	0|0|36|1364,0|0|0|0,0|0|0|0,0|0|1715|65396,0|.0|.,.|.
5HT2cR-ligated-N	71	72	C	1751	1749	2	0	1749	0	2	0	0	0	66612	0	39	.	0	0	0	0	0	0	0	0	0	0	.	0	1749	0	2	0	0	0	66612	0	39	.	0|0|0|0,0|0|1749|66612,0|0|0|0,0|0|2|39,0|.0|.,.|.
5HT2cR-ligated-N	72	73	A	1751	1105	646	1105	1	0	0	645	0	41661	2	0	0	.	0	0	0	0	0	0	0	0	0	0	.	1105	1	0	0	645	0	41661	2	0	0	.	0|0|1105|41661,0|0|1|2,0|0|0|0,0|0|0|0,0|.645|.,.|.
5HT2cR-ligated-N	73	74	T	1751	1104	647	2	0	645	1104	0	0	32	0	24226	41726	.	0	0	0	0	0	0	0	0	0	0	.	2	0	645	1104	0	0	32	0	24226	41726	.	0|0|2|32,0|0|0|0,0|0|645|24226,0|0|1104|41726,0|.0|.,.|.
5HT2cR-ligated-N	74	75	G	1751	1749	2	0	0	1749	2	0	0	0	0	65940	18	.	0	0	0	0	0	0	0	0	0	0	.	0	0	1749	2	0	0	0	0	65940	18	.	0|0|0|0,0|0|0|0,0|0|1749|65940,0|0|2|18,0|.0|.,.|.
5HT2cR-ligated-N	75	76	A	1751	1750	1	1750	0	1	0	0	0	64982	0	2	0	.	0	0	0	0	0	0	0	0	0	0	.	1750	0	1	0	0	0	64982	0	2	0	.	0|0|1750|64982,0|0|0|0,0|0|1|2,0|0|0|0,0|.0|.,.|.
5HT2cR-ligated-N	76	77	A	1751	1751	0	1751	0	0	0	0	0	65585	0	0	0	.	0	0	0	0	0	0	0	0	0	0	.	1751	0	0	0	0	0	65585	0	0	0	.	0|0|1751|65585,0|0|0|0,0|0|0|0,0|0|0|0,0|.0|.,.|.
5HT2cR-ligated-N	77	78	G	1751	1750	1	0	0	1750	1	0	0	0	0	65495	17	.	0	0	0	0	0	0	0	0	0	0	.	0	0	1750	1	0	0	0	0	65495	17	.	0|0|0|0,0|0|0|0,0|0|1750|65495,0|0|1|17,0|.0|.,.|.
5HT2cR-ligated-N	78	79	A	1751	1749	2	1749	0	1	1	0	0	66158	0	2	2	.	0	0	0	0	0	0	0	0	0	0	.	1749	0	1	1	0	0	66158	0	2	2	.	0|0|1749|66158,0|0|0|0,0|0|1|2,0|0|1|2,0|.0|.,.|.
5HT2cR-ligated-N	79	80	T	1751	1743	8	8	0	0	1743	0	0	312	0	0	66202	.	0	0	0	0	0	0	0	0	0	0	.	8	0	0	1743	0	0	312	0	0	66202	.	0|0|8|312,0|0|0|0,0|0|0|0,0|0|1743|66202,0|.0|.,.|.
5HT2cR-ligated-N	80	81	T	1751	1751	0	0	0	0	1751	0	0	0	0	0	66640	.	0	0	0	0	0	0	0	0	0	0	.	0	0	0	1751	0	0	0	0	0	66640	.	0|0|0|0,0|0|0|0,0|0|0|0,0|0|1751|66640,0|.0|.,.|.
5HT2cR-ligated-N	81	82	G	1751	1751	0	0	0	1751	0	0	0	0	0	66480	0	.	0	0	0	0	0	0	0	0	0	0	.	0	0	1751	0	0	0	0	0	66480	0	.	0|0|0|0,0|0|0|0,0|0|1751|66480,0|0|0|0,0|.0|.,.|.
5HT2cR-ligated-N	82	83	C	1751	1751	0	0	1751	0	0	0	0	0	66563	0	0	.	0	0	0	0	0	0	0	0	0	0	.	0	1751	0	0	0	0	0	66563	0	0	.	0|0|0|0,0|0|1751|66563,0|0|0|0,0|0|0|0,0|.0|.,.|.
5HT2cR-ligated-N	83	84	T	1876	1875	1	1	0	0	1875	0	0	39	0	0	71629	.	0	0	0	125	0	0	0	0	0	4614	.	1	0	0	1750	0	0	39	0	0	67015	.	0|0|1|39,0|0|0|0,0|0|0|0,125|4614|1750|67015,0|.0|.,.|.
5HT2cR-ligated-N	84	85	A	1876	1876	0	1876	0	0	0	0	0	71747	0	0	0	.	125	0	0	0	0	0	4626	0	0	0	.	1751	0	0	0	0	0	67121	0	0	0	.	125|4626|1751|67121,0|0|0|0,0|0|0|0,0|0|0|0,0|.0|.,.|.
5HT2cR-ligated-N	85	86	T	1876	1873	3	0	1	0	1873	2	0	0	39	0	72177	.	0	0	0	125	0	0	0	0	0	4725	.	0	1	0	1748	2	0	0	39	0	67452	.	0|0|0|0,0|0|1|39,0|0|0|0,125|4725|1748|67452,0|.2|.,.|.
5HT2cR-ligated-N	86	87	T	1876	1875	1	0	1	0	1875	0	0	0	21	0	71993	.	0	0	0	125	0	0	0	0	0	4737	.	0	1	0	1750	0	0	0	21	0	67256	.	0|0|0|0,0|0|1|21,0|0|0|0,125|4737|1750|67256,0|.0|.,.|.
5HT2cR-ligated-N	87	88	G	1816	1816	0	0	0	1816	0	0	0	0	0	69893	0	.	0	0	125	0	0	0	0	0	4725	0	.	0	0	1691	0	0	0	0	0	65168	0	.	0|0|0|0,0|0|0|0,125|4725|1691|65168,0|0|0|0,0|.0|.,.|.
5HT2cR-ligated-N	88	89	T	1816	1815	1	0	0	1	1815	0	0	0	0	16	69860	.	0	0	0	125	0	0	0	0	0	4717	.	0	0	1	1690	0	0	0	0	16	65143	.	0|0|0|0,0|0|0|0,0|0|1|16,125|4717|1690|65143,0|.0|.,.|.
5HT2cR-ligated-N	89	90	T	1816	1814	2	1	1	0	1814	0	0	16	15	0	69848	.	0	0	0	125	0	0	0	0	0	4734	.	1	1	0	1689	0	0	16	15	0	65114	.	0|0|1|16,0|0|1|15,0|0|0|0,125|4734|1689|65114,0|.0|.,.|.
5HT2cR-ligated-N	90	91	T	1816	1815	1	0	0	1	1815	0	0	0	0	39	69879	.	0	0	0	125	0	0	0	0	0	4737	.	0	0	1	1690	0	0	0	0	39	65142	.	0|0|0|0,0|0|0|0,0|0|1|39,125|4737|1690|65142,0|.0|.,.|.
5HT2cR-ligated-N	91	92	G	2109	2108	1	0	0	2108	1	0	0	0	0	80775	39	.	0	0	125	0	0	0	0	0	4712	0	.	0	0	1983	1	0	0	0	0	76063	39	.	0|0|0|0,0|0|0|0,125|4712|1983|76063,0|0|1|39,0|.0|.,.|.
5HT2cR-ligated-N	92	93	G	2109	2109	0	0	0	2109	0	0	0	0	0	80316	0	.	0	0	125	0	0	0	0	0	4682	0	.	0	0	1984	0	0	0	0	0	75634	0	.	0|0|0|0,0|0|0|0,125|4682|1984|75634,0|0|0|0,0|.0|.,.|.
5HT2cR-ligated-N	93	94	G	2109	2109	0	0	0	2109	0	0	0	0	0	79954	0	.	0	0	125	0	0	0	0	0	4693	0	.	0	0	1984	0	0	0	0	0	75261	0	.	0|0|0|0,0|0|0|0,125|4693|1984|75261,0|0|0|0,0|.0|.,.|.
5HT2cR-ligated-N	94	95	C	2109	2108	1	1	2108	0	0	0	0	18	80196	0	0	.	0	125	0	0	0	0	0	4721	0	0	.	1	1983	0	0	0	0	18	75475	0	0	.	0|0|1|18,125|4721|1983|75475,0|0|0|0,0|0|0|0,0|.0|.,.|.
5HT2cR-ligated-N	95	96	A	2109	2108	1	2108	0	0	1	0	0	81210	0	0	39	.	125	0	0	0	0	0	4826	0	0	0	.	1983	0	0	1	0	0	76384	0	0	39	.	125|4826|1983|76384,0|0|0|0,0|0|0|0,0|0|1|39,0|.0|.,.|.
5HT2cR-ligated-N	96	97	A	2109	2108	1	2108	1	0	0	0	0	80607	2	0	0	.	125	0	0	0	0	0	4725	0	0	0	.	1983	1	0	0	0	0	75882	2	0	0	.	125|4725|1983|75882,0|0|1|2,0|0|0|0,0|0|0|0,0|.0|.,.|.
5HT2cR-ligated-N	97	98	T	2109	2108	1	1	0	0	2108	0	0	13	0	0	80898	.	0	0	0	125	0	0	0	0	0	4840	.	1	0	0	1983	0	0	13	0	0	76058	.	0|0|1|13,0|0|0|0,0|0|0|0,125|4840|1983|76058,0|.0|.,.|.
5HT2cR-ligated-N	98	99	T	2109	1464	645	645	0	0	1464	0	0	25072	0	0	55834	.	0	0	0	125	0	0	0	0	0	4850	.	645	0	0	1339	0	0	25072	0	0	50984	.	0|0|645|25072,0|0|0|0,0|0|0|0,125|4850|1339|50984,0|.0|.,.|.
5HT2cR-ligated-N	99	100	T	2074	2074	0	0	0	0	2074	0	0	0	0	0	79647	.	0	0	0	125	0	0	0	0	0	4853	.	0	0	0	1949	0	0	0	0	0	74794	.	0|0|0|0,0|0|0|0,0|0|0|0,125|4853|1949|74794,0|.0|.,.|.
5HT2cR-ligated-N	100	101	C	2074	2073	1	0	2073	0	1	0	0	0	79600	0	18	.	0	125	0	0	0	0	0	4840	0	0	.	0	1948	0	1	0	0	0	74760	0	18	.	0|0|0|0,125|4840|1948|74760,0|0|0|0,0|0|1|18,0|.0|.,.|.
5HT2cR-ligated-N	101	102	T	2074	2071	3	1	2	0	2071	0	0	18	76	0	79731	.	0	0	0	125	0	0	0	0	0	4847	.	1	2	0	1946	0	0	18	76	0	74884	.	0|0|1|18,0|0|2|76,0|0|0|0,125|4847|1946|74884,0|.0|.,.|.
5HT2cR-ligated-N	102	103	A	1988	1986	2	1986	0	1	1	0	0	76482	0	39	17	.	125	0	0	0	0	0	4830	0	0	0	.	1861	0	1	1	0	0	71652	0	39	17	.	125|4830|1861|71652,0|0|0|0,0|0|1|39,0|0|1|17,0|.0|.,.|.
5HT2cR-ligated-N	103	104	T	1988	1987	1	1	0	0	1987	0	0	18	0	0	76602	.	0	0	0	125	0	0	0	0	0	4838	.	1	0	0	1862	0	0	18	0	0	71764	.	0|0|1|18,0|0|0|0,0|0|0|0,125|4838|1862|71764,0|.0|.,.|.
5HT2cR-ligated-N	104	105	A	1988	1988	0	1988	0	0	0	0	0	76589	0	0	0	.	125	0	0	0	0	0	4812	0	0	0	.	1863	0	0	0	0	0	71777	0	0	0	.	125|4812|1863|71777,0|0|0|0,0|0|0|0,0|0|0|0,0|.0|.,.|.
5HT2cR-ligated-N	105	106	G	1988	1987	1	0	0	1987	1	0	0	0	0	76565	16	.	0	0	125	0	0	0	0	0	4837	0	.	0	0	1862	1	0	0	0	0	71728	16	.	0|0|0|0,0|0|0|0,125|4837|1862|71728,0|0|1|16,0|.0|.,.|.
5HT2cR-ligated-N	106	107	G	1988	1987	1	0	0	1987	1	0	0	0	0	76457	16	.	0	0	125	0	0	0	0	0	4834	0	.	0	0	1862	1	0	0	0	0	71623	16	.	0|0|0|0,0|0|0|0,125|4834|1862|71623,0|0|1|16,0|.0|.,.|.
5HT2cR-ligated-N	107	108	T	1988	1873	115	113	0	1	1873	1	1	4383	0	18	71533	.A	0	0	0	125	0	0	0	0	0	4702	.	113	0	1	1748	1	1	4383	0	18	66831	A	0|0|113|4383,0|0|0|0,0|0|1|18,125|4702|1748|66831,0|.1|.,.|A
5HT2cR-ligated-N	108	109	A	1988	1988	0	1988	0	0	0	0	0	76283	0	0	0	.	125	0	0	0	0	0	4771	0	0	0	.	1863	0	0	0	0	0	71512	0	0	0	.	125|4771|1863|71512,0|0|0|0,0|0|0|0,0|0|0|0,0|.0|.,.|.
5HT2cR-ligated-N	109	110	A	1988	1987	1	1987	0	1	0	0	0	76256	0	16	0	.	125	0	0	0	0	0	4806	0	0	0	.	1862	0	1	0	0	0	71450	0	16	0	.	125|4806|1862|71450,0|0|0|0,0|0|1|16,0|0|0|0,0|.0|.,.|.
5HT2cR-ligated-N	110	111	A	1988	1826	162	1826	0	0	0	162	0	70210	0	0	0	.	125	0	0	0	0	0	4835	0	0	0	.	1701	0	0	0	162	0	65375	0	0	0	.	125|4835|1701|65375,0|0|0|0,0|0|0|0,0|0|0|0,0|.162|.,.|.
5HT2cR-ligated-N	111	112	T	2000	1629	371	208	0	0	1629	163	0	7866	0	0	62473	.	0	0	0	125	0	0	0	0	0	4849	.	208	0	0	1504	163	0	7866	0	0	57624	.	0|0|208|7866,0|0|0|0,0|0|0|0,125|4849|1504|57624,0|.163|.,.|.
5HT2cR-ligated-N	112	113	A	2000	1999	1	1999	0	0	0	1	0	77027	0	0	0	.	125	0	0	0	0	0	4830	0	0	0	.	1874	0	0	0	1	0	72197	0	0	0	.	125|4830|1874|72197,0|0|0|0,0|0|0|0,0|0|0|0,0|.1|.,.|.
5HT2cR-ligated-N	113	114	A	1890	1888	2	1888	0	1	1	0	0	72913	0	37	2	.	125	0	0	0	0	0	4841	0	0	0	.	1763	0	1	1	0	0	68072	0	37	2	.	125|4841|1763|68072,0|0|0|0,0|0|1|37,0|0|1|2,0|.0|.,.|.
5HT2cR-ligated-N	114	115	A	1890	1889	1	1889	0	1	0	0	0	72460	0	37	0	.	125	0	0	0	0	0	4813	0	0	0	.	1764	0	1	0	0	0	67647	0	37	0	.	125|4813|1764|67647,0|0|0|0,0|0|1|37,0|0|0|0,0|.0|.,.|.
5HT2cR-ligated-N	115	116	A	1890	1889	1	1889	1	0	0	0	0	71528	14	0	0	.	125	0	0	0	0	0	4808	0	0	0	.	1764	1	0	0	0	0	66720	14	0	0	.	125|4808|1764|66720,0|0|1|14,0|0|0|0,0|0|0|0,0|.0|.,.|.
5HT2cR-ligated-N	116	117	C	1890	1888	2	1	1888	0	1	0	0	3	71973	0	2	.	0	125	0	0	0	0	0	4826	0	0	.	1	1763	0	1	0	0	3	67147	0	2	.	0|0|1|3,125|4826|1763|67147,0|0|0|0,0|0|1|2,0|.0|.,.|.
5HT2cR-ligated-N	117	118	T	2002	1662	340	0	0	0	1662	340	0	0	0	0	63794	.	0	0	0	237	0	0	0	0	0	8975	.	0	0	0	1425	340	0	0	0	0	54819	.	0|0|0|0,0|0|0|0,0|0|0|0,237|8975|1425|54819,0|.340|.,.|.
5HT2cR-ligated-N	118	119	T	2002	1662	340	0	0	0	1662	340	0	0	0	0	63856	.	0	0	0	237	0	0	0	0	0	8981	.	0	0	0	1425	340	0	0	0	0	54875	.	0|0|0|0,0|0|0|0,0|0|0|0,237|8981|1425|54875,0|.340|.,.|.
5HT2cR-ligated-N	119	120	T	2002	2002	0	0	0	0	2002	0	0	0	0	0	76872	.	0	0	0	237	0	0	0	0	0	9077	.	0	0	0	1765	0	0	0	0	0	67795	.	0|0|0|0,0|0|0|0,0|0|0|0,237|9077|1765|67795,0|.0|.,.|.
5HT2cR-ligated-N	120	121	T	2002	2000	2	0	2	0	2000	0	0	0	39	0	76840	.	0	0	0	237	0	0	0	0	0	9083	.	0	2	0	1763	0	0	0	39	0	67757	.	0|0|0|0,0|0|2|39,0|0|0|0,237|9083|1763|67757,0|.0|.,.|.
5HT2cR-ligated-N	121	122	T	2002	1951	51	0	0	51	1951	0	0	0	0	1918	74797	.	0	0	0	237	0	0	0	0	0	9083	.	0	0	51	1714	0	0	0	0	1918	65714	.	0|0|0|0,0|0|0|0,0|0|51|1918,237|9083|1714|65714,0|.0|.,.|.
5HT2cR-ligated-N	122	123	G	2543	2541	2	1	0	2541	1	0	0	37	0	95892	16	.	0	0	237	0	0	0	0	0	8927	0	.	1	0	2304	1	0	0	37	0	86965	16	.	0|0|1|37,0|0|0|0,237|8927|2304|86965,0|0|1|16,0|.0|.,.|.
5HT2cR-ligated-N	123	124	G	2545	2545	0	0	0	2545	0	0	0	0	0	95745	0	.	0	0	237	0	0	0	0	0	8921	0	.	0	0	2308	0	0	0	0	0	86824	0	.	0|0|0|0,0|0|0|0,237|8921|2308|86824,0|0|0|0,0|.0|.,.|.
5HT2cR-ligated-N	124	125	C	2545	2542	3	0	2542	1	1	1	0	0	95755	2	38	.	0	237	0	0	0	0	0	9023	0	0	.	0	2305	1	1	1	0	0	86732	2	38	.	0|0|0|0,237|9023|2305|86732,0|0|1|2,0|0|1|38,0|.1|.,.|.
5HT2cR-ligated-N	125	126	C	2545	2543	2	1	2543	0	1	0	0	18	96083	0	37	.	0	237	0	0	0	0	0	9073	0	0	.	1	2306	0	1	0	0	18	87010	0	37	.	0|0|1|18,237|9073|2306|87010,0|0|0|0,0|0|1|37,0|.0|.,.|.
5HT2cR-ligated-N	126	127	A	2545	2543	2	2543	0	1	1	0	0	97804	0	37	18	.	237	0	0	0	0	0	9058	0	0	0	.	2306	0	1	1	0	0	88746	0	37	18	.	237|9058|2306|88746,0|0|0|0,0|0|1|37,0|0|1|18,0|.0|.,.|.
5HT2cR-ligated-N	127	128	T	2545	2543	2	0	1	0	2543	1	0	0	38	0	97785	.	0	1	0	236	0	0	0	38	0	9033	.	0	0	0	2307	1	0	0	0	0	88752	.	0|0|0|0,1|38|0|0,0|0|0|0,236|9033|2307|88752,0|.1|.,.|.
5HT2cR-ligated-N	128	129	A	2545	2543	2	2543	0	0	1	1	0	98093	0	0	38	.	237	0	0	0	0	0	9064	0	0	0	.	2306	0	0	1	1	0	89029	0	0	38	.	237|9064|2306|89029,0|0|0|0,0|0|0|0,0|0|1|38,0|.1|.,.|.
5HT2cR-ligated-N	129	130	A	2545	2545	0	2545	0	0	0	0	0	98126	0	0	0	.	237	0	0	0	0	0	9142	0	0	0	.	2308	0	0	0	0	0	88984	0	0	0	.	237|9142|2308|88984,0|0|0|0,0|0|0|0,0|0|0|0,0|.0|.,.|.
5HT2cR-ligated-N	130	131	G	2545	2545	0	0	0	2545	0	0	0	0	0	97612	0	.	0	0	237	0	0	0	0	0	9159	0	.	0	0	2308	0	0	0	0	0	88453	0	.	0|0|0|0,0|0|0|0,237|9159|2308|88453,0|0|0|0,0|.0|.,.|.
5HT2cR-ligated-N	131	132	A	2545	2545	0	2545	0	0	0	0	0	97798	0	0	0	.	237	0	0	0	0	0	9115	0	0	0	.	2308	0	0	0	0	0	88683	0	0	0	.	237|9115|2308|88683,0|0|0|0,0|0|0|0,0|0|0|0,0|.0|.,.|.
5HT2cR-ligated-N	132	133	A	2545	2545	0	2545	0	0	0	0	0	97761	0	0	0	.	237	0	0	0	0	0	9159	0	0	0	.	2308	0	0	0	0	0	88602	0	0	0	.	237|9159|2308|88602,0|0|0|0,0|0|0|0,0|0|0|0,0|.0|.,.|.
5HT2cR-ligated-N	133	134	T	2545	2544	1	0	1	0	2544	0	0	0	15	0	97386	.	0	0	0	237	0	0	0	0	0	9125	.	0	1	0	2307	0	0	0	15	0	88261	.	0|0|0|0,0|0|1|15,0|0|0|0,237|9125|2307|88261,0|.0|.,.|.
5HT2cR-ligated-N	134	135	T	2545	2545	0	0	0	0	2545	0	0	0	0	0	97725	.	0	0	0	237	0	0	0	0	0	9167	.	0	0	0	2308	0	0	0	0	0	88558	.	0|0|0|0,0|0|0|0,0|0|0|0,237|9167|2308|88558,0|.0|.,.|.
5HT2cR-ligated-N	135	136	G	2545	2545	0	0	0	2545	0	0	0	0	0	96165	0	.	0	0	237	0	0	0	0	0	9128	0	.	0	0	2308	0	0	0	0	0	87037	0	.	0|0|0|0,0|0|0|0,237|9128|2308|87037,0|0|0|0,0|.0|.,.|.
5HT2cR-ligated-N	136	137	C	2337	2335	2	0	2335	1	1	0	0	0	88598	39	2	.	0	237	0	0	0	0	0	9087	0	0	.	0	2098	1	1	0	0	0	79511	39	2	.	0|0|0|0,237|9087|2098|79511,0|0|1|39,0|0|1|2,0|.0|.,.|.
5HT2cR-ligated-N	137	138	A	2337	2336	1	2336	0	1	0	0	0	88610	0	38	0	.	237	0	0	0	0	0	9118	0	0	0	.	2099	0	1	0	0	0	79492	0	38	0	.	237|9118|2099|79492,0|0|0|0,0|0|1|38,0|0|0|0,0|.0|.,.|.
5HT2cR-ligated-N	138	139	G	2353	2353	0	0	0	2353	0	0	0	0	0	89245	0	.	0	0	237	0	0	0	0	0	9117	0	.	0	0	2116	0	0	0	0	0	80128	0	.	0|0|0|0,0|0|0|0,237|9117|2116|80128,0|0|0|0,0|.0|.,.|.
5HT2cR-ligated-N	139	140	C	2353	2351	2	0	2351	0	1	0	0	0	89160	0	2	.	0	237	0	0	0	0	0	9130	0	0	.	0	2114	0	1	0	0	0	80030	0	2	.	0|0|0|0,237|9130|2114|80030,0|0|0|0,0|0|1|2,0|.0|.,.|.
5HT2cR-ligated-N	140	141	G	2353	2279	74	74	0	2279	0	0	0	2877	0	87490	0	.	0	0	237	0	0	0	0	0	8943	0	.	74	0	2042	0	0	0	2877	0	78547	0	.	0|0|74|2877,0|0|0|0,237|8943|2042|78547,0|0|0|0,0|.0|.,.|.
5HT2cR-ligated-N	141	142	G	2353	2353	0	0	0	2353	0	0	0	0	0	89998	0	.	0	0	237	0	0	0	0	0	8939	0	.	0	0	2116	0	0	0	0	0	81059	0	.	0|0|0|0,0|0|0|0,237|8939|2116|81059,0|0|0|0,0|.0|.,.|.
5HT2cR-ligated-N	142	143	C	2353	2351	2	0	2351	1	1	0	0	0	89527	2	2	.	0	237	0	0	0	0	0	8952	0	0	.	0	2114	1	1	0	0	0	80575	2	2	.	0|0|0|0,237|8952|2114|80575,0|0|1|2,0|0|1|2,0|.0|.,.|.
5HT2cR-ligated-N	143	144	T	2353	2293	60	60	0	0	2293	0	0	2313	0	0	87883	.	0	0	0	237	0	0	0	0	0	8908	.	60	0	0	2056	0	0	2313	0	0	78975	.	0|0|60|2313,0|0|0|0,0|0|0|0,237|8908|2056|78975,0|.0|.,.|.
5HT2cR-ligated-N	144	145	A	2353	2353	0	2353	0	0	0	0	0	90312	0	0	0	.	237	0	0	0	0	0	8942	0	0	0	.	2116	0	0	0	0	0	81370	0	0	0	.	237|8942|2116|81370,0|0|0|0,0|0|0|0,0|0|0|0,0|.0|.,.|.
5HT2cR-ligated-N	145	146	T	2353	2352	1	0	0	1	2352	0	0	0	0	15	90203	.	0	0	0	237	0	0	0	0	0	9184	.	0	0	1	2115	0	0	0	0	15	81019	.	0|0|0|0,0|0|0|0,0|0|1|15,237|9184|2115|81019,0|.0|.,.|.
5HT2cR-ligated-N	146	147	G	2353	2352	1	1	0	2352	0	0	0	38	0	89805	0	.	0	0	237	0	0	0	0	0	9153	0	.	1	0	2115	0	0	0	38	0	80652	0	.	0|0|1|38,0|0|0|0,237|9153|2115|80652,0|0|0|0,0|.0|.,.|.
5HT2cR-ligated-N	147	148	C	2353	2073	280	0	2073	0	0	280	0	0	78495	0	0	.	0	237	0	0	0	0	0	9087	0	0	.	0	1836	0	0	280	0	0	69408	0	0	.	0|0|0|0,237|9087|1836|69408,0|0|0|0,0|0|0|0,0|.280|.,.|.
5HT2cR-ligated-N	148	149	T	2353	2071	282	0	1	1	2071	280	0	0	16	16	77915	.	0	0	0	237	0	0	0	0	0	9152	.	0	1	1	1834	280	0	0	16	16	68763	.	0|0|0|0,0|0|1|16,0|0|1|16,237|9152|1834|68763,0|.280|.,.|.
5HT2cR-ligated-N	149	150	C	2353	2348	5	4	2348	1	0	0	0	68	88439	19	0	.	0	237	0	0	0	0	0	9158	0	0	.	4	2111	1	0	0	0	68	79281	19	0	.	0|0|4|68,237|9158|2111|79281,0|0|1|19,0|0|0|0,0|.0|.,.|.
5HT2cR-ligated-N	150	151	A	2353	2145	208	2145	126	0	0	82	0	82160	4861	0	0	.	112	125	0	0	0	0	4307	4844	0	0	.	2033	1	0	0	82	0	77853	17	0	0	.	112|4307|2033|77853,125|4844|1|17,0|0|0|0,0|0|0|0,0|.82|.,.|.
5HT2cR-ligated-N	151	152	A	2353	2270	83	2270	0	1	0	82	0	86558	0	17	0	.	237	0	0	0	0	0	9116	0	0	0	.	2033	0	1	0	82	0	77442	0	17	0	.	237|9116|2033|77442,0|0|0|0,0|0|1|17,0|0|0|0,0|.82|.,.|.
5HT2cR-ligated-N	152	153	T	2345	2343	2	0	2	0	2343	0	0	0	56	0	88750	.	0	1	0	236	0	0	0	17	0	9099	.	0	1	0	2107	0	0	0	39	0	79651	.	0|0|0|0,1|17|1|39,0|0|0|0,236|9099|2107|79651,0|.0|.,.|.
5HT2cR-ligated-N	153	154	A	2345	2256	89	2256	4	1	2	82	0	83034	62	39	33	.	237	0	0	0	0	0	9143	0	0	0	.	2019	4	1	2	82	0	73891	62	39	33	.	237|9143|2019|73891,0|0|4|62,0|0|1|39,0|0|2|33,0|.82|.,.|.
5HT2cR-ligated-N	154	155	C	2345	2345	0	0	2345	0	0	0	0	0	87479	0	0	.	0	237	0	0	0	0	0	9111	0	0	.	0	2108	0	0	0	0	0	78368	0	0	.	0|0|0|0,237|9111|2108|78368,0|0|0|0,0|0|0|0,0|.0|.,.|.
5HT2cR-ligated-N	155	156	T	2345	2343	2	0	0	2	2343	0	0	0	0	28	86232	.	0	0	0	237	0	0	0	0	0	9136	.	0	0	2	2106	0	0	0	0	28	77096	.	0|0|0|0,0|0|0|0,0|0|2|28,237|9136|2106|77096,0|.0|.,.|.
5HT2cR-ligated-N	156	157	T	2345	2344	1	0	0	1	2344	0	0	0	0	14	87160	.	0	0	0	237	0	0	0	0	0	9170	.	0	0	1	2107	0	0	0	0	14	77990	.	0|0|0|0,0|0|0|0,0|0|1|14,237|9170|2107|77990,0|.0|.,.|.
5HT2cR-ligated-N	157	158	T	2345	2053	292	12	0	280	2053	0	0	450	0	10893	75414	.	0	0	0	237	0	0	0	0	0	9171	.	12	0	280	1816	0	0	450	0	10893	66243	.	0|0|12|450,0|0|0|0,0|0|280|10893,237|9171|1816|66243,0|.0|.,.|.
5HT2cR-ligated-N	158	159	C	2345	2342	3	2	2342	0	1	0	0	53	87321	0	2	.	0	237	0	0	0	0	0	9131	0	0	.	2	2105	0	1	0	0	53	78190	0	2	.	0|0|2|53,237|9131|2105|78190,0|0|0|0,0|0|1|2,0|.0|.,.|.
5HT2cR-ligated-N	159	160	G	2421	2421	0	0	0	2421	0	0	0	0	0	91747	0	.	0	0	237	0	0	0	0	0	8951	0	.	0	0	2184	0	0	0	0	0	82796	0	.	0|0|0|0,0|0|0|0,237|8951|2184|82796,0|0|0|0,0|.0|.,.|.
5HT2cR-ligated-N	160	161	G	2421	2417	4	0	1	2417	3	0	0	0	17	91418	52	.	0	0	237	0	0	0	0	0	8926	0	.	0	1	2180	3	0	0	0	17	82492	52	.	0|0|0|0,0|0|1|17,237|8926|2180|82492,0|0|3|52,0|.0|.,.|.
5HT2cR-ligated-N	161	162	A	2421	2091	330	2091	0	1	1	328	0	79968	0	39	16	.	237	0	0	0	0	0	8913	0	0	0	.	1854	0	1	1	328	0	71055	0	39	16	.	237|8913|1854|71055,0|0|0|0,0|0|1|39,0|0|1|16,0|.328|.,.|.
5HT2cR-ligated-N	162	163	T	2421	2092	329	0	1	0	2092	328	0	0	2	0	79871	.	0	0	0	237	0	0	0	0	0	8927	.	0	1	0	1855	328	0	0	2	0	70944	.	0|0|0|0,0|0|1|2,0|0|0|0,237|8927|1855|70944,0|.328|.,.|.
5HT2cR-ligated-N	163	164	T	2308	1980	328	0	0	0	1980	328	0	0	0	0	75669	.	0	0	0	237	0	0	0	0	0	8946	.	0	0	0	1743	328	0	0	0	0	66723	.	0|0|0|0,0|0|0|0,0|0|0|0,237|8946|1743|66723,0|.328|.,.|.
5HT2cR-ligated-N	164	165	A	2263	2262	1	2262	0	0	1	0	82	86572	0	0	19	.T,T,T,T,T,T,T,T,T,T,T,T,T,T,T,T,T,T,T,T,T,T,T,T,T,T,T,T,T,T,T,T,T,T,T,T,T,T,T,T,T,T,T,T,T,T,T,T,T,T,T,T,T,T,T,T,T,T,T,T,T,T,T,T,T,T,T,T,T,T,T,T,T,T,T,T,T,T,T,T,T,T	237	0	0	0	0	0	9146	0	0	0	.	2025	0	0	1	0	82	77426	0	0	19	T,T,T,T,T,T,T,T,T,T,T,T,T,T,T,T,T,T,T,T,T,T,T,T,T,T,T,T,T,T,T,T,T,T,T,T,T,T,T,T,T,T,T,T,T,T,T,T,T,T,T,T,T,T,T,T,T,T,T,T,T,T,T,T,T,T,T,T,T,T,T,T,T,T,T,T,T,T,T,T,T,T	237|9146|2025|77426,0|0|0|0,0|0|0|0,0|0|1|19,0|.0|.,.|T,T,T,T,T,T,T,T,T,T,T,T,T,T,T,T,T,T,T,T,T,T,T,T,T,T,T,T,T,T,T,T,T,T,T,T,T,T,T,T,T,T,T,T,T,T,T,T,T,T,T,T,T,T,T,T,T,T,T,T,T,T,T,T,T,T,T,T,T,T,T,T,T,T,T,T,T,T,T,T,T,T
5HT2cR-ligated-N	165	166	T	2263	2155	108	108	0	0	2155	0	0	4135	0	0	82202	.	0	0	0	237	0	0	0	0	0	9157	.	108	0	0	1918	0	0	4135	0	0	73045	.	0|0|108|4135,0|0|0|0,0|0|0|0,237|9157|1918|73045,0|.0|.,.|.
5HT2cR-ligated-N	166	167	G	2262	2178	84	84	0	2178	0	0	0	3208	0	82769	0	.	0	0	237	0	0	0	0	0	9171	0	.	84	0	1941	0	0	0	3208	0	73598	0	.	0|0|84|3208,0|0|0|0,237|9171|1941|73598,0|0|0|0,0|.0|.,.|.
5HT2cR-ligated-N	167	168	T	2262	2249	13	12	0	1	2249	0	0	464	0	16	85469	.	0	0	0	237	0	0	0	0	0	9101	.	12	0	1	2012	0	0	464	0	16	76368	.	0|0|12|464,0|0|0|0,0|0|1|16,237|9101|2012|76368,0|.0|.,.|.
5HT2cR-ligated-N	168	169	A	2262	2258	4	2258	0	0	4	0	0	84597	0	0	98	.	237	0	0	0	0	0	9103	0	0	0	.	2021	0	0	4	0	0	75494	0	0	98	.	237|9103|2021|75494,0|0|0|0,0|0|0|0,0|0|4|98,0|.0|.,.|.
5HT2cR-ligated-N	169	170	C	2262	2261	1	1	2261	0	0	0	0	17	86363	0	0	.	0	237	0	0	0	0	0	9130	0	0	.	1	2024	0	0	0	0	17	77233	0	0	.	0|0|1|17,237|9130|2024|77233,0|0|0|0,0|0|0|0,0|.0|.,.|.
5HT2cR-ligated-N	170	171	T	2262	2262	0	0	0	0	2262	0	0	0	0	0	86343	.	0	0	0	237	0	0	0	0	0	9156	.	0	0	0	2025	0	0	0	0	0	77187	.	0|0|0|0,0|0|0|0,0|0|0|0,237|9156|2025|77187,0|.0|.,.|.
5HT2cR-ligated-N	171	172	G	2262	2261	1	0	0	2261	1	0	0	0	0	86547	39	.	0	0	236	1	0	0	0	0	9098	39	.	0	0	2025	0	0	0	0	0	77449	0	.	0|0|0|0,0|0|0|0,236|9098|2025|77449,1|39|0|0,0|.0|.,.|.
5HT2cR-ligated-N	172	173	T	2262	2209	53	52	0	1	2209	0	0	1980	0	17	84062	.	0	0	0	237	0	0	0	0	0	9101	.	52	0	1	1972	0	0	1980	0	17	74961	.	0|0|52|1980,0|0|0|0,0|0|1|17,237|9101|1972|74961,0|.0|.,.|.
5HT2cR-ligated-N	173	174	G	2262	2225	37	37	0	2225	0	0	0	1434	0	84518	0	.	0	0	237	0	0	0	0	0	9108	0	.	37	0	1988	0	0	0	1434	0	75410	0	.	0|0|37|1434,0|0|0|0,237|9108|1988|75410,0|0|0|0,0|.0|.,.|.
5HT2cR-ligated-N	174	175	A	2262	2262	0	2262	0	0	0	0	0	86449	0	0	0	.	237	0	0	0	0	0	9099	0	0	0	.	2025	0	0	0	0	0	77350	0	0	0	.	237|9099|2025|77350,0|0|0|0,0|0|0|0,0|0|0|0,0|.0|.,.|.
5HT2cR-ligated-N	175	176	A	2262	2260	2	2260	1	1	0	0	0	84015	15	14	0	.	237	0	0	0	0	0	9128	0	0	0	.	2023	1	1	0	0	0	74887	15	14	0	.	237|9128|2023|74887,0|0|1|15,0|0|1|14,0|0|0|0,0|.0|.,.|.
5HT2cR-ligated-N	176	177	C	2262	2262	0	0	2262	0	0	0	0	0	86000	0	0	.	0	237	0	0	0	0	0	9139	0	0	.	0	2025	0	0	0	0	0	76861	0	0	.	0|0|0|0,237|9139|2025|76861,0|0|0|0,0|0|0|0,0|.0|.,.|.
5HT2cR-ligated-N	177	178	A	2262	2262	0	2262	0	0	0	0	0	86409	0	0	0	.	237	0	0	0	0	0	9147	0	0	0	.	2025	0	0	0	0	0	77262	0	0	0	.	237|9147|2025|77262,0|0|0|0,0|0|0|0,0|0|0|0,0|.0|.,.|.
5HT2cR-ligated-N	178	179	A	2262	2259	3	2259	2	0	1	0	0	84588	30	0	38	.	237	0	0	0	0	0	9151	0	0	0	.	2022	2	0	1	0	0	75437	30	0	38	.	237|9151|2022|75437,0|0|2|30,0|0|0|0,0|0|1|38,0|.0|.,.|.
5HT2cR-ligated-N	179	180	C	2262	2261	1	0	2261	0	1	0	0	0	86418	0	20	.	0	237	0	0	0	0	0	9133	0	0	.	0	2024	0	1	0	0	0	77285	0	20	.	0|0|0|0,237|9133|2024|77285,0|0|0|0,0|0|1|20,0|.0|.,.|.
5HT2cR-ligated-N	180	181	G	2262	2259	3	1	0	2259	2	0	0	39	0	85937	34	.	0	0	237	0	0	0	0	0	8955	0	.	1	0	2022	2	0	0	39	0	76982	34	.	0|0|1|39,0|0|0|0,237|8955|2022|76982,0|0|2|34,0|.0|.,.|.
5HT2cR-ligated-N	181	182	T	2262	2262	0	0	0	0	2262	0	0	0	0	0	85952	.	0	0	0	237	0	0	0	0	0	9017	.	0	0	0	2025	0	0	0	0	0	76935	.	0|0|0|0,0|0|0|0,0|0|0|0,237|9017|2025|76935,0|.0|.,.|.
5HT2cR-ligated-N	182	183	A	2262	2260	2	2260	2	0	0	0	0	85966	17	0	0	.	237	0	0	0	0	0	9050	0	0	0	.	2023	2	0	0	0	0	76916	17	0	0	.	237|9050|2023|76916,0|0|2|17,0|0|0|0,0|0|0|0,0|.0|.,.|.
5HT2cR-ligated-N	183	184	C	2262	2261	1	1	2261	0	0	0	0	14	84390	0	0	.	0	237	0	0	0	0	0	9138	0	0	.	1	2024	0	0	0	0	14	75252	0	0	.	0|0|1|14,237|9138|2024|75252,0|0|0|0,0|0|0|0,0|.0|.,.|.
5HT2cR-ligated-N	184	185	A	2262	2261	1	2261	0	1	0	0	0	85997	0	38	0	.	237	0	0	0	0	0	8933	0	0	0	.	2024	0	1	0	0	0	77064	0	38	0	.	237|8933|2024|77064,0|0|0|0,0|0|1|38,0|0|0|0,0|.0|.,.|.
5HT2cR-ligated-N	185	186	G	2260	2258	2	0	1	2258	1	0	0	0	37	84135	3	.	0	1	236	0	0	0	0	37	9111	0	.	0	0	2022	1	0	0	0	0	75024	3	.	0|0|0|0,1|37|0|0,236|9111|2022|75024,0|0|1|3,0|.0|.,.|.
5HT2cR-ligated-N	186	187	A	2260	2257	3	2257	0	2	1	0	0	83287	0	66	14	.	236	0	1	0	0	0	9085	0	30	0	.	2021	0	1	1	0	0	74202	0	36	14	.	236|9085|2021|74202,0|0|0|0,1|30|1|36,0|0|1|14,0|.0|.,.|.
5HT2cR-ligated-N	187	188	C	2260	2259	1	1	2259	0	0	0	0	16	83942	0	0	.	0	237	0	0	0	0	0	9154	0	0	.	1	2022	0	0	0	0	16	74788	0	0	.	0|0|1|16,237|9154|2022|74788,0|0|0|0,0|0|0|0,0|.0|.,.|.
5HT2cR-ligated-N	188	189	G	2260	2258	2	0	0	2258	2	0	0	0	0	83663	28	.	0	0	237	0	0	0	0	0	8977	0	.	0	0	2021	2	0	0	0	0	74686	28	.	0|0|0|0,0|0|0|0,237|8977|2021|74686,0|0|2|28,0|.0|.,.|.
5HT2cR-ligated-N	189	190	T	2209	2056	153	153	0	0	2056	0	0	5182	0	0	76810	.	0	0	0	237	0	0	0	0	0	8950	.	153	0	0	1819	0	0	5182	0	0	67860	.	0|0|153|5182,0|0|0|0,0|0|0|0,237|8950|1819|67860,0|.0|.,.|.
5HT2cR-ligated-N	190	191	C	2209	2209	0	0	2209	0	0	0	0	0	81889	0	0	.	0	237	0	0	0	0	0	8966	0	0	.	0	1972	0	0	0	0	0	72923	0	0	.	0|0|0|0,237|8966|1972|72923,0|0|0|0,0|0|0|0,0|.0|.,.|.
5HT2cR-ligated-N	191	192	G	2209	2208	1	0	0	2208	1	0	0	0	0	83730	32	.	0	0	237	0	0	0	0	0	8985	0	.	0	0	1971	1	0	0	0	0	74745	32	.	0|0|0|0,0|0|0|0,237|8985|1971|74745,0|0|1|32,0|.0|.,.|.
5HT2cR-ligated-N	192	193	A	2209	2095	114	2095	0	1	113	0	0	78927	0	14	4268	.	125	0	0	112	0	0	4729	0	0	4253	.	1970	0	1	1	0	0	74198	0	14	15	.	125|4729|1970|74198,0|0|0|0,0|0|1|14,112|4253|1|15,0|.0|.,.|.
5HT2cR-ligated-N	193	194	C	2209	2207	2	0	2207	1	1	0	0	0	84042	16	39	.	0	237	0	0	0	0	0	8981	0	0	.	0	1970	1	1	0	0	0	75061	16	39	.	0|0|0|0,237|8981|1970|75061,0|0|1|16,0|0|1|39,0|.0|.,.|.
5HT2cR-ligated-N	194	195	T	2209	2209	0	0	0	0	2209	0	0	0	0	0	84009	.	0	0	0	237	0	0	0	0	0	9061	.	0	0	0	1972	0	0	0	0	0	74948	.	0|0|0|0,0|0|0|0,0|0|0|0,237|9061|1972|74948,0|.0|.,.|.
5HT2cR-ligated-N	195	196	G	2209	1912	297	0	0	1912	17	280	0	0	0	72575	615	.	0	0	237	0	0	0	0	0	8991	0	.	0	0	1675	17	280	0	0	0	63584	615	.	0|0|0|0,0|0|0|0,237|8991|1675|63584,0|0|17|615,0|.280|.,.|.
5HT2cR-ligated-N	196	197	G	2209	1926	283	0	0	1926	3	280	0	0	0	73275	51	.	0	0	237	0	0	0	0	0	9138	0	.	0	0	1689	3	280	0	0	0	64137	51	.	0|0|0|0,0|0|0|0,237|9138|1689|64137,0|0|3|51,0|.280|.,.|.
5HT2cR-ligated-N	197	198	T	2209	2126	83	83	0	0	2126	0	0	3202	0	0	80841	.	0	0	0	237	0	0	0	0	0	9098	.	83	0	0	1889	0	0	3202	0	0	71743	.	0|0|83|3202,0|0|0|0,0|0|0|0,237|9098|1889|71743,0|.0|.,.|.
5HT2cR-ligated-N	198	199	A	2209	2206	3	2206	0	0	3	0	0	84475	0	0	41	.	237	0	0	0	0	0	9123	0	0	0	.	1969	0	0	3	0	0	75352	0	0	41	.	237|9123|1969|75352,0|0|0|0,0|0|0|0,0|0|3|41,0|.0|.,.|.
5HT2cR-ligated-N	199	200	A	2209	2207	2	2207	1	1	0	0	0	83586	18	16	0	.	237	0	0	0	0	0	9145	0	0	0	.	1970	1	1	0	0	0	74441	18	16	0	.	237|9145|1970|74441,0|0|1|18,0|0|1|16,0|0|0|0,0|.0|.,.|.
5HT2cR-ligated-N	200	201	C	2209	2209	0	0	2209	0	0	0	0	0	84523	0	0	.	0	237	0	0	0	0	0	9151	0	0	.	0	1972	0	0	0	0	0	75372	0	0	.	0|0|0|0,237|9151|1972|75372,0|0|0|0,0|0|0|0,0|.0|.,.|.
5HT2cR-ligated-N	201	202	A	2209	2209	0	2209	0	0	0	0	0	84634	0	0	0	.	237	0	0	0	0	0	9164	0	0	0	.	1972	0	0	0	0	0	75470	0	0	0	.	237|9164|1972|75470,0|0|0|0,0|0|0|0,0|0|0|0,0|.0|.,.|.
5HT2cR-ligated-N	202	203	T	2209	2209	0	0	0	0	2209	0	0	0	0	0	82718	.	0	0	0	237	0	0	0	0	0	9170	.	0	0	0	1972	0	0	0	0	0	73548	.	0|0|0|0,0|0|0|0,0|0|0|0,237|9170|1972|73548,0|.0|.,.|.
5HT2cR-ligated-N	203	204	T	2208	2101	107	107	0	0	2101	0	0	4027	0	0	78583	.	0	0	0	237	0	0	0	0	0	9183	.	107	0	0	1864	0	0	4027	0	0	69400	.	0|0|107|4027,0|0|0|0,0|0|0|0,237|9183|1864|69400,0|.0|.,.|.
5HT2cR-ligated-N	204	205	T	2193	2193	0	0	0	0	2193	0	0	0	0	0	82144	.	0	0	0	237	0	0	0	0	0	9185	.	0	0	0	1956	0	0	0	0	0	72959	.	0|0|0|0,0|0|0|0,0|0|0|0,237|9185|1956|72959,0|.0|.,.|.
5HT2cR-ligated-N	205	206	G	2193	2192	1	0	0	2192	1	0	0	0	0	81767	15	.	0	0	237	0	0	0	0	0	9116	0	.	0	0	1955	1	0	0	0	0	72651	15	.	0|0|0|0,0|0|0|0,237|9116|1955|72651,0|0|1|15,0|.0|.,.|.
5HT2cR-ligated-N	206	207	C	2193	2191	2	1	2191	0	1	0	0	16	81892	0	39	.	0	237	0	0	0	0	0	9110	0	0	.	1	1954	0	1	0	0	16	72782	0	39	.	0|0|1|16,237|9110|1954|72782,0|0|0|0,0|0|1|39,0|.0|.,.|.
5HT2cR-ligated-N	207	208	G	2193	1865	328	0	0	1865	328	0	0	0	0	70878	12691	.	0	0	237	0	0	0	0	0	8954	0	.	0	0	1628	328	0	0	0	0	61924	12691	.	0|0|0|0,0|0|0|0,237|8954|1628|61924,0|0|328|12691,0|.0|.,.|.
5HT2cR-ligated-N	208	209	T	2193	2193	0	0	0	0	2193	0	0	0	0	0	83804	.	0	0	0	237	0	0	0	0	0	8937	.	0	0	0	1956	0	0	0	0	0	74867	.	0|0|0|0,0|0|0|0,0|0|0|0,237|8937|1956|74867,0|.0|.,.|.
5HT2cR-ligated-N	209	210	T	2193	2192	1	0	1	0	2192	0	0	0	17	0	83527	.	0	0	0	237	0	0	0	0	0	8977	.	0	1	0	1955	0	0	0	17	0	74550	.	0|0|0|0,0|0|1|17,0|0|0|0,237|8977|1955|74550,0|.0|.,.|.
5HT2cR-ligated-N	210	211	T	2193	2191	2	0	1	1	2191	0	0	0	36	15	81469	.	0	0	0	237	0	0	0	0	0	8975	.	0	1	1	1954	0	0	0	36	15	72494	.	0|0|0|0,0|0|1|36,0|0|1|15,237|8975|1954|72494,0|.0|.,.|.
5HT2cR-ligated-N	211	212	G	2193	2193	0	0	0	2193	0	0	0	0	0	81615	0	.	0	0	237	0	0	0	0	0	8958	0	.	0	0	1956	0	0	0	0	0	72657	0	.	0|0|0|0,0|0|0|0,237|8958|1956|72657,0|0|0|0,0|.0|.,.|.
5HT2cR-ligated-N	212	213	A	2193	2192	1	2192	0	1	0	0	0	81664	0	17	0	.	237	0	0	0	0	0	9127	0	0	0	.	1955	0	1	0	0	0	72537	0	17	0	.	237|9127|1955|72537,0|0|0|0,0|0|1|17,0|0|0|0,0|.0|.,.|.
5HT2cR-ligated-N	213	214	T	2191	2118	73	73	0	0	2118	0	0	2563	0	0	78203	.	0	0	0	237	0	0	0	0	0	9158	.	73	0	0	1881	0	0	2563	0	0	69045	.	0|0|73|2563,0|0|0|0,0|0|0|0,237|9158|1881|69045,0|.0|.,.|.
5HT2cR-ligated-N	214	215	C	2191	2190	1	0	2190	0	1	0	0	0	81469	0	34	.	0	237	0	0	0	0	0	9144	0	0	.	0	1953	0	1	0	0	0	72325	0	34	.	0|0|0|0,237|9144|1953|72325,0|0|0|0,0|0|1|34,0|.0|.,.|.
5HT2cR-ligated-N	215	216	G	2191	2191	0	0	0	2191	0	0	0	0	0	81553	0	.	0	0	237	0	0	0	0	0	8962	0	.	0	0	1954	0	0	0	0	0	72591	0	.	0|0|0|0,0|0|0|0,237|8962|1954|72591,0|0|0|0,0|.0|.,.|.
5HT2cR-ligated-N	216	217	G	2189	2189	0	0	0	2189	0	0	0	0	0	81218	0	.	0	0	237	0	0	0	0	0	8909	0	.	0	0	1952	0	0	0	0	0	72309	0	.	0|0|0|0,0|0|0|0,237|8909|1952|72309,0|0|0|0,0|.0|.,.|.
5HT2cR-ligated-N	217	218	G	2189	2189	0	0	0	2189	0	0	0	0	0	80299	0	.	0	0	237	0	0	0	0	0	8807	0	.	0	0	1952	0	0	0	0	0	71492	0	.	0|0|0|0,0|0|0|0,237|8807|1952|71492,0|0|0|0,0|.0|.,.|.
