chrom	start	end	ref	depth	r_depth	a_depth	num_A	num_C	num_G	num_T	num_D	num_I	totQ_A	totQ_C	totQ_G	totQ_T	all_ins	num_F_A	num_F_C	num_F_G	num_F_T	num_F_D	num_F_I	totQ_F_A	totQ_F_C	totQ_F_G	totQ_F_T	all_F_ins	num_R_A	num_R_C	num_R_G	num_R_T	num_R_D	num_R_I	totQ_R_A	totQ_R_C	totQ_R_G	totQ_R_T	all_R_ins	sample_1
5HT2cR-ligated-N	4	5	G	206	206	0	0	0	206	0	0	0	0	0	7875	0	.	0	0	0	0	0	0	0	0	0	0	.	0	0	206	0	0	0	0	0	7875	0	.	0|0|0|0,0|0|0|0,0|0|206|7875,0|0|0|0,0|.0|.,.|.
5HT2cR-ligated-N	5	6	G	206	206	0	0	0	206	0	0	0	0	0	7874	0	.	0	0	0	0	0	0	0	0	0	0	.	0	0	206	0	0	0	0	0	7874	0	.	0|0|0|0,0|0|0|0,0|0|206|7874,0|0|0|0,0|.0|.,.|.
5HT2cR-ligated-N	6	7	A	206	206	0	206	0	0	0	0	0	7865	0	0	0	.	0	0	0	0	0	0	0	0	0	0	.	206	0	0	0	0	0	7865	0	0	0	.	0|0|206|7865,0|0|0|0,0|0|0|0,0|0|0|0,0|.0|.,.|.
5HT2cR-ligated-N	7	8	T	206	206	0	0	0	0	206	0	0	0	0	0	7887	.	0	0	0	0	0	0	0	0	0	0	.	0	0	0	206	0	0	0	0	0	7887	.	0|0|0|0,0|0|0|0,0|0|0|0,0|0|206|7887,0|.0|.,.|.
5HT2cR-ligated-N	8	9	C	206	206	0	0	206	0	0	0	0	0	7847	0	0	.	0	0	0	0	0	0	0	0	0	0	.	0	206	0	0	0	0	0	7847	0	0	.	0|0|0|0,0|0|206|7847,0|0|0|0,0|0|0|0,0|.0|.,.|.
5HT2cR-ligated-N	9	10	G	206	206	0	0	0	206	0	0	0	0	0	7976	0	.	0	0	0	0	0	0	0	0	0	0	.	0	0	206	0	0	0	0	0	7976	0	.	0|0|0|0,0|0|0|0,0|0|206|7976,0|0|0|0,0|.0|.,.|.
5HT2cR-ligated-N	10	11	G	206	206	0	0	0	206	0	0	0	0	0	7996	0	.	0	0	0	0	0	0	0	0	0	0	.	0	0	206	0	0	0	0	0	7996	0	.	0|0|0|0,0|0|0|0,0|0|206|7996,0|0|0|0,0|.0|.,.|.
5HT2cR-ligated-N	11	12	T	206	206	0	0	0	0	206	0	0	0	0	0	7939	.	0	0	0	0	0	0	0	0	0	0	.	0	0	0	206	0	0	0	0	0	7939	.	0|0|0|0,0|0|0|0,0|0|0|0,0|0|206|7939,0|.0|.,.|.
5HT2cR-ligated-N	12	13	A	206	206	0	206	0	0	0	0	0	8019	0	0	0	.	0	0	0	0	0	0	0	0	0	0	.	206	0	0	0	0	0	8019	0	0	0	.	0|0|206|8019,0|0|0|0,0|0|0|0,0|0|0|0,0|.0|.,.|.
5HT2cR-ligated-N	13	14	T	206	206	0	0	0	0	206	0	0	0	0	0	8009	.	0	0	0	0	0	0	0	0	0	0	.	0	0	0	206	0	0	0	0	0	8009	.	0|0|0|0,0|0|0|0,0|0|0|0,0|0|206|8009,0|.0|.,.|.
5HT2cR-ligated-N	14	15	G	206	206	0	0	0	206	0	0	0	0	0	8013	0	.	0	0	0	0	0	0	0	0	0	0	.	0	0	206	0	0	0	0	0	8013	0	.	0|0|0|0,0|0|0|0,0|0|206|8013,0|0|0|0,0|.0|.,.|.
5HT2cR-ligated-N	15	16	T	206	206	0	0	0	0	206	0	0	0	0	0	8005	.	0	0	0	0	0	0	0	0	0	0	.	0	0	0	206	0	0	0	0	0	8005	.	0|0|0|0,0|0|0|0,0|0|0|0,0|0|206|8005,0|.0|.,.|.
5HT2cR-ligated-N	16	17	A	206	206	0	206	0	0	0	0	0	8016	0	0	0	.	0	0	0	0	0	0	0	0	0	0	.	206	0	0	0	0	0	8016	0	0	0	.	0|0|206|8016,0|0|0|0,0|0|0|0,0|0|0|0,0|.0|.,.|.
5HT2cR-ligated-N	17	18	G	206	206	0	0	0	206	0	0	0	0	0	7983	0	.	0	0	0	0	0	0	0	0	0	0	.	0	0	206	0	0	0	0	0	7983	0	.	0|0|0|0,0|0|0|0,0|0|206|7983,0|0|0|0,0|.0|.,.|.
5HT2cR-ligated-N	18	19	C	206	206	0	0	206	0	0	0	0	0	7980	0	0	.	0	0	0	0	0	0	0	0	0	0	.	0	206	0	0	0	0	0	7980	0	0	.	0|0|0|0,0|0|206|7980,0|0|0|0,0|0|0|0,0|.0|.,.|.
5HT2cR-ligated-N	19	20	A	206	206	0	206	0	0	0	0	0	8003	0	0	0	.	0	0	0	0	0	0	0	0	0	0	.	206	0	0	0	0	0	8003	0	0	0	.	0|0|206|8003,0|0|0|0,0|0|0|0,0|0|0|0,0|.0|.,.|.
5HT2cR-ligated-N	20	21	N	206	0	206	206	0	0	0	0	0	7983	0	0	0	.	0	0	0	0	0	0	0	0	0	0	.	206	0	0	0	0	0	7983	0	0	0	.	0|0|206|7983,0|0|0|0,0|0|0|0,0|0|0|0,0|.0|.,.|.
5HT2cR-ligated-N	21	22	T	206	206	0	0	0	0	206	0	0	0	0	0	7959	.	0	0	0	0	0	0	0	0	0	0	.	0	0	0	206	0	0	0	0	0	7959	.	0|0|0|0,0|0|0|0,0|0|0|0,0|0|206|7959,0|.0|.,.|.
5HT2cR-ligated-N	22	23	N	206	0	206	206	0	0	0	0	0	7908	0	0	0	.	0	0	0	0	0	0	0	0	0	0	.	206	0	0	0	0	0	7908	0	0	0	.	0|0|206|7908,0|0|0|0,0|0|0|0,0|0|0|0,0|.0|.,.|.
5HT2cR-ligated-N	23	24	C	206	206	0	0	206	0	0	0	0	0	7921	0	0	.	0	0	0	0	0	0	0	0	0	0	.	0	206	0	0	0	0	0	7921	0	0	.	0|0|0|0,0|0|206|7921,0|0|0|0,0|0|0|0,0|.0|.,.|.
5HT2cR-ligated-N	24	25	G	206	206	0	0	0	206	0	0	0	0	0	8006	0	.	0	0	0	0	0	0	0	0	0	0	.	0	0	206	0	0	0	0	0	8006	0	.	0|0|0|0,0|0|0|0,0|0|206|8006,0|0|0|0,0|.0|.,.|.
5HT2cR-ligated-N	25	26	T	206	206	0	0	0	0	206	0	0	0	0	0	7962	.	0	0	0	0	0	0	0	0	0	0	.	0	0	0	206	0	0	0	0	0	7962	.	0|0|0|0,0|0|0|0,0|0|0|0,0|0|206|7962,0|.0|.,.|.
5HT2cR-ligated-N	26	27	N	206	0	206	206	0	0	0	0	0	7978	0	0	0	.	0	0	0	0	0	0	0	0	0	0	.	206	0	0	0	0	0	7978	0	0	0	.	0|0|206|7978,0|0|0|0,0|0|0|0,0|0|0|0,0|.0|.,.|.
5HT2cR-ligated-N	27	28	N	206	0	206	206	0	0	0	0	0	7929	0	0	0	.	0	0	0	0	0	0	0	0	0	0	.	206	0	0	0	0	0	7929	0	0	0	.	0|0|206|7929,0|0|0|0,0|0|0|0,0|0|0|0,0|.0|.,.|.
5HT2cR-ligated-N	28	29	T	206	142	64	0	64	0	142	0	0	0	2481	0	5492	.	0	0	0	0	0	0	0	0	0	0	.	0	64	0	142	0	0	0	2481	0	5492	.	0|0|0|0,0|0|64|2481,0|0|0|0,0|0|142|5492,0|.0|.,.|.
5HT2cR-ligated-N	29	30	C	206	206	0	0	206	0	0	0	0	0	7979	0	0	.	0	0	0	0	0	0	0	0	0	0	.	0	206	0	0	0	0	0	7979	0	0	.	0|0|0|0,0|0|206|7979,0|0|0|0,0|0|0|0,0|.0|.,.|.
5HT2cR-ligated-N	30	31	C	206	206	0	0	206	0	0	0	0	0	7988	0	0	.	0	0	0	0	0	0	0	0	0	0	.	0	206	0	0	0	0	0	7988	0	0	.	0|0|0|0,0|0|206|7988,0|0|0|0,0|0|0|0,0|.0|.,.|.
5HT2cR-ligated-N	31	32	T	206	206	0	0	0	0	206	0	0	0	0	0	7991	.	0	0	0	0	0	0	0	0	0	0	.	0	0	0	206	0	0	0	0	0	7991	.	0|0|0|0,0|0|0|0,0|0|0|0,0|0|206|7991,0|.0|.,.|.
5HT2cR-ligated-N	32	33	N	206	0	206	206	0	0	0	0	0	7995	0	0	0	.	0	0	0	0	0	0	0	0	0	0	.	206	0	0	0	0	0	7995	0	0	0	.	0|0|206|7995,0|0|0|0,0|0|0|0,0|0|0|0,0|.0|.,.|.
5HT2cR-ligated-N	33	34	T	206	206	0	0	0	0	206	0	0	0	0	0	7971	.	0	0	0	0	0	0	0	0	0	0	.	0	0	0	206	0	0	0	0	0	7971	.	0|0|0|0,0|0|0|0,0|0|0|0,0|0|206|7971,0|.0|.,.|.
5HT2cR-ligated-N	34	35	T	206	206	0	0	0	0	206	0	0	0	0	0	7990	.	0	0	0	0	0	0	0	0	0	0	.	0	0	0	206	0	0	0	0	0	7990	.	0|0|0|0,0|0|0|0,0|0|0|0,0|0|206|7990,0|.0|.,.|.
5HT2cR-ligated-N	35	36	G	206	206	0	0	0	206	0	0	0	0	0	7959	0	.	0	0	0	0	0	0	0	0	0	0	.	0	0	206	0	0	0	0	0	7959	0	.	0|0|0|0,0|0|0|0,0|0|206|7959,0|0|0|0,0|.0|.,.|.
5HT2cR-ligated-N	36	37	A	206	206	0	206	0	0	0	0	0	7978	0	0	0	.	0	0	0	0	0	0	0	0	0	0	.	206	0	0	0	0	0	7978	0	0	0	.	0|0|206|7978,0|0|0|0,0|0|0|0,0|0|0|0,0|.0|.,.|.
5HT2cR-ligated-N	37	38	G	206	206	0	0	0	206	0	0	0	0	0	7990	0	.	0	0	0	0	0	0	0	0	0	0	.	0	0	206	0	0	0	0	0	7990	0	.	0|0|0|0,0|0|0|0,0|0|206|7990,0|0|0|0,0|.0|.,.|.
5HT2cR-ligated-N	38	39	C	206	206	0	0	206	0	0	0	0	0	7992	0	0	.	0	0	0	0	0	0	0	0	0	0	.	0	206	0	0	0	0	0	7992	0	0	.	0|0|0|0,0|0|206|7992,0|0|0|0,0|0|0|0,0|.0|.,.|.
5HT2cR-ligated-N	39	40	A	206	206	0	206	0	0	0	0	0	7994	0	0	0	.	0	0	0	0	0	0	0	0	0	0	.	206	0	0	0	0	0	7994	0	0	0	.	0|0|206|7994,0|0|0|0,0|0|0|0,0|0|0|0,0|.0|.,.|.
5HT2cR-ligated-N	40	41	T	206	206	0	0	0	0	206	0	0	0	0	0	7850	.	0	0	0	0	0	0	0	0	0	0	.	0	0	0	206	0	0	0	0	0	7850	.	0|0|0|0,0|0|0|0,0|0|0|0,0|0|206|7850,0|.0|.,.|.
5HT2cR-ligated-N	41	42	A	206	205	1	205	0	1	0	0	0	7764	0	16	0	.	0	0	0	0	0	0	0	0	0	0	.	205	0	1	0	0	0	7764	0	16	0	.	0|0|205|7764,0|0|0|0,0|0|1|16,0|0|0|0,0|.0|.,.|.
5HT2cR-ligated-N	42	43	G	206	206	0	0	0	206	0	0	0	0	0	7849	0	.	0	0	0	0	0	0	0	0	0	0	.	0	0	206	0	0	0	0	0	7849	0	.	0|0|0|0,0|0|0|0,0|0|206|7849,0|0|0|0,0|.0|.,.|.
5HT2cR-ligated-N	43	44	C	206	206	0	0	206	0	0	0	0	0	7844	0	0	.	0	0	0	0	0	0	0	0	0	0	.	0	206	0	0	0	0	0	7844	0	0	.	0|0|0|0,0|0|206|7844,0|0|0|0,0|0|0|0,0|.0|.,.|.
5HT2cR-ligated-N	44	45	C	206	206	0	0	206	0	0	0	0	0	7795	0	0	.	0	0	0	0	0	0	0	0	0	0	.	0	206	0	0	0	0	0	7795	0	0	.	0|0|0|0,0|0|206|7795,0|0|0|0,0|0|0|0,0|.0|.,.|.
5HT2cR-ligated-N	45	46	G	240	185	55	0	0	185	0	55	0	0	0	7141	0	.	0	0	34	0	0	0	0	0	1317	0	.	0	0	151	0	55	0	0	0	5824	0	.	0|0|0|0,0|0|0|0,34|1317|151|5824,0|0|0|0,0|.55|.,.|.
5HT2cR-ligated-N	46	47	G	240	240	0	0	0	240	0	0	0	0	0	9302	0	.	0	0	34	0	0	0	0	0	1319	0	.	0	0	206	0	0	0	0	0	7983	0	.	0|0|0|0,0|0|0|0,34|1319|206|7983,0|0|0|0,0|.0|.,.|.
5HT2cR-ligated-N	47	48	T	240	240	0	0	0	0	240	0	0	0	0	0	9271	.	0	0	0	34	0	0	0	0	0	1274	.	0	0	0	206	0	0	0	0	0	7997	.	0|0|0|0,0|0|0|0,0|0|0|0,34|1274|206|7997,0|.0|.,.|.
5HT2cR-ligated-N	48	49	T	240	240	0	0	0	0	240	0	0	0	0	0	9292	.	0	0	0	34	0	0	0	0	0	1300	.	0	0	0	206	0	0	0	0	0	7992	.	0|0|0|0,0|0|0|0,0|0|0|0,34|1300|206|7992,0|.0|.,.|.
5HT2cR-ligated-N	49	50	T	240	240	0	0	0	0	240	0	0	0	0	0	9297	.	0	0	0	34	0	0	0	0	0	1313	.	0	0	0	206	0	0	0	0	0	7984	.	0|0|0|0,0|0|0|0,0|0|0|0,34|1313|206|7984,0|.0|.,.|.
5HT2cR-ligated-N	50	51	C	240	240	0	0	240	0	0	0	0	0	9304	0	0	.	0	34	0	0	0	0	0	1316	0	0	.	0	206	0	0	0	0	0	7988	0	0	.	0|0|0|0,34|1316|206|7988,0|0|0|0,0|0|0|0,0|.0|.,.|.
5HT2cR-ligated-N	51	52	A	240	240	0	240	0	0	0	0	0	9253	0	0	0	.	34	0	0	0	0	0	1321	0	0	0	.	206	0	0	0	0	0	7932	0	0	0	.	34|1321|206|7932,0|0|0|0,0|0|0|0,0|0|0|0,0|.0|.,.|.
5HT2cR-ligated-N	52	53	A	240	240	0	240	0	0	0	0	0	9183	0	0	0	.	34	0	0	0	0	0	1321	0	0	0	.	206	0	0	0	0	0	7862	0	0	0	.	34|1321|206|7862,0|0|0|0,0|0|0|0,0|0|0|0,0|.0|.,.|.
5HT2cR-ligated-N	53	54	T	240	176	64	64	0	0	176	0	0	2424	0	0	6692	.	0	0	0	34	0	0	0	0	0	1321	.	64	0	0	142	0	0	2424	0	0	5371	.	0|0|64|2424,0|0|0|0,0|0|0|0,34|1321|142|5371,0|.0|.,.|.
5HT2cR-ligated-N	54	55	T	240	185	55	55	0	0	185	0	0	2136	0	0	7026	.	0	0	0	34	0	0	0	0	0	1325	.	55	0	0	151	0	0	2136	0	0	5701	.	0|0|55|2136,0|0|0|0,0|0|0|0,34|1325|151|5701,0|.0|.,.|.
5HT2cR-ligated-N	55	56	C	240	240	0	0	240	0	0	0	0	0	9173	0	0	.	0	34	0	0	0	0	0	1322	0	0	.	0	206	0	0	0	0	0	7851	0	0	.	0|0|0|0,34|1322|206|7851,0|0|0|0,0|0|0|0,0|.0|.,.|.
5HT2cR-ligated-N	56	57	G	240	240	0	0	0	240	0	0	0	0	0	9122	0	.	0	0	34	0	0	0	0	0	1281	0	.	0	0	206	0	0	0	0	0	7841	0	.	0|0|0|0,0|0|0|0,34|1281|206|7841,0|0|0|0,0|.0|.,.|.
5HT2cR-ligated-N	57	58	C	240	240	0	0	240	0	0	0	0	0	9108	0	0	.	0	34	0	0	0	0	0	1269	0	0	.	0	206	0	0	0	0	0	7839	0	0	.	0|0|0|0,34|1269|206|7839,0|0|0|0,0|0|0|0,0|.0|.,.|.
5HT2cR-ligated-N	58	59	G	240	240	0	0	0	240	0	0	0	0	0	9261	0	.	0	0	34	0	0	0	0	0	1290	0	.	0	0	206	0	0	0	0	0	7971	0	.	0|0|0|0,0|0|0|0,34|1290|206|7971,0|0|0|0,0|.0|.,.|.
5HT2cR-ligated-N	59	60	G	240	240	0	0	0	240	0	0	0	0	0	9282	0	.	0	0	34	0	0	0	0	0	1284	0	.	0	0	206	0	0	0	0	0	7998	0	.	0|0|0|0,0|0|0|0,34|1284|206|7998,0|0|0|0,0|.0|.,.|.
5HT2cR-ligated-N	60	61	A	240	240	0	240	0	0	0	0	0	9263	0	0	0	.	34	0	0	0	0	0	1282	0	0	0	.	206	0	0	0	0	0	7981	0	0	0	.	34|1282|206|7981,0|0|0|0,0|0|0|0,0|0|0|0,0|.0|.,.|.
5HT2cR-ligated-N	61	62	C	240	240	0	0	240	0	0	0	0	0	9256	0	0	.	0	34	0	0	0	0	0	1282	0	0	.	0	206	0	0	0	0	0	7974	0	0	.	0|0|0|0,34|1282|206|7974,0|0|0|0,0|0|0|0,0|.0|.,.|.
5HT2cR-ligated-N	62	63	T	240	240	0	0	0	0	240	0	0	0	0	0	9281	.	0	0	0	34	0	0	0	0	0	1288	.	0	0	0	206	0	0	0	0	0	7993	.	0|0|0|0,0|0|0|0,0|0|0|0,34|1288|206|7993,0|.0|.,.|.
5HT2cR-ligated-N	63	64	A	240	240	0	240	0	0	0	0	0	9317	0	0	0	.	34	0	0	0	0	0	1312	0	0	0	.	206	0	0	0	0	0	8005	0	0	0	.	34|1312|206|8005,0|0|0|0,0|0|0|0,0|0|0|0,0|.0|.,.|.
5HT2cR-ligated-N	64	65	A	240	240	0	240	0	0	0	0	0	9308	0	0	0	.	34	0	0	0	0	0	1311	0	0	0	.	206	0	0	0	0	0	7997	0	0	0	.	34|1311|206|7997,0|0|0|0,0|0|0|0,0|0|0|0,0|.0|.,.|.
5HT2cR-ligated-N	65	66	G	240	240	0	0	0	240	0	0	0	0	0	9289	0	.	0	0	34	0	0	0	0	0	1287	0	.	0	0	206	0	0	0	0	0	8002	0	.	0|0|0|0,0|0|0|0,34|1287|206|8002,0|0|0|0,0|.0|.,.|.
5HT2cR-ligated-N	66	67	G	240	240	0	0	0	240	0	0	0	0	0	9280	0	.	0	0	34	0	0	0	0	0	1310	0	.	0	0	206	0	0	0	0	0	7970	0	.	0|0|0|0,0|0|0|0,34|1310|206|7970,0|0|0|0,0|.0|.,.|.
5HT2cR-ligated-N	67	68	C	240	240	0	0	240	0	0	0	0	0	9202	0	0	.	0	34	0	0	0	0	0	1318	0	0	.	0	206	0	0	0	0	0	7884	0	0	.	0|0|0|0,34|1318|206|7884,0|0|0|0,0|0|0|0,0|.0|.,.|.
5HT2cR-ligated-N	68	69	C	240	240	0	0	240	0	0	0	0	0	9233	0	0	.	0	34	0	0	0	0	0	1321	0	0	.	0	206	0	0	0	0	0	7912	0	0	.	0|0|0|0,34|1321|206|7912,0|0|0|0,0|0|0|0,0|.0|.,.|.
5HT2cR-ligated-N	69	70	A	240	240	0	240	0	0	0	0	0	9235	0	0	0	.	34	0	0	0	0	0	1318	0	0	0	.	206	0	0	0	0	0	7917	0	0	0	.	34|1318|206|7917,0|0|0|0,0|0|0|0,0|0|0|0,0|.0|.,.|.
5HT2cR-ligated-N	70	71	T	240	240	0	0	0	0	240	0	0	0	0	0	9242	.	0	0	0	34	0	0	0	0	0	1320	.	0	0	0	206	0	0	0	0	0	7922	.	0|0|0|0,0|0|0|0,0|0|0|0,34|1320|206|7922,0|.0|.,.|.
5HT2cR-ligated-N	71	72	C	240	240	0	0	240	0	0	0	0	0	9248	0	0	.	0	34	0	0	0	0	0	1321	0	0	.	0	206	0	0	0	0	0	7927	0	0	.	0|0|0|0,34|1321|206|7927,0|0|0|0,0|0|0|0,0|.0|.,.|.
5HT2cR-ligated-N	72	73	A	241	241	0	241	0	0	0	0	0	9259	0	0	0	.	34	0	0	0	0	0	1322	0	0	0	.	207	0	0	0	0	0	7937	0	0	0	.	34|1322|207|7937,0|0|0|0,0|0|0|0,0|0|0|0,0|.0|.,.|.
5HT2cR-ligated-N	73	74	T	241	241	0	0	0	0	241	0	0	0	0	0	9208	.	0	0	0	34	0	0	0	0	0	1323	.	0	0	0	207	0	0	0	0	0	7885	.	0|0|0|0,0|0|0|0,0|0|0|0,34|1323|207|7885,0|.0|.,.|.
5HT2cR-ligated-N	74	75	G	241	241	0	0	0	241	0	0	0	0	0	9210	0	.	0	0	34	0	0	0	0	0	1321	0	.	0	0	207	0	0	0	0	0	7889	0	.	0|0|0|0,0|0|0|0,34|1321|207|7889,0|0|0|0,0|.0|.,.|.
5HT2cR-ligated-N	75	76	A	241	241	0	241	0	0	0	0	0	9218	0	0	0	.	34	0	0	0	0	0	1321	0	0	0	.	207	0	0	0	0	0	7897	0	0	0	.	34|1321|207|7897,0|0|0|0,0|0|0|0,0|0|0|0,0|.0|.,.|.
5HT2cR-ligated-N	76	77	A	241	207	34	207	0	0	34	0	0	7897	0	0	1324	.	0	0	0	34	0	0	0	0	0	1324	.	207	0	0	0	0	0	7897	0	0	0	.	0|0|207|7897,0|0|0|0,0|0|0|0,34|1324|0|0,0|.0|.,.|.
5HT2cR-ligated-N	77	78	G	241	241	0	0	0	241	0	0	0	0	0	9149	0	.	0	0	34	0	0	0	0	0	1323	0	.	0	0	207	0	0	0	0	0	7826	0	.	0|0|0|0,0|0|0|0,34|1323|207|7826,0|0|0|0,0|.0|.,.|.
5HT2cR-ligated-N	78	79	A	241	241	0	241	0	0	0	0	0	9160	0	0	0	.	34	0	0	0	0	0	1316	0	0	0	.	207	0	0	0	0	0	7844	0	0	0	.	34|1316|207|7844,0|0|0|0,0|0|0|0,0|0|0|0,0|.0|.,.|.
5HT2cR-ligated-N	79	80	T	241	241	0	0	0	0	241	0	0	0	0	0	9119	.	0	0	0	34	0	0	0	0	0	1317	.	0	0	0	207	0	0	0	0	0	7802	.	0|0|0|0,0|0|0|0,0|0|0|0,34|1317|207|7802,0|.0|.,.|.
5HT2cR-ligated-N	80	81	T	241	241	0	0	0	0	241	0	0	0	0	0	9106	.	0	0	0	34	0	0	0	0	0	1319	.	0	0	0	207	0	0	0	0	0	7787	.	0|0|0|0,0|0|0|0,0|0|0|0,34|1319|207|7787,0|.0|.,.|.
5HT2cR-ligated-N	81	82	G	241	240	1	1	0	240	0	0	0	3	0	9108	0	.	0	0	34	0	0	0	0	0	1319	0	.	1	0	206	0	0	0	3	0	7789	0	.	0|0|1|3,0|0|0|0,34|1319|206|7789,0|0|0|0,0|.0|.,.|.
5HT2cR-ligated-N	82	83	C	241	241	0	0	241	0	0	0	0	0	9133	0	0	.	0	34	0	0	0	0	0	1318	0	0	.	0	207	0	0	0	0	0	7815	0	0	.	0|0|0|0,34|1318|207|7815,0|0|0|0,0|0|0|0,0|.0|.,.|.
5HT2cR-ligated-N	83	84	T	177	177	0	0	0	0	177	0	0	0	0	0	6737	.	0	0	0	34	0	0	0	0	0	1324	.	0	0	0	143	0	0	0	0	0	5413	.	0|0|0|0,0|0|0|0,0|0|0|0,34|1324|143|5413,0|.0|.,.|.
5HT2cR-ligated-N	84	85	A	193	193	0	193	0	0	0	0	0	7326	0	0	0	.	50	0	0	0	0	0	1908	0	0	0	.	143	0	0	0	0	0	5418	0	0	0	.	50|1908|143|5418,0|0|0|0,0|0|0|0,0|0|0|0,0|.0|.,.|.
5HT2cR-ligated-N	85	86	T	193	193	0	0	0	0	193	0	0	0	0	0	7322	.	0	0	0	50	0	0	0	0	0	1928	.	0	0	0	143	0	0	0	0	0	5394	.	0|0|0|0,0|0|0|0,0|0|0|0,50|1928|143|5394,0|.0|.,.|.
5HT2cR-ligated-N	86	87	T	193	193	0	0	0	0	193	0	0	0	0	0	7324	.	0	0	0	50	0	0	0	0	0	1926	.	0	0	0	143	0	0	0	0	0	5398	.	0|0|0|0,0|0|0|0,0|0|0|0,50|1926|143|5398,0|.0|.,.|.
5HT2cR-ligated-N	87	88	G	138	138	0	0	0	138	0	0	0	0	0	5304	0	.	0	0	50	0	0	0	0	0	1928	0	.	0	0	88	0	0	0	0	0	3376	0	.	0|0|0|0,0|0|0|0,50|1928|88|3376,0|0|0|0,0|.0|.,.|.
5HT2cR-ligated-N	88	89	T	138	138	0	0	0	0	138	0	0	0	0	0	5281	.	0	0	0	50	0	0	0	0	0	1910	.	0	0	0	88	0	0	0	0	0	3371	.	0|0|0|0,0|0|0|0,0|0|0|0,50|1910|88|3371,0|.0|.,.|.
5HT2cR-ligated-N	89	90	T	138	138	0	0	0	0	138	0	0	0	0	0	5282	.	0	0	0	50	0	0	0	0	0	1914	.	0	0	0	88	0	0	0	0	0	3368	.	0|0|0|0,0|0|0|0,0|0|0|0,50|1914|88|3368,0|.0|.,.|.
5HT2cR-ligated-N	90	91	T	138	138	0	0	0	0	138	0	0	0	0	0	5282	.	0	0	0	50	0	0	0	0	0	1928	.	0	0	0	88	0	0	0	0	0	3354	.	0|0|0|0,0|0|0|0,0|0|0|0,50|1928|88|3354,0|.0|.,.|.
5HT2cR-ligated-N	91	92	G	138	138	0	0	0	138	0	0	0	0	0	5236	0	.	0	0	50	0	0	0	0	0	1906	0	.	0	0	88	0	0	0	0	0	3330	0	.	0|0|0|0,0|0|0|0,50|1906|88|3330,0|0|0|0,0|.0|.,.|.
5HT2cR-ligated-N	92	93	G	138	138	0	0	0	138	0	0	0	0	0	5094	0	.	0	0	50	0	0	0	0	0	1873	0	.	0	0	88	0	0	0	0	0	3221	0	.	0|0|0|0,0|0|0|0,50|1873|88|3221,0|0|0|0,0|.0|.,.|.
5HT2cR-ligated-N	93	94	G	126	125	1	0	0	125	1	0	0	0	0	4796	3	.	0	0	50	0	0	0	0	0	1896	0	.	0	0	75	1	0	0	0	0	2900	3	.	0|0|0|0,0|0|0|0,50|1896|75|2900,0|0|1|3,0|.0|.,.|.
5HT2cR-ligated-N	94	95	C	126	126	0	0	126	0	0	0	0	0	4866	0	0	.	0	50	0	0	0	0	0	1941	0	0	.	0	76	0	0	0	0	0	2925	0	0	.	0|0|0|0,50|1941|76|2925,0|0|0|0,0|0|0|0,0|.0|.,.|.
5HT2cR-ligated-N	95	96	A	126	126	0	126	0	0	0	0	0	4891	0	0	0	.	50	0	0	0	0	0	1940	0	0	0	.	76	0	0	0	0	0	2951	0	0	0	.	50|1940|76|2951,0|0|0|0,0|0|0|0,0|0|0|0,0|.0|.,.|.
5HT2cR-ligated-N	96	97	A	126	126	0	126	0	0	0	0	0	4824	0	0	0	.	50	0	0	0	0	0	1899	0	0	0	.	76	0	0	0	0	0	2925	0	0	0	.	50|1899|76|2925,0|0|0|0,0|0|0|0,0|0|0|0,0|.0|.,.|.
5HT2cR-ligated-N	97	98	T	126	126	0	0	0	0	126	0	0	0	0	0	4800	.	0	0	0	50	0	0	0	0	0	1926	.	0	0	0	76	0	0	0	0	0	2874	.	0|0|0|0,0|0|0|0,0|0|0|0,50|1926|76|2874,0|.0|.,.|.
5HT2cR-ligated-N	98	99	T	126	126	0	0	0	0	126	0	0	0	0	0	4819	.	0	0	0	50	0	0	0	0	0	1940	.	0	0	0	76	0	0	0	0	0	2879	.	0|0|0|0,0|0|0|0,0|0|0|0,50|1940|76|2879,0|.0|.,.|.
5HT2cR-ligated-N	99	100	T	126	126	0	0	0	0	126	0	0	0	0	0	4812	.	0	0	0	50	0	0	0	0	0	1945	.	0	0	0	76	0	0	0	0	0	2867	.	0|0|0|0,0|0|0|0,0|0|0|0,50|1945|76|2867,0|.0|.,.|.
5HT2cR-ligated-N	100	101	C	126	126	0	0	126	0	0	0	0	0	4821	0	0	.	0	50	0	0	0	0	0	1942	0	0	.	0	76	0	0	0	0	0	2879	0	0	.	0|0|0|0,50|1942|76|2879,0|0|0|0,0|0|0|0,0|.0|.,.|.
5HT2cR-ligated-N	101	102	T	126	126	0	0	0	0	126	0	0	0	0	0	4810	.	0	0	0	50	0	0	0	0	0	1946	.	0	0	0	76	0	0	0	0	0	2864	.	0|0|0|0,0|0|0|0,0|0|0|0,50|1946|76|2864,0|.0|.,.|.
5HT2cR-ligated-N	102	103	A	126	126	0	126	0	0	0	0	0	4821	0	0	0	.	50	0	0	0	0	0	1944	0	0	0	.	76	0	0	0	0	0	2877	0	0	0	.	50|1944|76|2877,0|0|0|0,0|0|0|0,0|0|0|0,0|.0|.,.|.
5HT2cR-ligated-N	103	104	T	126	126	0	0	0	0	126	0	0	0	0	0	4815	.	0	0	0	50	0	0	0	0	0	1943	.	0	0	0	76	0	0	0	0	0	2872	.	0|0|0|0,0|0|0|0,0|0|0|0,50|1943|76|2872,0|.0|.,.|.
5HT2cR-ligated-N	104	105	A	126	126	0	126	0	0	0	0	0	4810	0	0	0	.	50	0	0	0	0	0	1936	0	0	0	.	76	0	0	0	0	0	2874	0	0	0	.	50|1936|76|2874,0|0|0|0,0|0|0|0,0|0|0|0,0|.0|.,.|.
5HT2cR-ligated-N	105	106	G	126	126	0	0	0	126	0	0	0	0	0	4784	0	.	0	0	50	0	0	0	0	0	1925	0	.	0	0	76	0	0	0	0	0	2859	0	.	0|0|0|0,0|0|0|0,50|1925|76|2859,0|0|0|0,0|.0|.,.|.
5HT2cR-ligated-N	106	107	G	126	126	0	0	0	126	0	0	0	0	0	4812	0	.	0	0	50	0	0	0	0	0	1943	0	.	0	0	76	0	0	0	0	0	2869	0	.	0|0|0|0,0|0|0|0,50|1943|76|2869,0|0|0|0,0|.0|.,.|.
5HT2cR-ligated-N	107	108	T	126	126	0	0	0	0	126	0	0	0	0	0	4673	.	0	0	0	50	0	0	0	0	0	1869	.	0	0	0	76	0	0	0	0	0	2804	.	0|0|0|0,0|0|0|0,0|0|0|0,50|1869|76|2804,0|.0|.,.|.
5HT2cR-ligated-N	108	109	A	126	126	0	126	0	0	0	0	0	4728	0	0	0	.	50	0	0	0	0	0	1926	0	0	0	.	76	0	0	0	0	0	2802	0	0	0	.	50|1926|76|2802,0|0|0|0,0|0|0|0,0|0|0|0,0|.0|.,.|.
5HT2cR-ligated-N	109	110	A	126	126	0	126	0	0	0	0	0	4707	0	0	0	.	50	0	0	0	0	0	1915	0	0	0	.	76	0	0	0	0	0	2792	0	0	0	.	50|1915|76|2792,0|0|0|0,0|0|0|0,0|0|0|0,0|.0|.,.|.
5HT2cR-ligated-N	110	111	A	126	126	0	126	0	0	0	0	0	4742	0	0	0	.	50	0	0	0	0	0	1938	0	0	0	.	76	0	0	0	0	0	2804	0	0	0	.	50|1938|76|2804,0|0|0|0,0|0|0|0,0|0|0|0,0|.0|.,.|.
5HT2cR-ligated-N	111	112	T	126	126	0	0	0	0	126	0	0	0	0	0	4756	.	0	0	0	50	0	0	0	0	0	1945	.	0	0	0	76	0	0	0	0	0	2811	.	0|0|0|0,0|0|0|0,0|0|0|0,50|1945|76|2811,0|.0|.,.|.
5HT2cR-ligated-N	112	113	A	126	126	0	126	0	0	0	0	0	4733	0	0	0	.	50	0	0	0	0	0	1941	0	0	0	.	76	0	0	0	0	0	2792	0	0	0	.	50|1941|76|2792,0|0|0|0,0|0|0|0,0|0|0|0,0|.0|.,.|.
5HT2cR-ligated-N	113	114	A	51	51	0	51	0	0	0	0	0	1949	0	0	0	.	50	0	0	0	0	0	1920	0	0	0	.	1	0	0	0	0	0	29	0	0	0	.	50|1920|1|29,0|0|0|0,0|0|0|0,0|0|0|0,0|.0|.,.|.
5HT2cR-ligated-N	114	115	A	51	51	0	51	0	0	0	0	0	1967	0	0	0	.	50	0	0	0	0	0	1937	0	0	0	.	1	0	0	0	0	0	30	0	0	0	.	50|1937|1|30,0|0|0|0,0|0|0|0,0|0|0|0,0|.0|.,.|.
5HT2cR-ligated-N	115	116	A	51	51	0	51	0	0	0	0	0	1945	0	0	0	.	50	0	0	0	0	0	1941	0	0	0	.	1	0	0	0	0	0	4	0	0	0	.	50|1941|1|4,0|0|0|0,0|0|0|0,0|0|0|0,0|.0|.,.|.
5HT2cR-ligated-N	116	117	C	51	51	0	0	51	0	0	0	0	0	1978	0	0	.	0	50	0	0	0	0	0	1948	0	0	.	0	1	0	0	0	0	0	30	0	0	.	0|0|0|0,50|1948|1|30,0|0|0|0,0|0|0|0,0|.0|.,.|.
5HT2cR-ligated-N	117	118	T	51	50	1	0	0	1	50	0	0	0	0	2	1943	.	0	0	0	50	0	0	0	0	0	1943	.	0	0	1	0	0	0	0	0	2	0	.	0|0|0|0,0|0|0|0,0|0|1|2,50|1943|0|0,0|.0|.,.|.
5HT2cR-ligated-N	118	119	T	51	51	0	0	0	0	51	0	0	0	0	0	1986	.	0	0	0	50	0	0	0	0	0	1949	.	0	0	0	1	0	0	0	0	0	37	.	0|0|0|0,0|0|0|0,0|0|0|0,50|1949|1|37,0|.0|.,.|.
5HT2cR-ligated-N	119	120	T	51	51	0	0	0	0	51	0	0	0	0	0	1964	.	0	0	0	50	0	0	0	0	0	1942	.	0	0	0	1	0	0	0	0	0	22	.	0|0|0|0,0|0|0|0,0|0|0|0,50|1942|1|22,0|.0|.,.|.
5HT2cR-ligated-N	120	121	T	51	51	0	0	0	0	51	0	0	0	0	0	1984	.	0	0	0	50	0	0	0	0	0	1948	.	0	0	0	1	0	0	0	0	0	36	.	0|0|0|0,0|0|0|0,0|0|0|0,50|1948|1|36,0|.0|.,.|.
5HT2cR-ligated-N	121	122	T	51	51	0	0	0	0	51	0	0	0	0	0	1984	.	0	0	0	50	0	0	0	0	0	1947	.	0	0	0	1	0	0	0	0	0	37	.	0|0|0|0,0|0|0|0,0|0|0|0,50|1947|1|37,0|.0|.,.|.
5HT2cR-ligated-N	122	123	G	373	373	0	0	0	373	0	0	0	0	0	14468	0	.	0	0	50	0	0	0	0	0	1926	0	.	0	0	323	0	0	0	0	0	12542	0	.	0|0|0|0,0|0|0|0,50|1926|323|12542,0|0|0|0,0|.0|.,.|.
5HT2cR-ligated-N	123	124	G	373	373	0	0	0	373	0	0	0	0	0	14489	0	.	0	0	50	0	0	0	0	0	1917	0	.	0	0	323	0	0	0	0	0	12572	0	.	0|0|0|0,0|0|0|0,50|1917|323|12572,0|0|0|0,0|.0|.,.|.
5HT2cR-ligated-N	124	125	C	357	356	1	1	356	0	0	0	0	2	13818	0	0	.	0	34	0	0	0	0	0	1325	0	0	.	1	322	0	0	0	0	2	12493	0	0	.	0|0|1|2,34|1325|322|12493,0|0|0|0,0|0|0|0,0|.0|.,.|.
5HT2cR-ligated-N	125	126	C	357	357	0	0	357	0	0	0	0	0	13883	0	0	.	0	34	0	0	0	0	0	1324	0	0	.	0	323	0	0	0	0	0	12559	0	0	.	0|0|0|0,34|1324|323|12559,0|0|0|0,0|0|0|0,0|.0|.,.|.
5HT2cR-ligated-N	126	127	A	323	323	0	323	0	0	0	0	0	12584	0	0	0	.	0	0	0	0	0	0	0	0	0	0	.	323	0	0	0	0	0	12584	0	0	0	.	0|0|323|12584,0|0|0|0,0|0|0|0,0|0|0|0,0|.0|.,.|.
5HT2cR-ligated-N	127	128	T	323	323	0	0	0	0	323	0	0	0	0	0	12524	.	0	0	0	0	0	0	0	0	0	0	.	0	0	0	323	0	0	0	0	0	12524	.	0|0|0|0,0|0|0|0,0|0|0|0,0|0|323|12524,0|.0|.,.|.
5HT2cR-ligated-N	128	129	A	323	323	0	323	0	0	0	0	0	12576	0	0	0	.	0	0	0	0	0	0	0	0	0	0	.	323	0	0	0	0	0	12576	0	0	0	.	0|0|323|12576,0|0|0|0,0|0|0|0,0|0|0|0,0|.0|.,.|.
5HT2cR-ligated-N	129	130	A	323	323	0	323	0	0	0	0	0	12573	0	0	0	.	0	0	0	0	0	0	0	0	0	0	.	323	0	0	0	0	0	12573	0	0	0	.	0|0|323|12573,0|0|0|0,0|0|0|0,0|0|0|0,0|.0|.,.|.
5HT2cR-ligated-N	130	131	G	323	323	0	0	0	323	0	0	0	0	0	12555	0	.	0	0	0	0	0	0	0	0	0	0	.	0	0	323	0	0	0	0	0	12555	0	.	0|0|0|0,0|0|0|0,0|0|323|12555,0|0|0|0,0|.0|.,.|.
5HT2cR-ligated-N	131	132	A	323	323	0	323	0	0	0	0	0	12562	0	0	0	.	0	0	0	0	0	0	0	0	0	0	.	323	0	0	0	0	0	12562	0	0	0	.	0|0|323|12562,0|0|0|0,0|0|0|0,0|0|0|0,0|.0|.,.|.
5HT2cR-ligated-N	132	133	A	323	323	0	323	0	0	0	0	0	12525	0	0	0	.	0	0	0	0	0	0	0	0	0	0	.	323	0	0	0	0	0	12525	0	0	0	.	0|0|323|12525,0|0|0|0,0|0|0|0,0|0|0|0,0|.0|.,.|.
5HT2cR-ligated-N	133	134	T	420	420	0	0	0	0	420	0	0	0	0	0	16018	.	0	0	0	97	0	0	0	0	0	3508	.	0	0	0	323	0	0	0	0	0	12510	.	0|0|0|0,0|0|0|0,0|0|0|0,97|3508|323|12510,0|.0|.,.|.
5HT2cR-ligated-N	134	135	T	420	420	0	0	0	0	420	0	0	0	0	0	16210	.	0	0	0	97	0	0	0	0	0	3670	.	0	0	0	323	0	0	0	0	0	12540	.	0|0|0|0,0|0|0|0,0|0|0|0,97|3670|323|12540,0|.0|.,.|.
5HT2cR-ligated-N	135	136	G	420	420	0	0	0	420	0	0	0	0	0	15965	0	.	0	0	97	0	0	0	0	0	3613	0	.	0	0	323	0	0	0	0	0	12352	0	.	0|0|0|0,0|0|0|0,97|3613|323|12352,0|0|0|0,0|.0|.,.|.
5HT2cR-ligated-N	136	137	C	420	420	0	0	420	0	0	0	0	0	16016	0	0	.	0	97	0	0	0	0	0	3658	0	0	.	0	323	0	0	0	0	0	12358	0	0	.	0|0|0|0,97|3658|323|12358,0|0|0|0,0|0|0|0,0|.0|.,.|.
5HT2cR-ligated-N	137	138	A	420	420	0	420	0	0	0	0	0	15937	0	0	0	.	97	0	0	0	0	0	3675	0	0	0	.	323	0	0	0	0	0	12262	0	0	0	.	97|3675|323|12262,0|0|0|0,0|0|0|0,0|0|0|0,0|.0|.,.|.
5HT2cR-ligated-N	138	139	G	420	420	0	0	0	420	0	0	0	0	0	15839	0	.	0	0	97	0	0	0	0	0	3648	0	.	0	0	323	0	0	0	0	0	12191	0	.	0|0|0|0,0|0|0|0,97|3648|323|12191,0|0|0|0,0|.0|.,.|.
5HT2cR-ligated-N	139	140	C	420	420	0	0	420	0	0	0	0	0	15906	0	0	.	0	97	0	0	0	0	0	3671	0	0	.	0	323	0	0	0	0	0	12235	0	0	.	0|0|0|0,97|3671|323|12235,0|0|0|0,0|0|0|0,0|.0|.,.|.
5HT2cR-ligated-N	140	141	G	420	419	1	1	0	419	0	0	0	38	0	16105	0	.	1	0	96	0	0	0	38	0	3596	0	.	0	0	323	0	0	0	0	0	12509	0	.	1|38|0|0,0|0|0|0,96|3596|323|12509,0|0|0|0,0|.0|.,.|.
5HT2cR-ligated-N	141	142	G	420	420	0	0	0	420	0	0	0	0	0	16101	0	.	0	0	97	0	0	0	0	0	3634	0	.	0	0	323	0	0	0	0	0	12467	0	.	0|0|0|0,0|0|0|0,97|3634|323|12467,0|0|0|0,0|.0|.,.|.
5HT2cR-ligated-N	142	143	C	420	420	0	0	420	0	0	0	0	0	16055	0	0	.	0	97	0	0	0	0	0	3621	0	0	.	0	323	0	0	0	0	0	12434	0	0	.	0|0|0|0,97|3621|323|12434,0|0|0|0,0|0|0|0,0|.0|.,.|.
5HT2cR-ligated-N	143	144	T	420	420	0	0	0	0	420	0	0	0	0	0	16160	.	0	0	0	97	0	0	0	0	0	3634	.	0	0	0	323	0	0	0	0	0	12526	.	0|0|0|0,0|0|0|0,0|0|0|0,97|3634|323|12526,0|.0|.,.|.
5HT2cR-ligated-N	144	145	A	420	420	0	420	0	0	0	0	0	16138	0	0	0	.	97	0	0	0	0	0	3611	0	0	0	.	323	0	0	0	0	0	12527	0	0	0	.	97|3611|323|12527,0|0|0|0,0|0|0|0,0|0|0|0,0|.0|.,.|.
5HT2cR-ligated-N	145	146	T	420	420	0	0	0	0	420	0	0	0	0	0	16237	.	0	0	0	97	0	0	0	0	0	3755	.	0	0	0	323	0	0	0	0	0	12482	.	0|0|0|0,0|0|0|0,0|0|0|0,97|3755|323|12482,0|.0|.,.|.
5HT2cR-ligated-N	146	147	G	420	339	81	0	0	339	81	0	0	0	0	13057	3143	.	0	0	97	0	0	0	0	0	3743	0	.	0	0	242	81	0	0	0	0	9314	3143	.	0|0|0|0,0|0|0|0,97|3743|242|9314,0|0|81|3143,0|.0|.,.|.
5HT2cR-ligated-N	147	148	C	420	331	89	0	331	0	0	89	0	0	12758	0	0	.	0	97	0	0	0	0	0	3710	0	0	.	0	234	0	0	89	0	0	9048	0	0	.	0|0|0|0,97|3710|234|9048,0|0|0|0,0|0|0|0,0|.89|.,.|.
5HT2cR-ligated-N	148	149	T	420	330	90	1	0	0	330	89	0	38	0	0	12763	.	1	0	0	96	0	0	38	0	0	3714	.	0	0	0	234	89	0	0	0	0	9049	.	1|38|0|0,0|0|0|0,0|0|0|0,96|3714|234|9049,0|.89|.,.|.
5HT2cR-ligated-N	149	150	C	420	420	0	0	420	0	0	0	0	0	16237	0	0	.	0	97	0	0	0	0	0	3752	0	0	.	0	323	0	0	0	0	0	12485	0	0	.	0|0|0|0,97|3752|323|12485,0|0|0|0,0|0|0|0,0|.0|.,.|.
5HT2cR-ligated-N	150	151	A	420	420	0	420	0	0	0	0	0	16265	0	0	0	.	97	0	0	0	0	0	3752	0	0	0	.	323	0	0	0	0	0	12513	0	0	0	.	97|3752|323|12513,0|0|0|0,0|0|0|0,0|0|0|0,0|.0|.,.|.
5HT2cR-ligated-N	151	152	A	420	420	0	420	0	0	0	0	0	16190	0	0	0	.	97	0	0	0	0	0	3739	0	0	0	.	323	0	0	0	0	0	12451	0	0	0	.	97|3739|323|12451,0|0|0|0,0|0|0|0,0|0|0|0,0|.0|.,.|.
5HT2cR-ligated-N	152	153	T	420	331	89	0	0	0	331	89	0	0	0	0	12749	.	0	0	0	97	0	0	0	0	0	3755	.	0	0	0	234	89	0	0	0	0	8994	.	0|0|0|0,0|0|0|0,0|0|0|0,97|3755|234|8994,0|.89|.,.|.
5HT2cR-ligated-N	153	154	A	420	419	1	419	0	0	1	0	0	16000	0	0	14	.	97	0	0	0	0	0	3750	0	0	0	.	322	0	0	1	0	0	12250	0	0	14	.	97|3750|322|12250,0|0|0|0,0|0|0|0,0|0|1|14,0|.0|.,.|.
5HT2cR-ligated-N	154	155	C	420	419	1	0	419	0	1	0	0	0	15958	0	14	.	0	97	0	0	0	0	0	3760	0	0	.	0	322	0	1	0	0	0	12198	0	14	.	0|0|0|0,97|3760|322|12198,0|0|0|0,0|0|1|14,0|.0|.,.|.
5HT2cR-ligated-N	155	156	T	420	420	0	0	0	0	420	0	0	0	0	0	15990	.	0	0	0	97	0	0	0	0	0	3760	.	0	0	0	323	0	0	0	0	0	12230	.	0|0|0|0,0|0|0|0,0|0|0|0,97|3760|323|12230,0|.0|.,.|.
5HT2cR-ligated-N	156	157	T	420	420	0	0	0	0	420	0	0	0	0	0	15976	.	0	0	0	97	0	0	0	0	0	3754	.	0	0	0	323	0	0	0	0	0	12222	.	0|0|0|0,0|0|0|0,0|0|0|0,97|3754|323|12222,0|.0|.,.|.
5HT2cR-ligated-N	157	158	T	420	420	0	0	0	0	420	0	0	0	0	0	15985	.	0	0	0	97	0	0	0	0	0	3759	.	0	0	0	323	0	0	0	0	0	12226	.	0|0|0|0,0|0|0|0,0|0|0|0,97|3759|323|12226,0|.0|.,.|.
5HT2cR-ligated-N	158	159	C	419	419	0	0	419	0	0	0	0	0	15947	0	0	.	0	97	0	0	0	0	0	3740	0	0	.	0	322	0	0	0	0	0	12207	0	0	.	0|0|0|0,97|3740|322|12207,0|0|0|0,0|0|0|0,0|.0|.,.|.
5HT2cR-ligated-N	159	160	G	419	419	0	0	0	419	0	0	0	0	0	16166	0	.	0	0	97	0	0	0	0	0	3679	0	.	0	0	322	0	0	0	0	0	12487	0	.	0|0|0|0,0|0|0|0,97|3679|322|12487,0|0|0|0,0|.0|.,.|.
5HT2cR-ligated-N	160	161	G	419	419	0	0	0	419	0	0	0	0	0	16161	0	.	0	0	97	0	0	0	0	0	3671	0	.	0	0	322	0	0	0	0	0	12490	0	.	0|0|0|0,0|0|0|0,97|3671|322|12490,0|0|0|0,0|.0|.,.|.
5HT2cR-ligated-N	161	162	A	419	419	0	419	0	0	0	0	0	16165	0	0	0	.	97	0	0	0	0	0	3662	0	0	0	.	322	0	0	0	0	0	12503	0	0	0	.	97|3662|322|12503,0|0|0|0,0|0|0|0,0|0|0|0,0|.0|.,.|.
5HT2cR-ligated-N	162	163	T	419	419	0	0	0	0	419	0	0	0	0	0	16144	.	0	0	0	97	0	0	0	0	0	3664	.	0	0	0	322	0	0	0	0	0	12480	.	0|0|0|0,0|0|0|0,0|0|0|0,97|3664|322|12480,0|.0|.,.|.
5HT2cR-ligated-N	163	164	T	419	419	0	0	0	0	419	0	0	0	0	0	16123	.	0	0	0	97	0	0	0	0	0	3658	.	0	0	0	322	0	0	0	0	0	12465	.	0|0|0|0,0|0|0|0,0|0|0|0,97|3658|322|12465,0|.0|.,.|.
5HT2cR-ligated-N	164	165	A	519	422	97	422	0	0	97	0	0	16381	0	0	3759	.	0	0	0	97	0	0	0	0	0	3759	.	422	0	0	0	0	0	16381	0	0	0	.	0|0|422|16381,0|0|0|0,0|0|0|0,97|3759|0|0,0|.0|.,.|.
5HT2cR-ligated-N	165	166	T	519	519	0	0	0	0	519	0	0	0	0	0	20049	.	0	0	0	97	0	0	0	0	0	3775	.	0	0	0	422	0	0	0	0	0	16274	.	0|0|0|0,0|0|0|0,0|0|0|0,97|3775|422|16274,0|.0|.,.|.
5HT2cR-ligated-N	166	167	G	519	519	0	0	0	519	0	0	0	0	0	20013	0	.	0	0	97	0	0	0	0	0	3770	0	.	0	0	422	0	0	0	0	0	16243	0	.	0|0|0|0,0|0|0|0,97|3770|422|16243,0|0|0|0,0|.0|.,.|.
5HT2cR-ligated-N	167	168	T	520	520	0	0	0	0	520	0	0	0	0	0	20058	.	0	0	0	97	0	0	0	0	0	3777	.	0	0	0	423	0	0	0	0	0	16281	.	0|0|0|0,0|0|0|0,0|0|0|0,97|3777|423|16281,0|.0|.,.|.
5HT2cR-ligated-N	168	169	A	520	423	97	423	0	0	0	97	0	16235	0	0	0	.	0	0	0	0	97	0	0	0	0	0	.	423	0	0	0	0	0	16235	0	0	0	.	0|0|423|16235,0|0|0|0,0|0|0|0,0|0|0|0,97|.0|.,.|.
5HT2cR-ligated-N	169	170	C	520	423	97	0	423	97	0	0	0	0	16290	3774	0	.	0	0	97	0	0	0	0	0	3774	0	.	0	423	0	0	0	0	0	16290	0	0	.	0|0|0|0,0|0|423|16290,97|3774|0|0,0|0|0|0,0|.0|.,.|.
5HT2cR-ligated-N	170	171	T	520	411	109	0	0	109	411	0	0	0	0	4221	15931	.	0	0	0	97	0	0	0	0	0	3768	.	0	0	109	314	0	0	0	0	4221	12163	.	0|0|0|0,0|0|0|0,0|0|109|4221,97|3768|314|12163,0|.0|.,.|.
5HT2cR-ligated-N	171	172	G	520	520	0	0	0	520	0	0	0	0	0	20150	0	.	0	0	97	0	0	0	0	0	3753	0	.	0	0	423	0	0	0	0	0	16397	0	.	0|0|0|0,0|0|0|0,97|3753|423|16397,0|0|0|0,0|.0|.,.|.
5HT2cR-ligated-N	172	173	T	520	520	0	0	0	0	520	0	0	0	0	0	20093	.	0	0	0	97	0	0	0	0	0	3724	.	0	0	0	423	0	0	0	0	0	16369	.	0|0|0|0,0|0|0|0,0|0|0|0,97|3724|423|16369,0|.0|.,.|.
5HT2cR-ligated-N	173	174	G	520	520	0	0	0	520	0	0	0	0	0	20098	0	.	0	0	97	0	0	0	0	0	3715	0	.	0	0	423	0	0	0	0	0	16383	0	.	0|0|0|0,0|0|0|0,97|3715|423|16383,0|0|0|0,0|.0|.,.|.
5HT2cR-ligated-N	174	175	A	520	520	0	520	0	0	0	0	0	20107	0	0	0	.	97	0	0	0	0	0	3731	0	0	0	.	423	0	0	0	0	0	16376	0	0	0	.	97|3731|423|16376,0|0|0|0,0|0|0|0,0|0|0|0,0|.0|.,.|.
5HT2cR-ligated-N	175	176	A	520	520	0	520	0	0	0	0	0	19720	0	0	0	.	97	0	0	0	0	0	3770	0	0	0	.	423	0	0	0	0	0	15950	0	0	0	.	97|3770|423|15950,0|0|0|0,0|0|0|0,0|0|0|0,0|.0|.,.|.
5HT2cR-ligated-N	176	177	C	520	520	0	0	520	0	0	0	0	0	20147	0	0	.	0	97	0	0	0	0	0	3774	0	0	.	0	423	0	0	0	0	0	16373	0	0	.	0|0|0|0,97|3774|423|16373,0|0|0|0,0|0|0|0,0|.0|.,.|.
5HT2cR-ligated-N	177	178	A	520	520	0	520	0	0	0	0	0	20104	0	0	0	.	97	0	0	0	0	0	3743	0	0	0	.	423	0	0	0	0	0	16361	0	0	0	.	97|3743|423|16361,0|0|0|0,0|0|0|0,0|0|0|0,0|.0|.,.|.
5HT2cR-ligated-N	178	179	A	520	520	0	520	0	0	0	0	0	19907	0	0	0	.	97	0	0	0	0	0	3751	0	0	0	.	423	0	0	0	0	0	16156	0	0	0	.	97|3751|423|16156,0|0|0|0,0|0|0|0,0|0|0|0,0|.0|.,.|.
5HT2cR-ligated-N	179	180	C	520	520	0	0	520	0	0	0	0	0	20069	0	0	.	0	97	0	0	0	0	0	3778	0	0	.	0	423	0	0	0	0	0	16291	0	0	.	0|0|0|0,97|3778|423|16291,0|0|0|0,0|0|0|0,0|.0|.,.|.
5HT2cR-ligated-N	180	181	G	520	520	0	0	0	520	0	0	0	0	0	20097	0	.	0	0	97	0	0	0	0	0	3722	0	.	0	0	423	0	0	0	0	0	16375	0	.	0|0|0|0,0|0|0|0,97|3722|423|16375,0|0|0|0,0|.0|.,.|.
5HT2cR-ligated-N	181	182	T	520	410	110	109	1	0	410	0	0	4231	38	0	15756	.	0	1	0	96	0	0	0	38	0	3616	.	109	0	0	314	0	0	4231	0	0	12140	.	0|0|109|4231,1|38|0|0,0|0|0|0,96|3616|314|12140,0|.0|.,.|.
5HT2cR-ligated-N	182	183	A	520	520	0	520	0	0	0	0	0	20087	0	0	0	.	97	0	0	0	0	0	3725	0	0	0	.	423	0	0	0	0	0	16362	0	0	0	.	97|3725|423|16362,0|0|0|0,0|0|0|0,0|0|0|0,0|.0|.,.|.
5HT2cR-ligated-N	183	184	C	520	520	0	0	520	0	0	0	0	0	19802	0	0	.	0	97	0	0	0	0	0	3762	0	0	.	0	423	0	0	0	0	0	16040	0	0	.	0|0|0|0,97|3762|423|16040,0|0|0|0,0|0|0|0,0|.0|.,.|.
5HT2cR-ligated-N	184	185	A	520	520	0	520	0	0	0	0	0	20092	0	0	0	.	97	0	0	0	0	0	3697	0	0	0	.	423	0	0	0	0	0	16395	0	0	0	.	97|3697|423|16395,0|0|0|0,0|0|0|0,0|0|0|0,0|.0|.,.|.
5HT2cR-ligated-N	185	186	G	520	520	0	0	0	520	0	0	0	0	0	19724	0	.	0	0	97	0	0	0	0	0	3755	0	.	0	0	423	0	0	0	0	0	15969	0	.	0|0|0|0,0|0|0|0,97|3755|423|15969,0|0|0|0,0|.0|.,.|.
5HT2cR-ligated-N	186	187	A	520	520	0	520	0	0	0	0	0	19726	0	0	0	.	97	0	0	0	0	0	3752	0	0	0	.	423	0	0	0	0	0	15974	0	0	0	.	97|3752|423|15974,0|0|0|0,0|0|0|0,0|0|0|0,0|.0|.,.|.
5HT2cR-ligated-N	187	188	C	520	520	0	0	520	0	0	0	0	0	19765	0	0	.	0	97	0	0	0	0	0	3754	0	0	.	0	423	0	0	0	0	0	16011	0	0	.	0|0|0|0,97|3754|423|16011,0|0|0|0,0|0|0|0,0|.0|.,.|.
5HT2cR-ligated-N	188	189	G	520	520	0	0	0	520	0	0	0	0	0	19682	0	.	0	0	97	0	0	0	0	0	3678	0	.	0	0	423	0	0	0	0	0	16004	0	.	0|0|0|0,0|0|0|0,97|3678|423|16004,0|0|0|0,0|.0|.,.|.
5HT2cR-ligated-N	189	190	T	520	439	81	81	0	0	439	0	0	3062	0	0	16599	.	0	0	0	97	0	0	0	0	0	3673	.	81	0	0	342	0	0	3062	0	0	12926	.	0|0|81|3062,0|0|0|0,0|0|0|0,97|3673|342|12926,0|.0|.,.|.
5HT2cR-ligated-N	190	191	C	520	520	0	0	520	0	0	0	0	0	19658	0	0	.	0	97	0	0	0	0	0	3683	0	0	.	0	423	0	0	0	0	0	15975	0	0	.	0|0|0|0,97|3683|423|15975,0|0|0|0,0|0|0|0,0|.0|.,.|.
5HT2cR-ligated-N	191	192	G	520	520	0	0	0	520	0	0	0	0	0	19971	0	.	0	0	97	0	0	0	0	0	3768	0	.	0	0	423	0	0	0	0	0	16203	0	.	0|0|0|0,0|0|0|0,97|3768|423|16203,0|0|0|0,0|.0|.,.|.
5HT2cR-ligated-N	192	193	A	520	520	0	520	0	0	0	0	0	19915	0	0	0	.	97	0	0	0	0	0	3762	0	0	0	.	423	0	0	0	0	0	16153	0	0	0	.	97|3762|423|16153,0|0|0|0,0|0|0|0,0|0|0|0,0|.0|.,.|.
5HT2cR-ligated-N	193	194	C	520	520	0	0	520	0	0	0	159	0	19980	0	0	.G,G,G,G,G,G,G,G,G,G,G,G,G,G,G,G,G,G,G,G,G,G,G,G,G,G,G,G,G,G,G,G,G,G,G,G,G,G,G,G,G,G,G,G,G,G,G,G,G,G,G,G,G,G,G,G,G,G,G,G,G,G,G,G,G,G,G,G,G,G,G,G,G,G,G,G,G,G,G,G,G,G,G,G,G,G,G,G,G,G,G,G,G,G,G,G,G,G,G,G,G,G,G,G,G,G,G,G,G,G,G,G,G,G,G,G,G,G,G,G,G,G,G,G,G,G,G,G,G,G,G,G,G,G,G,G,G,G,G,G,G,G,G,G,G,G,G,G,G,G,G,G,G,G,G,G,G,G,G	0	97	0	0	0	0	0	3762	0	0	.	0	423	0	0	0	159	0	16218	0	0	G,G,G,G,G,G,G,G,G,G,G,G,G,G,G,G,G,G,G,G,G,G,G,G,G,G,G,G,G,G,G,G,G,G,G,G,G,G,G,G,G,G,G,G,G,G,G,G,G,G,G,G,G,G,G,G,G,G,G,G,G,G,G,G,G,G,G,G,G,G,G,G,G,G,G,G,G,G,G,G,G,G,G,G,G,G,G,G,G,G,G,G,G,G,G,G,G,G,G,G,G,G,G,G,G,G,G,G,G,G,G,G,G,G,G,G,G,G,G,G,G,G,G,G,G,G,G,G,G,G,G,G,G,G,G,G,G,G,G,G,G,G,G,G,G,G,G,G,G,G,G,G,G,G,G,G,G,G,G	0|0|0|0,97|3762|423|16218,0|0|0|0,0|0|0|0,0|.0|.,.|G,G,G,G,G,G,G,G,G,G,G,G,G,G,G,G,G,G,G,G,G,G,G,G,G,G,G,G,G,G,G,G,G,G,G,G,G,G,G,G,G,G,G,G,G,G,G,G,G,G,G,G,G,G,G,G,G,G,G,G,G,G,G,G,G,G,G,G,G,G,G,G,G,G,G,G,G,G,G,G,G,G,G,G,G,G,G,G,G,G,G,G,G,G,G,G,G,G,G,G,G,G,G,G,G,G,G,G,G,G,G,G,G,G,G,G,G,G,G,G,G,G,G,G,G,G,G,G,G,G,G,G,G,G,G,G,G,G,G,G,G,G,G,G,G,G,G,G,G,G,G,G,G,G,G,G,G,G,G
5HT2cR-ligated-N	194	195	T	520	360	160	0	0	160	360	0	1	0	0	6195	13912	.G	0	0	0	97	0	0	0	0	0	3765	.	0	0	160	263	0	1	0	0	6195	10147	G	0|0|0|0,0|0|0|0,0|0|160|6195,97|3765|263|10147,0|.0|.,.|G
5HT2cR-ligated-N	195	196	G	520	520	0	0	0	520	0	0	0	0	0	20130	0	.	0	0	97	0	0	0	0	0	3773	0	.	0	0	423	0	0	0	0	0	16357	0	.	0|0|0|0,0|0|0|0,97|3773|423|16357,0|0|0|0,0|.0|.,.|.
5HT2cR-ligated-N	196	197	G	520	520	0	0	0	520	0	0	0	0	0	20093	0	.	0	0	97	0	0	0	0	0	3768	0	.	0	0	423	0	0	0	0	0	16325	0	.	0|0|0|0,0|0|0|0,97|3768|423|16325,0|0|0|0,0|.0|.,.|.
5HT2cR-ligated-N	197	198	T	520	360	160	159	0	1	360	0	0	6178	0	39	13902	.	0	0	0	97	0	0	0	0	0	3743	.	159	0	1	263	0	0	6178	0	39	10159	.	0|0|159|6178,0|0|0|0,0|0|1|39,97|3743|263|10159,0|.0|.,.|.
5HT2cR-ligated-N	198	199	A	520	520	0	520	0	0	0	0	0	20107	0	0	0	.	97	0	0	0	0	0	3775	0	0	0	.	423	0	0	0	0	0	16332	0	0	0	.	97|3775|423|16332,0|0|0|0,0|0|0|0,0|0|0|0,0|.0|.,.|.
5HT2cR-ligated-N	199	200	A	520	520	0	520	0	0	0	0	0	20001	0	0	0	.	97	0	0	0	0	0	3774	0	0	0	.	423	0	0	0	0	0	16227	0	0	0	.	97|3774|423|16227,0|0|0|0,0|0|0|0,0|0|0|0,0|.0|.,.|.
5HT2cR-ligated-N	200	201	C	520	520	0	0	520	0	0	0	0	0	20123	0	0	.	0	97	0	0	0	0	0	3778	0	0	.	0	423	0	0	0	0	0	16345	0	0	.	0|0|0|0,97|3778|423|16345,0|0|0|0,0|0|0|0,0|.0|.,.|.
5HT2cR-ligated-N	201	202	A	520	520	0	520	0	0	0	0	0	20152	0	0	0	.	97	0	0	0	0	0	3778	0	0	0	.	423	0	0	0	0	0	16374	0	0	0	.	97|3778|423|16374,0|0|0|0,0|0|0|0,0|0|0|0,0|.0|.,.|.
5HT2cR-ligated-N	202	203	T	520	520	0	0	0	0	520	0	0	0	0	0	19723	.	0	0	0	97	0	0	0	0	0	3779	.	0	0	0	423	0	0	0	0	0	15944	.	0|0|0|0,0|0|0|0,0|0|0|0,97|3779|423|15944,0|.0|.,.|.
5HT2cR-ligated-N	203	204	T	520	520	0	0	0	0	520	0	0	0	0	0	19758	.	0	0	0	97	0	0	0	0	0	3774	.	0	0	0	423	0	0	0	0	0	15984	.	0|0|0|0,0|0|0|0,0|0|0|0,97|3774|423|15984,0|.0|.,.|.
5HT2cR-ligated-N	204	205	T	520	520	0	0	0	0	520	0	0	0	0	0	19707	.	0	0	0	97	0	0	0	0	0	3745	.	0	0	0	423	0	0	0	0	0	15962	.	0|0|0|0,0|0|0|0,0|0|0|0,97|3745|423|15962,0|.0|.,.|.
5HT2cR-ligated-N	205	206	G	520	520	0	0	0	520	0	0	0	0	0	19714	0	.	0	0	97	0	0	0	0	0	3740	0	.	0	0	423	0	0	0	0	0	15974	0	.	0|0|0|0,0|0|0|0,97|3740|423|15974,0|0|0|0,0|.0|.,.|.
5HT2cR-ligated-N	206	207	C	520	520	0	0	520	0	0	0	0	0	19736	0	0	.	0	97	0	0	0	0	0	3738	0	0	.	0	423	0	0	0	0	0	15998	0	0	.	0|0|0|0,97|3738|423|15998,0|0|0|0,0|0|0|0,0|.0|.,.|.
5HT2cR-ligated-N	207	208	G	520	520	0	0	0	520	0	0	0	0	0	19960	0	.	0	0	97	0	0	0	0	0	3670	0	.	0	0	423	0	0	0	0	0	16290	0	.	0|0|0|0,0|0|0|0,97|3670|423|16290,0|0|0|0,0|.0|.,.|.
5HT2cR-ligated-N	208	209	T	520	449	71	0	0	0	449	71	0	0	0	0	17201	.	0	0	0	97	0	0	0	0	0	3669	.	0	0	0	352	71	0	0	0	0	13532	.	0|0|0|0,0|0|0|0,0|0|0|0,97|3669|352|13532,0|.71|.,.|.
5HT2cR-ligated-N	209	210	T	520	520	0	0	0	0	520	0	0	0	0	0	19934	.	0	0	0	97	0	0	0	0	0	3672	.	0	0	0	423	0	0	0	0	0	16262	.	0|0|0|0,0|0|0|0,0|0|0|0,97|3672|423|16262,0|.0|.,.|.
5HT2cR-ligated-N	210	211	T	520	431	89	89	0	0	431	0	0	3452	0	0	16379	.	0	0	0	97	0	0	0	0	0	3758	.	89	0	0	334	0	0	3452	0	0	12621	.	0|0|89|3452,0|0|0|0,0|0|0|0,97|3758|334|12621,0|.0|.,.|.
5HT2cR-ligated-N	211	212	G	520	520	0	0	0	520	0	0	0	0	0	19713	0	.	0	0	97	0	0	0	0	0	3745	0	.	0	0	423	0	0	0	0	0	15968	0	.	0|0|0|0,0|0|0|0,97|3745|423|15968,0|0|0|0,0|.0|.,.|.
5HT2cR-ligated-N	212	213	A	520	520	0	520	0	0	0	0	0	19716	0	0	0	.	97	0	0	0	0	0	3781	0	0	0	.	423	0	0	0	0	0	15935	0	0	0	.	97|3781|423|15935,0|0|0|0,0|0|0|0,0|0|0|0,0|.0|.,.|.
5HT2cR-ligated-N	213	214	T	520	439	81	0	0	81	439	0	0	0	0	2853	16582	.	0	0	0	97	0	0	0	0	0	3776	.	0	0	81	342	0	0	0	0	2853	12806	.	0|0|0|0,0|0|0|0,0|0|81|2853,97|3776|342|12806,0|.0|.,.|.
5HT2cR-ligated-N	214	215	C	520	520	0	0	520	0	0	0	0	0	19562	0	0	.	0	97	0	0	0	0	0	3751	0	0	.	0	423	0	0	0	0	0	15811	0	0	.	0|0|0|0,97|3751|423|15811,0|0|0|0,0|0|0|0,0|.0|.,.|.
5HT2cR-ligated-N	215	216	G	423	423	0	0	0	423	0	0	0	0	0	15843	0	.	0	0	0	0	0	0	0	0	0	0	.	0	0	423	0	0	0	0	0	15843	0	.	0|0|0|0,0|0|0|0,0|0|423|15843,0|0|0|0,0|.0|.,.|.
5HT2cR-ligated-N	216	217	G	423	423	0	0	0	423	0	0	0	0	0	15907	0	.	0	0	0	0	0	0	0	0	0	0	.	0	0	423	0	0	0	0	0	15907	0	.	0|0|0|0,0|0|0|0,0|0|423|15907,0|0|0|0,0|.0|.,.|.
5HT2cR-ligated-N	217	218	G	423	423	0	0	0	423	0	0	0	0	0	15944	0	.	0	0	0	0	0	0	0	0	0	0	.	0	0	423	0	0	0	0	0	15944	0	.	0|0|0|0,0|0|0|0,0|0|423|15944,0|0|0|0,0|.0|.,.|.
