chrom	start	end	ref	depth	r_depth	a_depth	num_A	num_C	num_G	num_T	num_D	num_I	totQ_A	totQ_C	totQ_G	totQ_T	all_ins	num_F_A	num_F_C	num_F_G	num_F_T	num_F_D	num_F_I	totQ_F_A	totQ_F_C	totQ_F_G	totQ_F_T	all_F_ins	num_R_A	num_R_C	num_R_G	num_R_T	num_R_D	num_R_I	totQ_R_A	totQ_R_C	totQ_R_G	totQ_R_T	all_R_ins	sample_1
5HT2cR-ligated-N	0	1	G	347	347	0	0	0	347	0	0	0	0	0	12960	0	.	0	0	0	0	0	0	0	0	0	0	.	0	0	347	0	0	0	0	0	12960	0	.	0|0|0|0,0|0|0|0,0|0|347|12960,0|0|0|0,0|.0|.,.|.
5HT2cR-ligated-N	1	2	G	347	347	0	0	0	347	0	0	0	0	0	13202	0	.	0	0	0	0	0	0	0	0	0	0	.	0	0	347	0	0	0	0	0	13202	0	.	0|0|0|0,0|0|0|0,0|0|347|13202,0|0|0|0,0|.0|.,.|.
5HT2cR-ligated-N	2	3	C	347	347	0	0	347	0	0	0	0	0	13168	0	0	.	0	0	0	0	0	0	0	0	0	0	.	0	347	0	0	0	0	0	13168	0	0	.	0|0|0|0,0|0|347|13168,0|0|0|0,0|0|0|0,0|.0|.,.|.
5HT2cR-ligated-N	3	4	T	347	347	0	0	0	0	347	0	0	0	0	0	13273	.	0	0	0	0	0	0	0	0	0	0	.	0	0	0	347	0	0	0	0	0	13273	.	0|0|0|0,0|0|0|0,0|0|0|0,0|0|347|13273,0|.0|.,.|.
5HT2cR-ligated-N	4	5	G	647	647	0	0	0	647	0	0	0	0	0	24387	0	.	0	0	0	0	0	0	0	0	0	0	.	0	0	647	0	0	0	0	0	24387	0	.	0|0|0|0,0|0|0|0,0|0|647|24387,0|0|0|0,0|.0|.,.|.
5HT2cR-ligated-N	5	6	G	647	647	0	0	0	647	0	0	0	0	0	24387	0	.	0	0	0	0	0	0	0	0	0	0	.	0	0	647	0	0	0	0	0	24387	0	.	0|0|0|0,0|0|0|0,0|0|647|24387,0|0|0|0,0|.0|.,.|.
5HT2cR-ligated-N	6	7	A	647	647	0	647	0	0	0	0	0	24447	0	0	0	.	0	0	0	0	0	0	0	0	0	0	.	647	0	0	0	0	0	24447	0	0	0	.	0|0|647|24447,0|0|0|0,0|0|0|0,0|0|0|0,0|.0|.,.|.
5HT2cR-ligated-N	7	8	T	647	647	0	0	0	0	647	0	0	0	0	0	24499	.	0	0	0	0	0	0	0	0	0	0	.	0	0	0	647	0	0	0	0	0	24499	.	0|0|0|0,0|0|0|0,0|0|0|0,0|0|647|24499,0|.0|.,.|.
5HT2cR-ligated-N	8	9	C	647	647	0	0	647	0	0	0	0	0	24594	0	0	.	0	0	0	0	0	0	0	0	0	0	.	0	647	0	0	0	0	0	24594	0	0	.	0|0|0|0,0|0|647|24594,0|0|0|0,0|0|0|0,0|.0|.,.|.
5HT2cR-ligated-N	9	10	G	647	647	0	0	0	647	0	0	0	0	0	25010	0	.	0	0	0	0	0	0	0	0	0	0	.	0	0	647	0	0	0	0	0	25010	0	.	0|0|0|0,0|0|0|0,0|0|647|25010,0|0|0|0,0|.0|.,.|.
5HT2cR-ligated-N	10	11	G	647	647	0	0	0	647	0	0	0	0	0	25009	0	.	0	0	0	0	0	0	0	0	0	0	.	0	0	647	0	0	0	0	0	25009	0	.	0|0|0|0,0|0|0|0,0|0|647|25009,0|0|0|0,0|.0|.,.|.
5HT2cR-ligated-N	11	12	T	647	647	0	0	0	0	647	0	0	0	0	0	24996	.	0	0	0	0	0	0	0	0	0	0	.	0	0	0	647	0	0	0	0	0	24996	.	0|0|0|0,0|0|0|0,0|0|0|0,0|0|647|24996,0|.0|.,.|.
5HT2cR-ligated-N	12	13	A	647	646	1	646	0	0	1	0	0	25049	0	0	6	.	0	0	0	0	0	0	0	0	0	0	.	646	0	0	1	0	0	25049	0	0	6	.	0|0|646|25049,0|0|0|0,0|0|0|0,0|0|1|6,0|.0|.,.|.
5HT2cR-ligated-N	13	14	T	647	647	0	0	0	0	647	0	0	0	0	0	25027	.	0	0	0	0	0	0	0	0	0	0	.	0	0	0	647	0	0	0	0	0	25027	.	0|0|0|0,0|0|0|0,0|0|0|0,0|0|647|25027,0|.0|.,.|.
5HT2cR-ligated-N	14	15	G	647	647	0	0	0	647	0	0	0	0	0	25129	0	.	0	0	0	0	0	0	0	0	0	0	.	0	0	647	0	0	0	0	0	25129	0	.	0|0|0|0,0|0|0|0,0|0|647|25129,0|0|0|0,0|.0|.,.|.
5HT2cR-ligated-N	15	16	T	647	647	0	0	0	0	647	0	0	0	0	0	25046	.	0	0	0	0	0	0	0	0	0	0	.	0	0	0	647	0	0	0	0	0	25046	.	0|0|0|0,0|0|0|0,0|0|0|0,0|0|647|25046,0|.0|.,.|.
5HT2cR-ligated-N	16	17	A	647	647	0	647	0	0	0	0	0	25122	0	0	0	.	0	0	0	0	0	0	0	0	0	0	.	647	0	0	0	0	0	25122	0	0	0	.	0|0|647|25122,0|0|0|0,0|0|0|0,0|0|0|0,0|.0|.,.|.
5HT2cR-ligated-N	17	18	G	647	647	0	0	0	647	0	0	0	0	0	25136	0	.	0	0	0	0	0	0	0	0	0	0	.	0	0	647	0	0	0	0	0	25136	0	.	0|0|0|0,0|0|0|0,0|0|647|25136,0|0|0|0,0|.0|.,.|.
5HT2cR-ligated-N	18	19	C	647	646	1	1	646	0	0	0	0	38	25046	0	0	.	0	0	0	0	0	0	0	0	0	0	.	1	646	0	0	0	0	38	25046	0	0	.	0|0|1|38,0|0|646|25046,0|0|0|0,0|0|0|0,0|.0|.,.|.
5HT2cR-ligated-N	19	20	A	647	646	1	646	0	0	1	0	0	24764	0	0	39	.	0	0	0	0	0	0	0	0	0	0	.	646	0	0	1	0	0	24764	0	0	39	.	0|0|646|24764,0|0|0|0,0|0|0|0,0|0|1|39,0|.0|.,.|.
5HT2cR-ligated-N	20	21	N	647	0	647	1	0	0	646	0	0	39	0	0	25048	.	0	0	0	0	0	0	0	0	0	0	.	1	0	0	646	0	0	39	0	0	25048	.	0|0|1|39,0|0|0|0,0|0|0|0,0|0|646|25048,0|.0|.,.|.
5HT2cR-ligated-N	21	22	T	647	647	0	0	0	0	647	0	0	0	0	0	25084	.	0	0	0	0	0	0	0	0	0	0	.	0	0	0	647	0	0	0	0	0	25084	.	0|0|0|0,0|0|0|0,0|0|0|0,0|0|647|25084,0|.0|.,.|.
5HT2cR-ligated-N	22	23	N	647	0	647	647	0	0	0	0	0	25003	0	0	0	.	0	0	0	0	0	0	0	0	0	0	.	647	0	0	0	0	0	25003	0	0	0	.	0|0|647|25003,0|0|0|0,0|0|0|0,0|0|0|0,0|.0|.,.|.
5HT2cR-ligated-N	23	24	C	647	647	0	0	647	0	0	0	0	0	24834	0	0	.	0	0	0	0	0	0	0	0	0	0	.	0	647	0	0	0	0	0	24834	0	0	.	0|0|0|0,0|0|647|24834,0|0|0|0,0|0|0|0,0|.0|.,.|.
5HT2cR-ligated-N	24	25	G	647	647	0	0	0	647	0	0	0	0	0	25067	0	.	0	0	0	0	0	0	0	0	0	0	.	0	0	647	0	0	0	0	0	25067	0	.	0|0|0|0,0|0|0|0,0|0|647|25067,0|0|0|0,0|.0|.,.|.
5HT2cR-ligated-N	25	26	T	647	647	0	0	0	0	647	0	0	0	0	0	25114	.	0	0	0	0	0	0	0	0	0	0	.	0	0	0	647	0	0	0	0	0	25114	.	0|0|0|0,0|0|0|0,0|0|0|0,0|0|647|25114,0|.0|.,.|.
5HT2cR-ligated-N	26	27	N	647	0	647	646	0	0	1	0	0	25078	0	0	16	.	0	0	0	0	0	0	0	0	0	0	.	646	0	0	1	0	0	25078	0	0	16	.	0|0|646|25078,0|0|0|0,0|0|0|0,0|0|1|16,0|.0|.,.|.
5HT2cR-ligated-N	27	28	N	647	0	647	647	0	0	0	0	0	25154	0	0	0	.	0	0	0	0	0	0	0	0	0	0	.	647	0	0	0	0	0	25154	0	0	0	.	0|0|647|25154,0|0|0|0,0|0|0|0,0|0|0|0,0|.0|.,.|.
5HT2cR-ligated-N	28	29	T	647	647	0	0	0	0	647	0	0	0	0	0	24938	.	0	0	0	0	0	0	0	0	0	0	.	0	0	0	647	0	0	0	0	0	24938	.	0|0|0|0,0|0|0|0,0|0|0|0,0|0|647|24938,0|.0|.,.|.
5HT2cR-ligated-N	29	30	C	647	647	0	0	647	0	0	0	0	0	25020	0	0	.	0	0	0	0	0	0	0	0	0	0	.	0	647	0	0	0	0	0	25020	0	0	.	0|0|0|0,0|0|647|25020,0|0|0|0,0|0|0|0,0|.0|.,.|.
5HT2cR-ligated-N	30	31	C	647	647	0	0	647	0	0	0	0	0	25125	0	0	.	0	0	0	0	0	0	0	0	0	0	.	0	647	0	0	0	0	0	25125	0	0	.	0|0|0|0,0|0|647|25125,0|0|0|0,0|0|0|0,0|.0|.,.|.
5HT2cR-ligated-N	31	32	T	647	646	1	0	0	1	646	0	0	0	0	34	25054	.	0	0	0	0	0	0	0	0	0	0	.	0	0	1	646	0	0	0	0	34	25054	.	0|0|0|0,0|0|0|0,0|0|1|34,0|0|646|25054,0|.0|.,.|.
5HT2cR-ligated-N	32	33	N	647	0	647	647	0	0	0	0	0	25109	0	0	0	.	0	0	0	0	0	0	0	0	0	0	.	647	0	0	0	0	0	25109	0	0	0	.	0|0|647|25109,0|0|0|0,0|0|0|0,0|0|0|0,0|.0|.,.|.
5HT2cR-ligated-N	33	34	T	647	647	0	0	0	0	647	0	0	0	0	0	25110	.	0	0	0	0	0	0	0	0	0	0	.	0	0	0	647	0	0	0	0	0	25110	.	0|0|0|0,0|0|0|0,0|0|0|0,0|0|647|25110,0|.0|.,.|.
5HT2cR-ligated-N	34	35	T	647	647	0	0	0	0	647	0	0	0	0	0	25113	.	0	0	0	0	0	0	0	0	0	0	.	0	0	0	647	0	0	0	0	0	25113	.	0|0|0|0,0|0|0|0,0|0|0|0,0|0|647|25113,0|.0|.,.|.
5HT2cR-ligated-N	35	36	G	1025	1025	0	0	0	1025	0	0	0	0	0	39790	0	.	0	0	0	0	0	0	0	0	0	0	.	0	0	1025	0	0	0	0	0	39790	0	.	0|0|0|0,0|0|0|0,0|0|1025|39790,0|0|0|0,0|.0|.,.|.
5HT2cR-ligated-N	36	37	A	1025	1025	0	1025	0	0	0	0	0	39730	0	0	0	.	0	0	0	0	0	0	0	0	0	0	.	1025	0	0	0	0	0	39730	0	0	0	.	0|0|1025|39730,0|0|0|0,0|0|0|0,0|0|0|0,0|.0|.,.|.
5HT2cR-ligated-N	37	38	G	1025	921	104	0	0	921	0	104	0	0	0	35754	0	.	0	0	0	0	0	0	0	0	0	0	.	0	0	921	0	104	0	0	0	35754	0	.	0|0|0|0,0|0|0|0,0|0|921|35754,0|0|0|0,0|.104|.,.|.
5HT2cR-ligated-N	38	39	C	1025	1025	0	0	1025	0	0	0	0	0	39792	0	0	.	0	0	0	0	0	0	0	0	0	0	.	0	1025	0	0	0	0	0	39792	0	0	.	0|0|0|0,0|0|1025|39792,0|0|0|0,0|0|0|0,0|.0|.,.|.
5HT2cR-ligated-N	39	40	A	1025	1024	1	1024	0	1	0	0	0	39818	0	39	0	.	0	0	0	0	0	0	0	0	0	0	.	1024	0	1	0	0	0	39818	0	39	0	.	0|0|1024|39818,0|0|0|0,0|0|1|39,0|0|0|0,0|.0|.,.|.
5HT2cR-ligated-N	40	41	T	1025	1025	0	0	0	0	1025	0	0	0	0	0	39302	.	0	0	0	0	0	0	0	0	0	0	.	0	0	0	1025	0	0	0	0	0	39302	.	0|0|0|0,0|0|0|0,0|0|0|0,0|0|1025|39302,0|.0|.,.|.
5HT2cR-ligated-N	41	42	A	1025	1025	0	1025	0	0	0	0	0	39165	0	0	0	.	0	0	0	0	0	0	0	0	0	0	.	1025	0	0	0	0	0	39165	0	0	0	.	0|0|1025|39165,0|0|0|0,0|0|0|0,0|0|0|0,0|.0|.,.|.
5HT2cR-ligated-N	42	43	G	1025	1025	0	0	0	1025	0	0	0	0	0	39270	0	.	0	0	0	0	0	0	0	0	0	0	.	0	0	1025	0	0	0	0	0	39270	0	.	0|0|0|0,0|0|0|0,0|0|1025|39270,0|0|0|0,0|.0|.,.|.
5HT2cR-ligated-N	43	44	C	1025	1024	1	0	1024	0	0	1	0	0	39194	0	0	.	0	0	0	0	0	0	0	0	0	0	.	0	1024	0	0	1	0	0	39194	0	0	.	0|0|0|0,0|0|1024|39194,0|0|0|0,0|0|0|0,0|.1|.,.|.
5HT2cR-ligated-N	44	45	C	1025	1025	0	0	1025	0	0	0	0	0	39280	0	0	.	0	0	0	0	0	0	0	0	0	0	.	0	1025	0	0	0	0	0	39280	0	0	.	0|0|0|0,0|0|1025|39280,0|0|0|0,0|0|0|0,0|.0|.,.|.
5HT2cR-ligated-N	45	46	G	2212	2212	0	0	0	2212	0	0	0	0	0	85432	0	.	0	0	0	0	0	0	0	0	0	0	.	0	0	2212	0	0	0	0	0	85432	0	.	0|0|0|0,0|0|0|0,0|0|2212|85432,0|0|0|0,0|.0|.,.|.
5HT2cR-ligated-N	46	47	G	2365	2365	0	0	0	2365	0	0	0	0	0	91638	0	.	0	0	153	0	0	0	0	0	5937	0	.	0	0	2212	0	0	0	0	0	85701	0	.	0|0|0|0,0|0|0|0,153|5937|2212|85701,0|0|0|0,0|.0|.,.|.
5HT2cR-ligated-N	47	48	T	2365	2364	1	0	1	0	2364	0	0	0	39	0	91501	.	0	0	0	153	0	0	0	0	0	5842	.	0	1	0	2211	0	0	0	39	0	85659	.	0|0|0|0,0|0|1|39,0|0|0|0,153|5842|2211|85659,0|.0|.,.|.
5HT2cR-ligated-N	48	49	T	2365	2018	347	0	0	347	2018	0	0	0	0	13405	78257	.	0	0	0	153	0	0	0	0	0	5918	.	0	0	347	1865	0	0	0	0	13405	72339	.	0|0|0|0,0|0|0|0,0|0|347|13405,153|5918|1865|72339,0|.0|.,.|.
5HT2cR-ligated-N	49	50	T	2365	2365	0	0	0	0	2365	0	0	0	0	0	91520	.	0	0	0	153	0	0	0	0	0	5918	.	0	0	0	2212	0	0	0	0	0	85602	.	0|0|0|0,0|0|0|0,0|0|0|0,153|5918|2212|85602,0|.0|.,.|.
5HT2cR-ligated-N	50	51	C	2693	2693	0	0	2693	0	0	0	0	0	104384	0	0	.	0	153	0	0	0	0	0	5912	0	0	.	0	2540	0	0	0	0	0	98472	0	0	.	0|0|0|0,153|5912|2540|98472,0|0|0|0,0|0|0|0,0|.0|.,.|.
5HT2cR-ligated-N	51	52	A	2693	2319	374	2319	0	0	1	373	0	90057	0	0	15	.	153	0	0	0	0	0	5902	0	0	0	.	2166	0	0	1	373	0	84155	0	0	15	.	153|5902|2166|84155,0|0|0|0,0|0|0|0,0|0|1|15,0|.373|.,.|.
5HT2cR-ligated-N	52	53	A	2693	2693	0	2693	0	0	0	0	0	103279	0	0	0	.	153	0	0	0	0	0	5889	0	0	0	.	2540	0	0	0	0	0	97390	0	0	0	.	153|5889|2540|97390,0|0|0|0,0|0|0|0,0|0|0|0,0|.0|.,.|.
5HT2cR-ligated-N	53	54	T	2693	2692	1	0	0	0	2692	1	0	0	0	0	103034	.	0	0	0	153	0	0	0	0	0	5909	.	0	0	0	2539	1	0	0	0	0	97125	.	0|0|0|0,0|0|0|0,0|0|0|0,153|5909|2539|97125,0|.1|.,.|.
5HT2cR-ligated-N	54	55	T	2693	2692	1	1	0	0	2692	0	0	38	0	0	103378	.	0	0	0	153	0	0	0	0	0	5929	.	1	0	0	2539	0	0	38	0	0	97449	.	0|0|1|38,0|0|0|0,0|0|0|0,153|5929|2539|97449,0|.0|.,.|.
5HT2cR-ligated-N	55	56	C	2693	2693	0	0	2693	0	0	0	0	0	103348	0	0	.	0	153	0	0	0	0	0	5891	0	0	.	0	2540	0	0	0	0	0	97457	0	0	.	0|0|0|0,153|5891|2540|97457,0|0|0|0,0|0|0|0,0|.0|.,.|.
5HT2cR-ligated-N	56	57	G	2693	2692	1	0	0	2692	1	0	0	0	0	103180	2	.	0	0	153	0	0	0	0	0	5758	0	.	0	0	2539	1	0	0	0	0	97422	2	.	0|0|0|0,0|0|0|0,153|5758|2539|97422,0|0|1|2,0|.0|.,.|.
5HT2cR-ligated-N	57	58	C	2693	2677	16	0	2677	0	16	0	0	0	102765	0	619	.	0	153	0	0	0	0	0	5772	0	0	.	0	2524	0	16	0	0	0	96993	0	619	.	0|0|0|0,153|5772|2524|96993,0|0|0|0,0|0|16|619,0|.0|.,.|.
5HT2cR-ligated-N	58	59	G	3342	3342	0	0	0	3342	0	0	0	0	0	129494	0	.	0	0	153	0	0	0	0	0	5760	0	.	0	0	3189	0	0	0	0	0	123734	0	.	0|0|0|0,0|0|0|0,153|5760|3189|123734,0|0|0|0,0|.0|.,.|.
5HT2cR-ligated-N	59	60	G	3342	3342	0	0	0	3342	0	0	0	0	0	129436	0	.	0	0	153	0	0	0	0	0	5775	0	.	0	0	3189	0	0	0	0	0	123661	0	.	0|0|0|0,0|0|0|0,153|5775|3189|123661,0|0|0|0,0|.0|.,.|.
5HT2cR-ligated-N	60	61	A	3342	3186	156	3186	153	3	0	0	0	123504	5786	21	0	.	0	153	0	0	0	0	0	5786	0	0	.	3186	0	3	0	0	0	123504	0	21	0	.	0|0|3186|123504,153|5786|0|0,0|0|3|21,0|0|0|0,0|.0|.,.|.
5HT2cR-ligated-N	61	62	C	3342	3341	1	1	3341	0	0	0	0	4	129284	0	0	.	0	153	0	0	0	0	0	5790	0	0	.	1	3188	0	0	0	0	4	123494	0	0	.	0|0|1|4,153|5790|3188|123494,0|0|0|0,0|0|0|0,0|.0|.,.|.
5HT2cR-ligated-N	62	63	T	3342	3342	0	0	0	0	3342	0	0	0	0	0	129563	.	0	0	0	153	0	0	0	0	0	5773	.	0	0	0	3189	0	0	0	0	0	123790	.	0|0|0|0,0|0|0|0,0|0|0|0,153|5773|3189|123790,0|.0|.,.|.
5HT2cR-ligated-N	63	64	A	3793	3792	1	3792	0	1	0	0	0	144759	0	39	0	.	153	0	0	0	0	0	5914	0	0	0	.	3639	0	1	0	0	0	138845	0	39	0	.	153|5914|3639|138845,0|0|0|0,0|0|1|39,0|0|0|0,0|.0|.,.|.
5HT2cR-ligated-N	64	65	A	3793	3793	0	3793	0	0	0	0	0	144353	0	0	0	.	153	0	0	0	0	0	5889	0	0	0	.	3640	0	0	0	0	0	138464	0	0	0	.	153|5889|3640|138464,0|0|0|0,0|0|0|0,0|0|0|0,0|.0|.,.|.
5HT2cR-ligated-N	65	66	G	3793	3792	1	1	0	3792	0	0	0	39	0	146376	0	.	0	0	153	0	0	0	0	0	5893	0	.	1	0	3639	0	0	0	39	0	140483	0	.	0|0|1|39,0|0|0|0,153|5893|3639|140483,0|0|0|0,0|.0|.,.|.
5HT2cR-ligated-N	66	67	G	3793	3793	0	0	0	3793	0	0	0	0	0	146118	0	.	0	0	153	0	0	0	0	0	5876	0	.	0	0	3640	0	0	0	0	0	140242	0	.	0|0|0|0,0|0|0|0,153|5876|3640|140242,0|0|0|0,0|.0|.,.|.
5HT2cR-ligated-N	67	68	C	3793	3793	0	0	3793	0	0	0	0	0	146058	0	0	.	0	153	0	0	0	0	0	5916	0	0	.	0	3640	0	0	0	0	0	140142	0	0	.	0|0|0|0,153|5916|3640|140142,0|0|0|0,0|0|0|0,0|.0|.,.|.
5HT2cR-ligated-N	68	69	C	3793	3792	1	1	3792	0	0	0	0	20	146237	0	0	.	0	153	0	0	0	0	0	5918	0	0	.	1	3639	0	0	0	0	20	140319	0	0	.	0|0|1|20,153|5918|3639|140319,0|0|0|0,0|0|0|0,0|.0|.,.|.
5HT2cR-ligated-N	69	70	A	3793	3791	2	3791	0	1	1	0	0	146565	0	39	16	.	153	0	0	0	0	0	5923	0	0	0	.	3638	0	1	1	0	0	140642	0	39	16	.	153|5923|3638|140642,0|0|0|0,0|0|1|39,0|0|1|16,0|.0|.,.|.
5HT2cR-ligated-N	70	71	T	3793	3793	0	0	0	0	3793	0	0	0	0	0	146447	.	0	0	0	153	0	0	0	0	0	5925	.	0	0	0	3640	0	0	0	0	0	140522	.	0|0|0|0,0|0|0|0,0|0|0|0,153|5925|3640|140522,0|.0|.,.|.
5HT2cR-ligated-N	71	72	C	3793	3793	0	0	3793	0	0	0	0	0	146504	0	0	.	0	153	0	0	0	0	0	5916	0	0	.	0	3640	0	0	0	0	0	140588	0	0	.	0|0|0|0,153|5916|3640|140588,0|0|0|0,0|0|0|0,0|.0|.,.|.
5HT2cR-ligated-N	72	73	A	3793	3792	1	3792	0	1	0	0	0	146564	0	39	0	.	153	0	0	0	0	0	5917	0	0	0	.	3639	0	1	0	0	0	140647	0	39	0	.	153|5917|3639|140647,0|0|0|0,0|0|1|39,0|0|0|0,0|.0|.,.|.
5HT2cR-ligated-N	73	74	T	3793	3500	293	0	0	293	3500	0	0	0	0	11414	135570	.	0	0	0	153	0	0	0	0	0	5926	.	0	0	293	3347	0	0	0	0	11414	129644	.	0|0|0|0,0|0|0|0,0|0|293|11414,153|5926|3347|129644,0|.0|.,.|.
5HT2cR-ligated-N	74	75	G	3793	3792	1	0	0	3792	1	0	0	0	0	147145	18	.	0	0	153	0	0	0	0	0	5935	0	.	0	0	3639	1	0	0	0	0	141210	18	.	0|0|0|0,0|0|0|0,153|5935|3639|141210,0|0|1|18,0|.0|.,.|.
5HT2cR-ligated-N	75	76	A	3793	3792	1	3792	0	0	1	0	0	147206	0	0	39	.	153	0	0	0	0	0	5888	0	0	0	.	3639	0	0	1	0	0	141318	0	0	39	.	153|5888|3639|141318,0|0|0|0,0|0|0|0,0|0|1|39,0|.0|.,.|.
5HT2cR-ligated-N	76	77	A	3793	3793	0	3793	0	0	0	0	0	147185	0	0	0	.	153	0	0	0	0	0	5869	0	0	0	.	3640	0	0	0	0	0	141316	0	0	0	.	153|5869|3640|141316,0|0|0|0,0|0|0|0,0|0|0|0,0|.0|.,.|.
5HT2cR-ligated-N	77	78	G	3793	3793	0	0	0	3793	0	0	0	0	0	146804	0	.	0	0	153	0	0	0	0	0	5892	0	.	0	0	3640	0	0	0	0	0	140912	0	.	0|0|0|0,0|0|0|0,153|5892|3640|140912,0|0|0|0,0|.0|.,.|.
5HT2cR-ligated-N	78	79	A	3793	3793	0	3793	0	0	0	0	0	147029	0	0	0	.	153	0	0	0	0	0	5886	0	0	0	.	3640	0	0	0	0	0	141143	0	0	0	.	153|5886|3640|141143,0|0|0|0,0|0|0|0,0|0|0|0,0|.0|.,.|.
5HT2cR-ligated-N	79	80	T	3793	3793	0	0	0	0	3793	0	0	0	0	0	146675	.	0	0	0	153	0	0	0	0	0	5888	.	0	0	0	3640	0	0	0	0	0	140787	.	0|0|0|0,0|0|0|0,0|0|0|0,153|5888|3640|140787,0|.0|.,.|.
5HT2cR-ligated-N	80	81	T	3793	3791	2	1	1	0	3791	0	0	39	38	0	146902	.	0	0	0	153	0	0	0	0	0	5920	.	1	1	0	3638	0	0	39	38	0	140982	.	0|0|1|39,0|0|1|38,0|0|0|0,153|5920|3638|140982,0|.0|.,.|.
5HT2cR-ligated-N	81	82	G	3793	3793	0	0	0	3793	0	0	0	0	0	146702	0	.	0	0	153	0	0	0	0	0	5896	0	.	0	0	3640	0	0	0	0	0	140806	0	.	0|0|0|0,0|0|0|0,153|5896|3640|140806,0|0|0|0,0|.0|.,.|.
5HT2cR-ligated-N	82	83	C	3793	3793	0	0	3793	0	0	0	0	0	146740	0	0	.	0	153	0	0	0	0	0	5895	0	0	.	0	3640	0	0	0	0	0	140845	0	0	.	0|0|0|0,153|5895|3640|140845,0|0|0|0,0|0|0|0,0|.0|.,.|.
5HT2cR-ligated-N	83	84	T	3793	3477	316	316	0	0	3477	0	0	12298	0	0	134683	.	0	0	0	153	0	0	0	0	0	5939	.	316	0	0	3324	0	0	12298	0	0	128744	.	0|0|316|12298,0|0|0|0,0|0|0|0,153|5939|3324|128744,0|.0|.,.|.
5HT2cR-ligated-N	84	85	A	3689	3689	0	3689	0	0	0	0	0	143231	0	0	0	.	153	0	0	0	0	0	5904	0	0	0	.	3536	0	0	0	0	0	137327	0	0	0	.	153|5904|3536|137327,0|0|0|0,0|0|0|0,0|0|0|0,0|.0|.,.|.
5HT2cR-ligated-N	85	86	T	3689	3689	0	0	0	0	3689	0	0	0	0	0	142955	.	0	0	0	153	0	0	0	0	0	5931	.	0	0	0	3536	0	0	0	0	0	137024	.	0|0|0|0,0|0|0|0,0|0|0|0,153|5931|3536|137024,0|.0|.,.|.
5HT2cR-ligated-N	86	87	T	3689	3689	0	0	0	0	3689	0	0	0	0	0	143057	.	0	0	0	153	0	0	0	0	0	5934	.	0	0	0	3536	0	0	0	0	0	137123	.	0|0|0|0,0|0|0|0,0|0|0|0,153|5934|3536|137123,0|.0|.,.|.
5HT2cR-ligated-N	87	88	G	3689	3689	0	0	0	3689	0	0	0	0	0	143090	0	.	0	0	153	0	0	0	0	0	5903	0	.	0	0	3536	0	0	0	0	0	137187	0	.	0|0|0|0,0|0|0|0,153|5903|3536|137187,0|0|0|0,0|.0|.,.|.
5HT2cR-ligated-N	88	89	T	3689	3688	1	0	1	0	3688	0	0	0	39	0	142820	.	0	1	0	152	0	0	0	39	0	5877	.	0	0	0	3536	0	0	0	0	0	136943	.	0|0|0|0,1|39|0|0,0|0|0|0,152|5877|3536|136943,0|.0|.,.|.
5HT2cR-ligated-N	89	90	T	3689	3688	1	1	0	0	3688	0	0	38	0	0	142352	.	0	0	0	153	0	0	0	0	0	5910	.	1	0	0	3535	0	0	38	0	0	136442	.	0|0|1|38,0|0|0|0,0|0|0|0,153|5910|3535|136442,0|.0|.,.|.
5HT2cR-ligated-N	90	91	T	3689	3689	0	0	0	0	3689	0	507	0	0	0	142576	.G,G,G,G,G,G,G,G,G,G,G,G,G,G,G,G,G,G,G,G,G,G,G,G,G,G,G,G,G,G,G,G,G,G,G,G,G,G,G,G,G,G,G,G,G,G,G,G,G,G,G,G,G,G,G,G,G,G,G,G,G,G,G,G,G,G,G,G,G,G,G,G,G,G,G,G,G,G,G,G,G,G,G,G,G,G,G,G,G,G,G,G,G,G,G,G,G,G,G,G,G,G,G,G,G,G,G,G,G,G,G,G,G,G,G,G,G,G,G,G,G,G,G,G,G,G,G,G,G,G,G,G,G,G,G,G,G,G,G,G,G,G,G,G,G,G,G,G,G,G,G,G,G,G,G,G,G,G,G,G,G,G,G,G,G,G,G,G,G,G,G,G,G,G,G,G,G,G,G,G,G,G,G,G,G,G,G,G,G,G,G,G,G,G,G,G,G,G,G,G,G,G,G,G,G,G,G,G,G,G,G,G,G,G,G,G,G,G,G,G,G,G,G,G,G,G,G,G,G,G,G,G,G,G,G,G,G,G,G,G,G,G,G,G,G,G,G,G,G,G,G,G,G,G,G,G,G,G,G,G,G,G,G,G,G,G,G,G,G,G,G,G,G,G,G,G,G,G,G,G,G,G,G,G,G,G,G,G,G,G,G,G,G,G,G,G,G,G,G,G,G,G,G,G,G,G,G,G,G,G,G,G,G,G,G,G,G,G,G,G,G,G,G,G,G,G,G,G,G,G,G,G,G,G,G,G,G,G,G,G,G,G,G,G,G,G,G,G,G,G,G,G,G,G,G,G,G,G,G,G,G,G,G,G,G,G,G,G,G,G,G,G,G,G,G,G,G,G,G,G,G,G,G,G,G,G,G,G,G,G,G,G,G,G,G,G,G,G,G,G,G,G,G,G,G,G,G,G,G,G,G,G,G,G,G,G,G,G,G,G,G,G,G,G,G,G,G,G,G,G,G,G,G,G,G,G,G,G,G,G,G,G,G,G,G,G,G,G,G,G,G,G,G,G,G,G,G,G,G,G,G,G,G,G,G,G,G,G,G,G,G,G,G,G,G,G,G,G,G,G,G,G,G,G,G,G,G,G,G,G,G,G,G,G,G,G,G,G,G,G,G,G,G,G,G,G,G	0	0	0	153	0	0	0	0	0	5920	.	0	0	0	3536	0	507	0	0	0	136656	G,G,G,G,G,G,G,G,G,G,G,G,G,G,G,G,G,G,G,G,G,G,G,G,G,G,G,G,G,G,G,G,G,G,G,G,G,G,G,G,G,G,G,G,G,G,G,G,G,G,G,G,G,G,G,G,G,G,G,G,G,G,G,G,G,G,G,G,G,G,G,G,G,G,G,G,G,G,G,G,G,G,G,G,G,G,G,G,G,G,G,G,G,G,G,G,G,G,G,G,G,G,G,G,G,G,G,G,G,G,G,G,G,G,G,G,G,G,G,G,G,G,G,G,G,G,G,G,G,G,G,G,G,G,G,G,G,G,G,G,G,G,G,G,G,G,G,G,G,G,G,G,G,G,G,G,G,G,G,G,G,G,G,G,G,G,G,G,G,G,G,G,G,G,G,G,G,G,G,G,G,G,G,G,G,G,G,G,G,G,G,G,G,G,G,G,G,G,G,G,G,G,G,G,G,G,G,G,G,G,G,G,G,G,G,G,G,G,G,G,G,G,G,G,G,G,G,G,G,G,G,G,G,G,G,G,G,G,G,G,G,G,G,G,G,G,G,G,G,G,G,G,G,G,G,G,G,G,G,G,G,G,G,G,G,G,G,G,G,G,G,G,G,G,G,G,G,G,G,G,G,G,G,G,G,G,G,G,G,G,G,G,G,G,G,G,G,G,G,G,G,G,G,G,G,G,G,G,G,G,G,G,G,G,G,G,G,G,G,G,G,G,G,G,G,G,G,G,G,G,G,G,G,G,G,G,G,G,G,G,G,G,G,G,G,G,G,G,G,G,G,G,G,G,G,G,G,G,G,G,G,G,G,G,G,G,G,G,G,G,G,G,G,G,G,G,G,G,G,G,G,G,G,G,G,G,G,G,G,G,G,G,G,G,G,G,G,G,G,G,G,G,G,G,G,G,G,G,G,G,G,G,G,G,G,G,G,G,G,G,G,G,G,G,G,G,G,G,G,G,G,G,G,G,G,G,G,G,G,G,G,G,G,G,G,G,G,G,G,G,G,G,G,G,G,G,G,G,G,G,G,G,G,G,G,G,G,G,G,G,G,G,G,G,G,G,G,G,G,G,G,G,G,G,G,G,G,G,G,G,G,G,G,G,G,G,G,G,G,G,G,G,G,G,G,G,G	0|0|0|0,0|0|0|0,0|0|0|0,153|5920|3536|136656,0|.0|.,.|G,G,G,G,G,G,G,G,G,G,G,G,G,G,G,G,G,G,G,G,G,G,G,G,G,G,G,G,G,G,G,G,G,G,G,G,G,G,G,G,G,G,G,G,G,G,G,G,G,G,G,G,G,G,G,G,G,G,G,G,G,G,G,G,G,G,G,G,G,G,G,G,G,G,G,G,G,G,G,G,G,G,G,G,G,G,G,G,G,G,G,G,G,G,G,G,G,G,G,G,G,G,G,G,G,G,G,G,G,G,G,G,G,G,G,G,G,G,G,G,G,G,G,G,G,G,G,G,G,G,G,G,G,G,G,G,G,G,G,G,G,G,G,G,G,G,G,G,G,G,G,G,G,G,G,G,G,G,G,G,G,G,G,G,G,G,G,G,G,G,G,G,G,G,G,G,G,G,G,G,G,G,G,G,G,G,G,G,G,G,G,G,G,G,G,G,G,G,G,G,G,G,G,G,G,G,G,G,G,G,G,G,G,G,G,G,G,G,G,G,G,G,G,G,G,G,G,G,G,G,G,G,G,G,G,G,G,G,G,G,G,G,G,G,G,G,G,G,G,G,G,G,G,G,G,G,G,G,G,G,G,G,G,G,G,G,G,G,G,G,G,G,G,G,G,G,G,G,G,G,G,G,G,G,G,G,G,G,G,G,G,G,G,G,G,G,G,G,G,G,G,G,G,G,G,G,G,G,G,G,G,G,G,G,G,G,G,G,G,G,G,G,G,G,G,G,G,G,G,G,G,G,G,G,G,G,G,G,G,G,G,G,G,G,G,G,G,G,G,G,G,G,G,G,G,G,G,G,G,G,G,G,G,G,G,G,G,G,G,G,G,G,G,G,G,G,G,G,G,G,G,G,G,G,G,G,G,G,G,G,G,G,G,G,G,G,G,G,G,G,G,G,G,G,G,G,G,G,G,G,G,G,G,G,G,G,G,G,G,G,G,G,G,G,G,G,G,G,G,G,G,G,G,G,G,G,G,G,G,G,G,G,G,G,G,G,G,G,G,G,G,G,G,G,G,G,G,G,G,G,G,G,G,G,G,G,G,G,G,G,G,G,G,G,G,G,G,G,G,G,G,G,G,G,G,G,G,G,G,G,G,G,G,G,G,G,G,G,G,G,G,G,G,G,G,G,G
5HT2cR-ligated-N	91	92	G	5483	5071	412	0	0	5071	1	411	0	0	0	195424	38	.	0	0	153	0	0	0	0	0	5870	0	.	0	0	4918	1	411	0	0	0	189554	38	.	0|0|0|0,0|0|0|0,153|5870|4918|189554,0|0|1|38,0|.411|.,.|.
5HT2cR-ligated-N	92	93	G	5484	5484	0	0	0	5484	0	0	0	0	0	210959	0	.	0	0	153	0	0	0	0	0	5765	0	.	0	0	5331	0	0	0	0	0	205194	0	.	0|0|0|0,0|0|0|0,153|5765|5331|205194,0|0|0|0,0|.0|.,.|.
5HT2cR-ligated-N	93	94	G	5485	5485	0	0	0	5485	0	0	0	0	0	210216	0	.	0	0	153	0	0	0	0	0	5743	0	.	0	0	5332	0	0	0	0	0	204473	0	.	0|0|0|0,0|0|0|0,153|5743|5332|204473,0|0|0|0,0|.0|.,.|.
5HT2cR-ligated-N	94	95	C	5496	5494	2	0	5494	0	2	0	0	0	210719	0	77	.	0	153	0	0	0	0	0	5914	0	0	.	0	5341	0	2	0	0	0	204805	0	77	.	0|0|0|0,153|5914|5341|204805,0|0|0|0,0|0|2|77,0|.0|.,.|.
5HT2cR-ligated-N	95	96	A	5496	5496	0	5496	0	0	0	0	0	212464	0	0	0	.	153	0	0	0	0	0	5924	0	0	0	.	5343	0	0	0	0	0	206540	0	0	0	.	153|5924|5343|206540,0|0|0|0,0|0|0|0,0|0|0|0,0|.0|.,.|.
5HT2cR-ligated-N	96	97	A	5496	5304	192	5304	0	0	192	0	0	204294	0	0	7463	.	153	0	0	0	0	0	5801	0	0	0	.	5151	0	0	192	0	0	198493	0	0	7463	.	153|5801|5151|198493,0|0|0|0,0|0|0|0,0|0|192|7463,0|.0|.,.|.
5HT2cR-ligated-N	97	98	T	5496	5299	197	197	0	0	5299	0	0	7437	0	0	204395	.	0	0	0	153	0	0	0	0	0	5923	.	197	0	0	5146	0	0	7437	0	0	198472	.	0|0|197|7437,0|0|0|0,0|0|0|0,153|5923|5146|198472,0|.0|.,.|.
5HT2cR-ligated-N	98	99	T	5478	5026	452	451	0	1	5026	0	0	17537	0	33	193335	.	0	0	0	153	0	0	0	0	0	5931	.	451	0	1	4873	0	0	17537	0	33	187404	.	0|0|451|17537,0|0|0|0,0|0|1|33,153|5931|4873|187404,0|.0|.,.|.
5HT2cR-ligated-N	99	100	T	5478	5162	316	316	0	0	5162	0	0	12215	0	0	198358	.	0	0	0	153	0	0	0	0	0	5943	.	316	0	0	5009	0	0	12215	0	0	192415	.	0|0|316|12215,0|0|0|0,0|0|0|0,153|5943|5009|192415,0|.0|.,.|.
5HT2cR-ligated-N	100	101	C	5478	5477	1	0	5477	0	1	0	0	0	210842	0	18	.	0	153	0	0	0	0	0	5915	0	0	.	0	5324	0	1	0	0	0	204927	0	18	.	0|0|0|0,153|5915|5324|204927,0|0|0|0,0|0|1|18,0|.0|.,.|.
5HT2cR-ligated-N	101	102	T	5478	5476	2	1	0	1	5476	0	0	39	0	2	211131	.	0	0	0	153	0	0	0	0	0	5943	.	1	0	1	5323	0	0	39	0	2	205188	.	0|0|1|39,0|0|0|0,0|0|1|2,153|5943|5323|205188,0|.0|.,.|.
5HT2cR-ligated-N	102	103	A	5478	5476	2	5476	0	0	2	0	0	211172	0	0	41	.	153	0	0	0	0	0	5932	0	0	0	.	5323	0	0	2	0	0	205240	0	0	41	.	153|5932|5323|205240,0|0|0|0,0|0|0|0,0|0|2|41,0|.0|.,.|.
5HT2cR-ligated-N	103	104	T	5422	5420	2	2	0	0	5420	0	0	21	0	0	208970	.	0	0	0	153	0	0	0	0	0	5941	.	2	0	0	5267	0	0	21	0	0	203029	.	0|0|2|21,0|0|0|0,0|0|0|0,153|5941|5267|203029,0|.0|.,.|.
5HT2cR-ligated-N	104	105	A	5227	5226	1	5226	0	0	1	0	0	202044	0	0	39	.	153	0	0	0	0	0	5935	0	0	0	.	5073	0	0	1	0	0	196109	0	0	39	.	153|5935|5073|196109,0|0|0|0,0|0|0|0,0|0|1|39,0|.0|.,.|.
5HT2cR-ligated-N	105	106	G	5227	5227	0	0	0	5227	0	0	0	0	0	201901	0	.	0	0	153	0	0	0	0	0	5927	0	.	0	0	5074	0	0	0	0	0	195974	0	.	0|0|0|0,0|0|0|0,153|5927|5074|195974,0|0|0|0,0|.0|.,.|.
5HT2cR-ligated-N	106	107	G	5227	5227	0	0	0	5227	0	0	0	0	0	201479	0	.	0	0	153	0	0	0	0	0	5917	0	.	0	0	5074	0	0	0	0	0	195562	0	.	0|0|0|0,0|0|0|0,153|5917|5074|195562,0|0|0|0,0|.0|.,.|.
5HT2cR-ligated-N	107	108	T	5227	5225	2	1	1	0	5225	0	0	39	39	0	200802	.	0	0	0	153	0	0	0	0	0	5811	.	1	1	0	5072	0	0	39	39	0	194991	.	0|0|1|39,0|0|1|39,0|0|0|0,153|5811|5072|194991,0|.0|.,.|.
5HT2cR-ligated-N	108	109	A	5227	5226	1	5226	0	1	0	0	0	202170	0	38	0	.	152	0	1	0	0	0	5843	0	38	0	.	5074	0	0	0	0	0	196327	0	0	0	.	152|5843|5074|196327,0|0|0|0,1|38|0|0,0|0|0|0,0|.0|.,.|.
5HT2cR-ligated-N	109	110	A	5193	5193	0	5193	0	0	0	0	0	200795	0	0	0	.	153	0	0	0	0	0	5909	0	0	0	.	5040	0	0	0	0	0	194886	0	0	0	.	153|5909|5040|194886,0|0|0|0,0|0|0|0,0|0|0|0,0|.0|.,.|.
5HT2cR-ligated-N	110	111	A	5193	5193	0	5193	0	0	0	0	0	200389	0	0	0	.	153	0	0	0	0	0	5910	0	0	0	.	5040	0	0	0	0	0	194479	0	0	0	.	153|5910|5040|194479,0|0|0|0,0|0|0|0,0|0|0|0,0|.0|.,.|.
5HT2cR-ligated-N	111	112	T	5193	5191	2	0	2	0	5191	0	0	0	74	0	199546	.	0	0	0	153	0	0	0	0	0	5934	.	0	2	0	5038	0	0	0	74	0	193612	.	0|0|0|0,0|0|2|74,0|0|0|0,153|5934|5038|193612,0|.0|.,.|.
5HT2cR-ligated-N	112	113	A	5091	5090	1	5090	0	0	1	0	0	197133	0	0	18	.	153	0	0	0	0	0	5961	0	0	0	.	4937	0	0	1	0	0	191172	0	0	18	.	153|5961|4937|191172,0|0|0|0,0|0|0|0,0|0|1|18,0|.0|.,.|.
5HT2cR-ligated-N	113	114	A	5091	5090	1	5090	0	1	0	0	0	196598	0	37	0	.	153	0	0	0	0	0	5953	0	0	0	.	4937	0	1	0	0	0	190645	0	37	0	.	153|5953|4937|190645,0|0|0|0,0|0|1|37,0|0|0|0,0|.0|.,.|.
5HT2cR-ligated-N	114	115	A	5091	5090	1	5090	0	1	0	0	0	195703	0	20	0	.	153	0	0	0	0	0	5965	0	0	0	.	4937	0	1	0	0	0	189738	0	20	0	.	153|5965|4937|189738,0|0|0|0,0|0|1|20,0|0|0|0,0|.0|.,.|.
5HT2cR-ligated-N	115	116	A	5091	5085	6	5085	3	2	1	0	0	192761	58	41	2	.	153	0	0	0	0	0	5960	0	0	0	.	4932	3	2	1	0	0	186801	58	41	2	.	153|5960|4932|186801,0|0|3|58,0|0|2|41,0|0|1|2,0|.0|.,.|.
5HT2cR-ligated-N	116	117	C	5091	5091	0	0	5091	0	0	0	0	0	193163	0	0	.	0	153	0	0	0	0	0	5960	0	0	.	0	4938	0	0	0	0	0	187203	0	0	.	0|0|0|0,153|5960|4938|187203,0|0|0|0,0|0|0|0,0|.0|.,.|.
5HT2cR-ligated-N	117	118	T	4977	3726	1251	1	4	1	3726	1245	0	39	128	2	143257	.	0	0	0	153	0	0	0	0	0	5953	.	1	4	1	3573	1245	0	39	128	2	137304	.	0|0|1|39,0|0|4|128,0|0|1|2,153|5953|3573|137304,0|.1245|.,.|.
5HT2cR-ligated-N	118	119	T	4977	4304	673	0	451	0	4304	222	0	0	17436	0	165800	.	0	0	0	153	0	0	0	0	0	5957	.	0	451	0	4151	222	0	0	17436	0	159843	.	0|0|0|0,0|0|451|17436,0|0|0|0,153|5957|4151|159843,0|.222|.,.|.
5HT2cR-ligated-N	119	120	T	4977	4977	0	0	0	0	4977	0	0	0	0	0	192084	.	0	0	0	153	0	0	0	0	0	5959	.	0	0	0	4824	0	0	0	0	0	186125	.	0|0|0|0,0|0|0|0,0|0|0|0,153|5959|4824|186125,0|.0|.,.|.
5HT2cR-ligated-N	120	121	T	4977	4976	1	0	1	0	4976	0	0	0	38	0	191667	.	0	0	0	153	0	0	0	0	0	5964	.	0	1	0	4823	0	0	0	38	0	185703	.	0|0|0|0,0|0|1|38,0|0|0|0,153|5964|4823|185703,0|.0|.,.|.
5HT2cR-ligated-N	121	122	T	4977	4977	0	0	0	0	4977	0	0	0	0	0	191838	.	0	0	0	153	0	0	0	0	0	5956	.	0	0	0	4824	0	0	0	0	0	185882	.	0|0|0|0,0|0|0|0,0|0|0|0,153|5956|4824|185882,0|.0|.,.|.
5HT2cR-ligated-N	122	123	G	6489	6487	2	0	1	6487	0	1	0	0	38	250500	0	.	0	0	153	0	0	0	0	0	5945	0	.	0	1	6334	0	1	0	0	38	244555	0	.	0|0|0|0,0|0|1|38,153|5945|6334|244555,0|0|0|0,0|.1|.,.|.
5HT2cR-ligated-N	123	124	G	6490	6117	373	0	373	6117	0	0	0	0	14464	234931	0	.	0	0	153	0	0	0	0	0	5912	0	.	0	373	5964	0	0	0	0	14464	229019	0	.	0|0|0|0,0|0|373|14464,153|5912|5964|229019,0|0|0|0,0|.0|.,.|.
5HT2cR-ligated-N	124	125	C	6491	6491	0	0	6491	0	0	0	0	0	249523	0	0	.	0	153	0	0	0	0	0	5958	0	0	.	0	6338	0	0	0	0	0	243565	0	0	.	0|0|0|0,153|5958|6338|243565,0|0|0|0,0|0|0|0,0|.0|.,.|.
5HT2cR-ligated-N	125	126	C	6491	6489	2	0	6489	0	2	0	0	0	249820	0	75	.	0	153	0	0	0	0	0	5946	0	0	.	0	6336	0	2	0	0	0	243874	0	75	.	0|0|0|0,153|5946|6336|243874,0|0|0|0,0|0|2|75,0|.0|.,.|.
5HT2cR-ligated-N	126	127	A	6338	6334	4	6334	0	1	2	1	0	244796	0	11	76	.	0	0	0	0	0	0	0	0	0	0	.	6334	0	1	2	1	0	244796	0	11	76	.	0|0|6334|244796,0|0|0|0,0|0|1|11,0|0|2|76,0|.1|.,.|.
5HT2cR-ligated-N	127	128	T	6338	5713	625	623	0	1	5713	1	0	23935	0	15	220338	.	0	0	0	0	0	0	0	0	0	0	.	623	0	1	5713	1	0	23935	0	15	220338	.	0|0|623|23935,0|0|0|0,0|0|1|15,0|0|5713|220338,0|.1|.,.|.
5HT2cR-ligated-N	128	129	A	6338	6338	0	6338	0	0	0	0	0	245121	0	0	0	.	0	0	0	0	0	0	0	0	0	0	.	6338	0	0	0	0	0	245121	0	0	0	.	0|0|6338|245121,0|0|0|0,0|0|0|0,0|0|0|0,0|.0|.,.|.
5HT2cR-ligated-N	129	130	A	6247	6245	2	6245	0	1	1	0	0	241519	0	39	38	.	0	0	0	0	0	0	0	0	0	0	.	6245	0	1	1	0	0	241519	0	39	38	.	0|0|6245|241519,0|0|0|0,0|0|1|39,0|0|1|38,0|.0|.,.|.
5HT2cR-ligated-N	130	131	G	6247	6247	0	0	0	6247	0	0	0	0	0	240988	0	.	0	0	0	0	0	0	0	0	0	0	.	0	0	6247	0	0	0	0	0	240988	0	.	0|0|0|0,0|0|0|0,0|0|6247|240988,0|0|0|0,0|.0|.,.|.
5HT2cR-ligated-N	131	132	A	6247	6247	0	6247	0	0	0	0	0	241290	0	0	0	.	0	0	0	0	0	0	0	0	0	0	.	6247	0	0	0	0	0	241290	0	0	0	.	0|0|6247|241290,0|0|0|0,0|0|0|0,0|0|0|0,0|.0|.,.|.
5HT2cR-ligated-N	132	133	A	6247	6246	1	6246	0	1	0	0	0	240637	0	37	0	.	0	0	0	0	0	0	0	0	0	0	.	6246	0	1	0	0	0	240637	0	37	0	.	0|0|6246|240637,0|0|0|0,0|0|1|37,0|0|0|0,0|.0|.,.|.
5HT2cR-ligated-N	133	134	T	6247	6082	165	2	1	162	6082	0	0	43	39	6304	233334	.	0	0	0	0	0	0	0	0	0	0	.	2	1	162	6082	0	0	43	39	6304	233334	.	0|0|2|43,0|0|1|39,0|0|162|6304,0|0|6082|233334,0|.0|.,.|.
5HT2cR-ligated-N	134	135	T	6247	6011	236	0	1	235	6011	0	0	0	15	9053	231172	.	0	0	0	0	0	0	0	0	0	0	.	0	1	235	6011	0	0	0	15	9053	231172	.	0|0|0|0,0|0|1|15,0|0|235|9053,0|0|6011|231172,0|.0|.,.|.
5HT2cR-ligated-N	135	136	G	6247	6246	1	0	0	6246	1	0	0	0	0	236262	2	.	0	0	0	0	0	0	0	0	0	0	.	0	0	6246	1	0	0	0	0	236262	2	.	0|0|0|0,0|0|0|0,0|0|6246|236262,0|0|1|2,0|.0|.,.|.
5HT2cR-ligated-N	136	137	C	6246	6244	2	2	6244	0	0	0	0	61	236184	0	0	.	0	0	0	0	0	0	0	0	0	0	.	2	6244	0	0	0	0	61	236184	0	0	.	0|0|2|61,0|0|6244|236184,0|0|0|0,0|0|0|0,0|.0|.,.|.
5HT2cR-ligated-N	137	138	A	5899	5896	3	5896	1	1	1	0	0	223417	12	36	38	.	0	0	0	0	0	0	0	0	0	0	.	5896	1	1	1	0	0	223417	12	36	38	.	0|0|5896|223417,0|0|1|12,0|0|1|36,0|0|1|38,0|.0|.,.|.
5HT2cR-ligated-N	138	139	G	5899	5898	1	0	0	5898	0	1	0	0	0	223318	0	.	0	0	0	0	0	0	0	0	0	0	.	0	0	5898	0	1	0	0	0	223318	0	.	0|0|0|0,0|0|0|0,0|0|5898|223318,0|0|0|0,0|.1|.,.|.
5HT2cR-ligated-N	139	140	C	5899	5897	2	0	5897	1	0	1	0	0	222970	2	0	.	0	0	0	0	0	0	0	0	0	0	.	0	5897	1	0	1	0	0	222970	2	0	.	0|0|0|0,0|0|5897|222970,0|0|1|2,0|0|0|0,0|.1|.,.|.
5HT2cR-ligated-N	140	141	G	5899	5896	3	1	0	5896	1	1	0	37	0	227857	19	.	0	0	0	0	0	0	0	0	0	0	.	1	0	5896	1	1	0	37	0	227857	19	.	0|0|1|37,0|0|0|0,0|0|5896|227857,0|0|1|19,0|.1|.,.|.
5HT2cR-ligated-N	141	142	G	5899	5899	0	0	0	5899	0	0	0	0	0	227229	0	.	0	0	0	0	0	0	0	0	0	0	.	0	0	5899	0	0	0	0	0	227229	0	.	0|0|0|0,0|0|0|0,0|0|5899|227229,0|0|0|0,0|.0|.,.|.
5HT2cR-ligated-N	142	143	C	5899	5898	1	0	5898	0	1	0	0	0	226427	0	39	.	0	0	0	0	0	0	0	0	0	0	.	0	5898	0	1	0	0	0	226427	0	39	.	0|0|0|0,0|0|5898|226427,0|0|0|0,0|0|1|39,0|.0|.,.|.
5HT2cR-ligated-N	143	144	T	5899	5899	0	0	0	0	5899	0	0	0	0	0	227883	.	0	0	0	0	0	0	0	0	0	0	.	0	0	0	5899	0	0	0	0	0	227883	.	0|0|0|0,0|0|0|0,0|0|0|0,0|0|5899|227883,0|.0|.,.|.
5HT2cR-ligated-N	144	145	A	5899	5898	1	5898	0	1	0	0	0	228277	0	38	0	.	0	0	0	0	0	0	0	0	0	0	.	5898	0	1	0	0	0	228277	0	38	0	.	0|0|5898|228277,0|0|0|0,0|0|1|38,0|0|0|0,0|.0|.,.|.
5HT2cR-ligated-N	145	146	T	5899	5899	0	0	0	0	5899	0	0	0	0	0	227768	.	0	0	0	0	0	0	0	0	0	0	.	0	0	0	5899	0	0	0	0	0	227768	.	0|0|0|0,0|0|0|0,0|0|0|0,0|0|5899|227768,0|.0|.,.|.
5HT2cR-ligated-N	146	147	G	5899	5898	1	1	0	5898	0	0	0	37	0	227505	0	.	0	0	0	0	0	0	0	0	0	0	.	1	0	5898	0	0	0	37	0	227505	0	.	0|0|1|37,0|0|0|0,0|0|5898|227505,0|0|0|0,0|.0|.,.|.
5HT2cR-ligated-N	147	148	C	5899	5898	1	0	5898	0	1	0	0	0	227016	0	33	.	0	0	0	0	0	0	0	0	0	0	.	0	5898	0	1	0	0	0	227016	0	33	.	0|0|0|0,0|0|5898|227016,0|0|0|0,0|0|1|33,0|.0|.,.|.
5HT2cR-ligated-N	148	149	T	5899	5531	368	233	0	135	5531	0	0	9049	0	5219	211987	.	0	0	0	0	0	0	0	0	0	0	.	233	0	135	5531	0	0	9049	0	5219	211987	.	0|0|233|9049,0|0|0|0,0|0|135|5219,0|0|5531|211987,0|.0|.,.|.
5HT2cR-ligated-N	149	150	C	5899	5898	1	0	5898	0	1	0	0	0	226445	0	39	.	0	0	0	0	0	0	0	0	0	0	.	0	5898	0	1	0	0	0	226445	0	39	.	0|0|0|0,0|0|5898|226445,0|0|0|0,0|0|1|39,0|.0|.,.|.
5HT2cR-ligated-N	150	151	A	5899	5896	3	5896	0	2	1	0	0	227729	0	76	37	.	0	0	0	0	0	0	0	0	0	0	.	5896	0	2	1	0	0	227729	0	76	37	.	0|0|5896|227729,0|0|0|0,0|0|2|76,0|0|1|37,0|.0|.,.|.
5HT2cR-ligated-N	151	152	A	5899	5898	1	5898	0	0	1	0	0	227016	0	0	4	.	0	0	0	0	0	0	0	0	0	0	.	5898	0	0	1	0	0	227016	0	0	4	.	0|0|5898|227016,0|0|0|0,0|0|0|0,0|0|1|4,0|.0|.,.|.
5HT2cR-ligated-N	152	153	T	5899	5345	554	0	2	179	5345	373	0	0	40	6914	204066	.	0	0	0	0	0	0	0	0	0	0	.	0	2	179	5345	373	0	0	40	6914	204066	.	0|0|0|0,0|0|2|40,0|0|179|6914,0|0|5345|204066,0|.373|.,.|.
5HT2cR-ligated-N	153	154	A	5899	5899	0	5899	0	0	0	0	0	222165	0	0	0	.	0	0	0	0	0	0	0	0	0	0	.	5899	0	0	0	0	0	222165	0	0	0	.	0|0|5899|222165,0|0|0|0,0|0|0|0,0|0|0|0,0|.0|.,.|.
5HT2cR-ligated-N	154	155	C	5899	5899	0	0	5899	0	0	0	0	0	222838	0	0	.	0	0	0	0	0	0	0	0	0	0	.	0	5899	0	0	0	0	0	222838	0	0	.	0|0|0|0,0|0|5899|222838,0|0|0|0,0|0|0|0,0|.0|.,.|.
5HT2cR-ligated-N	155	156	T	5899	5899	0	0	0	0	5899	0	0	0	0	0	222671	.	0	0	0	0	0	0	0	0	0	0	.	0	0	0	5899	0	0	0	0	0	222671	.	0|0|0|0,0|0|0|0,0|0|0|0,0|0|5899|222671,0|.0|.,.|.
5HT2cR-ligated-N	156	157	T	5899	5898	1	0	1	0	5898	0	0	0	38	0	222725	.	0	0	0	0	0	0	0	0	0	0	.	0	1	0	5898	0	0	0	38	0	222725	.	0|0|0|0,0|0|1|38,0|0|0|0,0|0|5898|222725,0|.0|.,.|.
5HT2cR-ligated-N	157	158	T	5899	5528	371	179	1	191	5528	0	0	6746	38	7219	207905	.	0	0	0	0	0	0	0	0	0	0	.	179	1	191	5528	0	0	6746	38	7219	207905	.	0|0|179|6746,0|0|1|38,0|0|191|7219,0|0|5528|207905,0|.0|.,.|.
5HT2cR-ligated-N	158	159	C	5899	5897	2	0	5897	1	1	0	0	0	221952	39	38	.	0	0	0	0	0	0	0	0	0	0	.	0	5897	1	1	0	0	0	221952	39	38	.	0|0|0|0,0|0|5897|221952,0|0|1|39,0|0|1|38,0|.0|.,.|.
5HT2cR-ligated-N	159	160	G	5981	5980	1	0	0	5980	0	1	0	0	0	229193	0	.	0	0	0	0	0	0	0	0	0	0	.	0	0	5980	0	1	0	0	0	229193	0	.	0|0|0|0,0|0|0|0,0|0|5980|229193,0|0|0|0,0|.1|.,.|.
5HT2cR-ligated-N	160	161	G	5981	5417	564	0	0	5417	179	385	0	0	0	207421	6936	.	0	0	0	0	0	0	0	0	0	0	.	0	0	5417	179	385	0	0	0	207421	6936	.	0|0|0|0,0|0|0|0,0|0|5417|207421,0|0|179|6936,0|.385|.,.|.
5HT2cR-ligated-N	161	162	A	5981	5112	869	5112	0	0	0	869	0	195850	0	0	0	.	0	0	0	0	0	0	0	0	0	0	.	5112	0	0	0	869	0	195850	0	0	0	.	0|0|5112|195850,0|0|0|0,0|0|0|0,0|0|0|0,0|.869|.,.|.
5HT2cR-ligated-N	162	163	T	5981	5112	869	0	0	0	5112	869	0	0	0	0	195325	.	0	0	0	0	0	0	0	0	0	0	.	0	0	0	5112	869	0	0	0	0	195325	.	0|0|0|0,0|0|0|0,0|0|0|0,0|0|5112|195325,0|.869|.,.|.
5HT2cR-ligated-N	163	164	T	5980	5094	886	0	2	0	5094	884	192	0	76	0	194459	.G,G,G,G,G,G,G,G,G,G,G,G,G,G,G,G,G,G,G,G,G,G,G,G,G,G,G,G,G,G,G,G,G,G,G,G,G,G,G,G,G,G,G,G,G,G,G,G,G,G,G,G,G,G,G,G,G,G,G,G,G,G,G,G,G,G,G,G,G,G,G,G,G,G,G,G,G,G,G,G,G,G,G,G,G,G,G,G,G,G,G,G,G,G,G,G,G,G,G,G,G,G,G,G,G,G,G,G,G,G,G,G,G,G,G,G,G,G,G,G,G,G,G,G,G,G,G,G,G,G,G,G,G,G,G,G,G,G,G,G,G,G,G,G,G,G,G,G,G,G,G,G,G,G,G,G,G,G,G,G,G,G,G,G,G,G,G,G,G,G,G,G,G,G,G,G,G,G,G,G,G,G,G,G,G,G,G,G,G,G,G,G	0	0	0	0	0	0	0	0	0	0	.	0	2	0	5094	884	192	0	76	0	194459	G,G,G,G,G,G,G,G,G,G,G,G,G,G,G,G,G,G,G,G,G,G,G,G,G,G,G,G,G,G,G,G,G,G,G,G,G,G,G,G,G,G,G,G,G,G,G,G,G,G,G,G,G,G,G,G,G,G,G,G,G,G,G,G,G,G,G,G,G,G,G,G,G,G,G,G,G,G,G,G,G,G,G,G,G,G,G,G,G,G,G,G,G,G,G,G,G,G,G,G,G,G,G,G,G,G,G,G,G,G,G,G,G,G,G,G,G,G,G,G,G,G,G,G,G,G,G,G,G,G,G,G,G,G,G,G,G,G,G,G,G,G,G,G,G,G,G,G,G,G,G,G,G,G,G,G,G,G,G,G,G,G,G,G,G,G,G,G,G,G,G,G,G,G,G,G,G,G,G,G,G,G,G,G,G,G,G,G,G,G,G,G	0|0|0|0,0|0|2|76,0|0|0|0,0|0|5094|194459,0|.884|.,.|G,G,G,G,G,G,G,G,G,G,G,G,G,G,G,G,G,G,G,G,G,G,G,G,G,G,G,G,G,G,G,G,G,G,G,G,G,G,G,G,G,G,G,G,G,G,G,G,G,G,G,G,G,G,G,G,G,G,G,G,G,G,G,G,G,G,G,G,G,G,G,G,G,G,G,G,G,G,G,G,G,G,G,G,G,G,G,G,G,G,G,G,G,G,G,G,G,G,G,G,G,G,G,G,G,G,G,G,G,G,G,G,G,G,G,G,G,G,G,G,G,G,G,G,G,G,G,G,G,G,G,G,G,G,G,G,G,G,G,G,G,G,G,G,G,G,G,G,G,G,G,G,G,G,G,G,G,G,G,G,G,G,G,G,G,G,G,G,G,G,G,G,G,G,G,G,G,G,G,G,G,G,G,G,G,G,G,G,G,G,G,G
5HT2cR-ligated-N	164	165	A	5761	5360	401	5360	0	1	0	400	0	205129	0	17	0	.	0	0	0	0	0	0	0	0	0	0	.	5360	0	1	0	400	0	205129	0	17	0	.	0|0|5360|205129,0|0|0|0,0|0|1|17,0|0|0|0,0|.400|.,.|.
5HT2cR-ligated-N	165	166	T	5777	5376	401	0	1	0	5376	400	0	0	39	0	204823	.	0	0	0	0	0	0	0	0	0	0	.	0	1	0	5376	400	0	0	39	0	204823	.	0|0|0|0,0|0|1|39,0|0|0|0,0|0|5376|204823,0|.400|.,.|.
5HT2cR-ligated-N	166	167	G	5777	5762	15	0	0	5762	0	15	0	0	0	219168	0	.	0	0	0	0	0	0	0	0	0	0	.	0	0	5762	0	15	0	0	0	219168	0	.	0|0|0|0,0|0|0|0,0|0|5762|219168,0|0|0|0,0|.15|.,.|.
5HT2cR-ligated-N	167	168	T	5777	5701	76	38	1	37	5701	0	0	1441	39	1433	216301	.	0	0	0	0	0	0	0	0	0	0	.	38	1	37	5701	0	0	1441	39	1433	216301	.	0|0|38|1441,0|0|1|39,0|0|37|1433,0|0|5701|216301,0|.0|.,.|.
5HT2cR-ligated-N	168	169	A	5585	5582	3	5582	0	2	1	0	0	211461	0	74	21	.	0	0	0	0	0	0	0	0	0	0	.	5582	0	2	1	0	0	211461	0	74	21	.	0|0|5582|211461,0|0|0|0,0|0|2|74,0|0|1|21,0|.0|.,.|.
5HT2cR-ligated-N	169	170	C	5423	5423	0	0	5423	0	0	0	0	0	206603	0	0	.	0	0	0	0	0	0	0	0	0	0	.	0	5423	0	0	0	0	0	206603	0	0	.	0|0|0|0,0|0|5423|206603,0|0|0|0,0|0|0|0,0|.0|.,.|.
5HT2cR-ligated-N	170	171	T	4980	4670	310	0	1	0	4670	309	0	0	39	0	178429	.	0	0	0	0	0	0	0	0	0	0	.	0	1	0	4670	309	0	0	39	0	178429	.	0|0|0|0,0|0|1|39,0|0|0|0,0|0|4670|178429,0|.309|.,.|.
5HT2cR-ligated-N	171	172	G	4980	4535	445	0	0	4535	1	444	0	0	0	173491	5	.	0	0	0	0	0	0	0	0	0	0	.	0	0	4535	1	444	0	0	0	173491	5	.	0|0|0|0,0|0|0|0,0|0|4535|173491,0|0|1|5,0|.444|.,.|.
5HT2cR-ligated-N	172	173	T	4652	4605	47	3	0	0	4605	44	0	108	0	0	175959	.	0	0	0	0	0	0	0	0	0	0	.	3	0	0	4605	44	0	108	0	0	175959	.	0|0|3|108,0|0|0|0,0|0|0|0,0|0|4605|175959,0|.44|.,.|.
5HT2cR-ligated-N	173	174	G	4686	4685	1	1	0	4685	0	0	0	2	0	178512	0	.	0	0	34	0	0	0	0	0	1130	0	.	1	0	4651	0	0	0	2	0	177382	0	.	0|0|1|2,0|0|0|0,34|1130|4651|177382,0|0|0|0,0|.0|.,.|.
5HT2cR-ligated-N	174	175	A	4686	4684	2	4684	1	1	0	0	0	179035	2	39	0	.	34	0	0	0	0	0	1105	0	0	0	.	4650	1	1	0	0	0	177930	2	39	0	.	34|1105|4650|177930,0|0|1|2,0|0|1|39,0|0|0|0,0|.0|.,.|.
5HT2cR-ligated-N	175	176	A	4313	4312	1	4312	1	0	0	0	0	160817	2	0	0	.	34	0	0	0	0	0	1106	0	0	0	.	4278	1	0	0	0	0	159711	2	0	0	.	34|1106|4278|159711,0|0|1|2,0|0|0|0,0|0|0|0,0|.0|.,.|.
5HT2cR-ligated-N	176	177	C	4313	4312	1	0	4312	0	1	0	0	0	164225	0	37	.	0	34	0	0	0	0	0	1141	0	0	.	0	4278	0	1	0	0	0	163084	0	37	.	0|0|0|0,34|1141|4278|163084,0|0|0|0,0|0|1|37,0|.0|.,.|.
5HT2cR-ligated-N	177	178	A	4189	4189	0	4189	0	0	0	0	0	160405	0	0	0	.	34	0	0	0	0	0	1247	0	0	0	.	4155	0	0	0	0	0	159158	0	0	0	.	34|1247|4155|159158,0|0|0|0,0|0|0|0,0|0|0|0,0|.0|.,.|.
5HT2cR-ligated-N	178	179	A	4189	4189	0	4189	0	0	0	0	0	158857	0	0	0	.	34	0	0	0	0	0	1283	0	0	0	.	4155	0	0	0	0	0	157574	0	0	0	.	34|1283|4155|157574,0|0|0|0,0|0|0|0,0|0|0|0,0|.0|.,.|.
5HT2cR-ligated-N	179	180	C	4189	4189	0	0	4189	0	0	0	0	0	160135	0	0	.	0	34	0	0	0	0	0	1265	0	0	.	0	4155	0	0	0	0	0	158870	0	0	.	0|0|0|0,34|1265|4155|158870,0|0|0|0,0|0|0|0,0|.0|.,.|.
5HT2cR-ligated-N	180	181	G	4189	4187	2	2	0	4187	0	0	0	77	0	160212	0	.	0	0	34	0	0	0	0	0	1253	0	.	2	0	4153	0	0	0	77	0	158959	0	.	0|0|2|77,0|0|0|0,34|1253|4153|158959,0|0|0|0,0|.0|.,.|.
5HT2cR-ligated-N	181	182	T	3880	3877	3	1	2	0	3877	0	0	3	54	0	148405	.	0	0	0	34	0	0	0	0	0	1233	.	1	2	0	3843	0	0	3	54	0	147172	.	0|0|1|3,0|0|2|54,0|0|0|0,34|1233|3843|147172,0|.0|.,.|.
5HT2cR-ligated-N	182	183	A	3880	3879	1	3879	1	0	0	0	0	148023	5	0	0	.	34	0	0	0	0	0	1278	0	0	0	.	3845	1	0	0	0	0	146745	5	0	0	.	34|1278|3845|146745,0|0|1|5,0|0|0|0,0|0|0|0,0|.0|.,.|.
5HT2cR-ligated-N	183	184	C	3880	3880	0	0	3880	0	0	0	0	0	145863	0	0	.	0	34	0	0	0	0	0	1249	0	0	.	0	3846	0	0	0	0	0	144614	0	0	.	0|0|0|0,34|1249|3846|144614,0|0|0|0,0|0|0|0,0|.0|.,.|.
5HT2cR-ligated-N	184	185	A	3880	3880	0	3880	0	0	0	0	0	148885	0	0	0	.	34	0	0	0	0	0	1273	0	0	0	.	3846	0	0	0	0	0	147612	0	0	0	.	34|1273|3846|147612,0|0|0|0,0|0|0|0,0|0|0|0,0|.0|.,.|.
5HT2cR-ligated-N	185	186	G	3897	3897	0	0	0	3897	0	0	0	0	0	146568	0	.	0	0	34	0	0	0	0	0	1281	0	.	0	0	3863	0	0	0	0	0	145287	0	.	0|0|0|0,0|0|0|0,34|1281|3863|145287,0|0|0|0,0|.0|.,.|.
5HT2cR-ligated-N	186	187	A	3897	3897	0	3897	0	0	0	0	0	146053	0	0	0	.	34	0	0	0	0	0	1288	0	0	0	.	3863	0	0	0	0	0	144765	0	0	0	.	34|1288|3863|144765,0|0|0|0,0|0|0|0,0|0|0|0,0|.0|.,.|.
5HT2cR-ligated-N	187	188	C	3897	3896	1	0	3896	0	1	0	0	0	146705	0	37	.	0	34	0	0	0	0	0	1264	0	0	.	0	3862	0	1	0	0	0	145441	0	37	.	0|0|0|0,34|1264|3862|145441,0|0|0|0,0|0|1|37,0|.0|.,.|.
5HT2cR-ligated-N	188	189	G	3897	3897	0	0	0	3897	0	0	0	0	0	146584	0	.	0	0	34	0	0	0	0	0	1253	0	.	0	0	3863	0	0	0	0	0	145331	0	.	0|0|0|0,0|0|0|0,34|1253|3863|145331,0|0|0|0,0|.0|.,.|.
5HT2cR-ligated-N	189	190	T	3897	3522	375	374	1	0	3522	0	0	14071	2	0	132207	.	0	0	0	34	0	0	0	0	0	1242	.	374	1	0	3488	0	0	14071	2	0	130965	.	0|0|374|14071,0|0|1|2,0|0|0|0,34|1242|3488|130965,0|.0|.,.|.
5HT2cR-ligated-N	190	191	C	3897	3897	0	0	3897	0	0	0	0	0	146670	0	0	.	0	34	0	0	0	0	0	1270	0	0	.	0	3863	0	0	0	0	0	145400	0	0	.	0|0|0|0,34|1270|3863|145400,0|0|0|0,0|0|0|0,0|.0|.,.|.
5HT2cR-ligated-N	191	192	G	3897	3896	1	0	0	3896	1	0	0	0	0	149432	5	.	0	0	34	0	0	0	0	0	1234	0	.	0	0	3862	1	0	0	0	0	148198	5	.	0|0|0|0,0|0|0|0,34|1234|3862|148198,0|0|1|5,0|.0|.,.|.
5HT2cR-ligated-N	192	193	A	3897	3897	0	3897	0	0	0	0	0	148650	0	0	0	.	34	0	0	0	0	0	1260	0	0	0	.	3863	0	0	0	0	0	147390	0	0	0	.	34|1260|3863|147390,0|0|0|0,0|0|0|0,0|0|0|0,0|.0|.,.|.
5HT2cR-ligated-N	193	194	C	3897	3897	0	0	3897	0	0	0	0	0	149721	0	0	.	0	34	0	0	0	0	0	1281	0	0	.	0	3863	0	0	0	0	0	148440	0	0	.	0|0|0|0,34|1281|3863|148440,0|0|0|0,0|0|0|0,0|.0|.,.|.
5HT2cR-ligated-N	194	195	T	3897	3874	23	23	0	0	3874	0	0	851	0	0	148809	.	0	0	0	34	0	0	0	0	0	1282	.	23	0	0	3840	0	0	851	0	0	147527	.	0|0|23|851,0|0|0|0,0|0|0|0,34|1282|3840|147527,0|.0|.,.|.
5HT2cR-ligated-N	195	196	G	3897	3896	1	1	0	3896	0	0	0	39	0	149753	0	.	0	0	34	0	0	0	0	0	1276	0	.	1	0	3862	0	0	0	39	0	148477	0	.	0|0|1|39,0|0|0|0,34|1276|3862|148477,0|0|0|0,0|.0|.,.|.
5HT2cR-ligated-N	196	197	G	3897	3895	2	0	2	3895	0	0	0	0	56	149145	0	.	0	0	34	0	0	0	0	0	1305	0	.	0	2	3861	0	0	0	0	56	147840	0	.	0|0|0|0,0|0|2|56,34|1305|3861|147840,0|0|0|0,0|.0|.,.|.
5HT2cR-ligated-N	197	198	T	3897	3511	386	385	0	1	3511	0	0	14881	0	39	134558	.	0	0	0	34	0	0	0	0	0	1263	.	385	0	1	3477	0	0	14881	0	39	133295	.	0|0|385|14881,0|0|0|0,0|0|1|39,34|1263|3477|133295,0|.0|.,.|.
5HT2cR-ligated-N	198	199	A	3874	3874	0	3874	0	0	0	0	0	149059	0	0	0	.	34	0	0	0	0	0	1298	0	0	0	.	3840	0	0	0	0	0	147761	0	0	0	.	34|1298|3840|147761,0|0|0|0,0|0|0|0,0|0|0|0,0|.0|.,.|.
5HT2cR-ligated-N	199	200	A	3874	3872	2	3872	0	1	1	0	0	147925	0	33	37	.	34	0	0	0	0	0	1315	0	0	0	.	3838	0	1	1	0	0	146610	0	33	37	.	34|1315|3838|146610,0|0|0|0,0|0|1|33,0|0|1|37,0|.0|.,.|.
5HT2cR-ligated-N	200	201	C	3874	3874	0	0	3874	0	0	0	0	0	148745	0	0	.	0	34	0	0	0	0	0	1275	0	0	.	0	3840	0	0	0	0	0	147470	0	0	.	0|0|0|0,34|1275|3840|147470,0|0|0|0,0|0|0|0,0|.0|.,.|.
5HT2cR-ligated-N	201	202	A	3874	3873	1	3873	0	0	0	1	0	147899	0	0	0	.	34	0	0	0	0	0	1292	0	0	0	.	3839	0	0	0	1	0	146607	0	0	0	.	34|1292|3839|146607,0|0|0|0,0|0|0|0,0|0|0|0,0|.1|.,.|.
5HT2cR-ligated-N	202	203	T	3874	2900	974	1	0	1	2900	972	0	37	0	38	109109	.	0	0	0	34	0	0	0	0	0	1315	.	1	0	1	2866	972	0	37	0	38	107794	.	0|0|1|37,0|0|0|0,0|0|1|38,34|1315|2866|107794,0|.972|.,.|.
5HT2cR-ligated-N	203	204	T	3874	3645	229	0	1	1	3645	227	0	0	17	13	136762	.	0	0	0	34	0	0	0	0	0	1319	.	0	1	1	3611	227	0	0	17	13	135443	.	0|0|0|0,0|0|1|17,0|0|1|13,34|1319|3611|135443,0|.227|.,.|.
5HT2cR-ligated-N	204	205	T	3769	3769	0	0	0	0	3769	0	0	0	0	0	141384	.	0	0	0	34	0	0	0	0	0	1325	.	0	0	0	3735	0	0	0	0	0	140059	.	0|0|0|0,0|0|0|0,0|0|0|0,34|1325|3735|140059,0|.0|.,.|.
5HT2cR-ligated-N	205	206	G	3769	3769	0	0	0	3769	0	0	0	0	0	141448	0	.	0	0	34	0	0	0	0	0	1312	0	.	0	0	3735	0	0	0	0	0	140136	0	.	0|0|0|0,0|0|0|0,34|1312|3735|140136,0|0|0|0,0|.0|.,.|.
5HT2cR-ligated-N	206	207	C	3769	3768	1	0	3768	1	0	0	0	0	141451	4	0	.	0	34	0	0	0	0	0	1314	0	0	.	0	3734	1	0	0	0	0	140137	4	0	.	0|0|0|0,34|1314|3734|140137,0|0|1|4,0|0|0|0,0|.0|.,.|.
5HT2cR-ligated-N	207	208	G	3769	3767	2	1	0	3767	1	0	0	38	0	142530	3	.	0	0	34	0	0	0	0	0	1274	0	.	1	0	3733	1	0	0	38	0	141256	3	.	0|0|1|38,0|0|0|0,34|1274|3733|141256,0|0|1|3,0|.0|.,.|.
5HT2cR-ligated-N	208	209	T	3769	3419	350	34	0	0	3419	316	0	1313	0	0	130038	.	0	0	0	34	0	0	0	0	0	1241	.	34	0	0	3385	316	0	1313	0	0	128797	.	0|0|34|1313,0|0|0|0,0|0|0|0,34|1241|3385|128797,0|.316|.,.|.
5HT2cR-ligated-N	209	210	T	3769	3764	5	1	0	0	3764	4	0	32	0	0	142864	.	0	0	0	34	0	0	0	0	0	1269	.	1	0	0	3730	4	0	32	0	0	141595	.	0|0|1|32,0|0|0|0,0|0|0|0,34|1269|3730|141595,0|.4|.,.|.
5HT2cR-ligated-N	210	211	T	3769	3767	2	0	1	1	3767	0	0	0	38	38	141451	.	0	0	0	34	0	0	0	0	0	1271	.	0	1	1	3733	0	0	0	38	38	140180	.	0|0|0|0,0|0|1|38,0|0|1|38,34|1271|3733|140180,0|.0|.,.|.
5HT2cR-ligated-N	211	212	G	3769	3765	4	2	0	3765	2	0	0	76	0	141306	20	.	0	0	34	0	0	0	0	0	1266	0	.	2	0	3731	2	0	0	76	0	140040	20	.	0|0|2|76,0|0|0|0,34|1266|3731|140040,0|0|2|20,0|.0|.,.|.
5HT2cR-ligated-N	212	213	A	3769	3769	0	3769	0	0	0	0	0	141156	0	0	0	.	34	0	0	0	0	0	1316	0	0	0	.	3735	0	0	0	0	0	139840	0	0	0	.	34|1316|3735|139840,0|0|0|0,0|0|0|0,0|0|0|0,0|.0|.,.|.
5HT2cR-ligated-N	213	214	T	3769	3767	2	0	2	0	3767	0	0	0	52	0	136804	.	0	0	0	34	0	0	0	0	0	1314	.	0	2	0	3733	0	0	0	52	0	135490	.	0|0|0|0,0|0|2|52,0|0|0|0,34|1314|3733|135490,0|.0|.,.|.
5HT2cR-ligated-N	214	215	C	3769	3768	1	0	3768	0	1	0	0	0	137241	0	37	.	0	34	0	0	0	0	0	1309	0	0	.	0	3734	0	1	0	0	0	135932	0	37	.	0|0|0|0,34|1309|3734|135932,0|0|0|0,0|0|1|37,0|.0|.,.|.
5HT2cR-ligated-N	215	216	G	3769	3769	0	0	0	3769	0	0	0	0	0	139056	0	.	0	0	34	0	0	0	0	0	1276	0	.	0	0	3735	0	0	0	0	0	137780	0	.	0|0|0|0,0|0|0|0,34|1276|3735|137780,0|0|0|0,0|.0|.,.|.
5HT2cR-ligated-N	216	217	G	3768	3768	0	0	0	3768	0	0	0	0	0	138833	0	.	0	0	34	0	0	0	0	0	1260	0	.	0	0	3734	0	0	0	0	0	137573	0	.	0|0|0|0,0|0|0|0,34|1260|3734|137573,0|0|0|0,0|.0|.,.|.
5HT2cR-ligated-N	217	218	G	3763	3763	0	0	0	3763	0	0	0	0	0	138123	0	.	0	0	34	0	0	0	0	0	1217	0	.	0	0	3729	0	0	0	0	0	136906	0	.	0|0|0|0,0|0|0|0,34|1217|3729|136906,0|0|0|0,0|.0|.,.|.
