chrom	start	end	ref	depth	r_depth	a_depth	num_A	num_C	num_G	num_T	num_D	num_I	totQ_A	totQ_C	totQ_G	totQ_T	all_ins	num_F_A	num_F_C	num_F_G	num_F_T	num_F_D	num_F_I	totQ_F_A	totQ_F_C	totQ_F_G	totQ_F_T	all_F_ins	num_R_A	num_R_C	num_R_G	num_R_T	num_R_D	num_R_I	totQ_R_A	totQ_R_C	totQ_R_G	totQ_R_T	all_R_ins	sample_1
5HT2cR-ligated-N	0	1	G	391	391	0	0	0	391	0	0	0	0	0	13486	0	.	0	0	0	0	0	0	0	0	0	0	.	0	0	391	0	0	0	0	0	13486	0	.	0|0|0|0,0|0|0|0,0|0|391|13486,0|0|0|0,0|.0|.,.|.
5HT2cR-ligated-N	1	2	G	391	391	0	0	0	391	0	0	0	0	0	13532	0	.	0	0	0	0	0	0	0	0	0	0	.	0	0	391	0	0	0	0	0	13532	0	.	0|0|0|0,0|0|0|0,0|0|391|13532,0|0|0|0,0|.0|.,.|.
5HT2cR-ligated-N	2	3	C	396	396	0	0	396	0	0	0	0	0	13708	0	0	.	0	0	0	0	0	0	0	0	0	0	.	0	396	0	0	0	0	0	13708	0	0	.	0|0|0|0,0|0|396|13708,0|0|0|0,0|0|0|0,0|.0|.,.|.
5HT2cR-ligated-N	3	4	T	410	312	98	18	1	79	312	0	1	636	39	2754	10930	.G	0	0	0	0	0	0	0	0	0	0	.	18	1	79	312	0	1	636	39	2754	10930	G	0|0|18|636,0|0|1|39,0|0|79|2754,0|0|312|10930,0|.0|.,.|G
5HT2cR-ligated-N	4	5	G	599	583	16	1	0	583	8	7	0	38	0	21196	303	.	0	0	0	0	0	0	0	0	0	0	.	1	0	583	8	7	0	38	0	21196	303	.	0|0|1|38,0|0|0|0,0|0|583|21196,0|0|8|303,0|.7|.,.|.
5HT2cR-ligated-N	5	6	G	615	608	7	2	0	608	5	0	1	76	0	22297	190	.A	0	0	0	0	0	0	0	0	0	0	.	2	0	608	5	0	1	76	0	22297	190	A	0|0|2|76,0|0|0|0,0|0|608|22297,0|0|5|190,0|.0|.,.|A
5HT2cR-ligated-N	6	7	A	639	635	4	635	0	0	3	1	0	23349	0	0	113	.	0	0	0	0	0	0	0	0	0	0	.	635	0	0	3	1	0	23349	0	0	113	.	0|0|635|23349,0|0|0|0,0|0|0|0,0|0|3|113,0|.1|.,.|.
5HT2cR-ligated-N	7	8	T	643	600	43	20	1	19	600	3	0	723	38	694	22114	.	0	0	0	0	0	0	0	0	0	0	.	20	1	19	600	3	0	723	38	694	22114	.	0|0|20|723,0|0|1|38,0|0|19|694,0|0|600|22114,0|.3|.,.|.
5HT2cR-ligated-N	8	9	C	657	655	2	0	655	0	0	2	1	0	24489	0	0	.G	0	0	0	0	0	0	0	0	0	0	.	0	655	0	0	2	1	0	24489	0	0	G	0|0|0|0,0|0|655|24489,0|0|0|0,0|0|0|0,0|.2|.,.|G
5HT2cR-ligated-N	9	10	G	694	664	30	2	0	664	8	20	1	76	0	24841	304	.A	0	0	0	0	0	0	0	0	0	0	.	2	0	664	8	20	1	76	0	24841	304	A	0|0|2|76,0|0|0|0,0|0|664|24841,0|0|8|304,0|.20|.,.|A
5HT2cR-ligated-N	10	11	G	699	682	17	2	2	682	8	5	0	77	77	25630	300	.	0	0	0	0	0	0	0	0	0	0	.	2	2	682	8	5	0	77	77	25630	300	.	0|0|2|77,0|0|2|77,0|0|682|25630,0|0|8|300,0|.5|.,.|.
5HT2cR-ligated-N	11	12	T	701	661	40	15	1	6	661	18	2	571	38	198	24021	.A,A	0	0	0	0	0	0	0	0	0	0	.	15	1	6	661	18	2	571	38	198	24021	A,A	0|0|15|571,0|0|1|38,0|0|6|198,0|0|661|24021,0|.18|.,.|A,A
5HT2cR-ligated-N	12	13	A	706	695	11	695	0	1	0	10	0	25945	0	38	0	.	0	0	0	0	0	0	0	0	0	0	.	695	0	1	0	10	0	25945	0	38	0	.	0|0|695|25945,0|0|0|0,0|0|1|38,0|0|0|0,0|.10|.,.|.
5HT2cR-ligated-N	13	14	T	709	667	42	5	4	21	667	12	1	189	149	776	25055	.C	0	0	0	0	0	0	0	0	0	0	.	5	4	21	667	12	1	189	149	776	25055	C	0|0|5|189,0|0|4|149,0|0|21|776,0|0|667|25055,0|.12|.,.|C
5HT2cR-ligated-N	14	15	G	725	697	28	3	0	697	8	17	0	116	0	26400	309	.	0	0	0	0	0	0	0	0	0	0	.	3	0	697	8	17	0	116	0	26400	309	.	0|0|3|116,0|0|0|0,0|0|697|26400,0|0|8|309,0|.17|.,.|.
5HT2cR-ligated-N	15	16	T	725	678	47	7	2	7	678	31	3	270	77	269	25652	.A,G,A	0	0	0	0	0	0	0	0	0	0	.	7	2	7	678	31	3	270	77	269	25652	A,G,A	0|0|7|270,0|0|2|77,0|0|7|269,0|0|678|25652,0|.31|.,.|A,G,A
5HT2cR-ligated-N	16	17	A	730	718	12	718	0	0	1	11	4	27110	0	0	39	.C,T,T,G	0	0	0	0	0	0	0	0	0	0	.	718	0	0	1	11	4	27110	0	0	39	C,T,T,G	0|0|718|27110,0|0|0|0,0|0|0|0,0|0|1|39,0|.11|.,.|C,T,T,G
5HT2cR-ligated-N	17	18	G	731	708	23	4	1	708	1	17	0	151	38	26776	38	.	0	0	0	0	0	0	0	0	0	0	.	4	1	708	1	17	0	151	38	26776	38	.	0|0|4|151,0|0|1|38,0|0|708|26776,0|0|1|38,0|.17|.,.|.
5HT2cR-ligated-N	18	19	C	731	644	87	0	644	1	2	84	2	0	24544	38	74	.A,A	0	0	0	0	0	0	0	0	0	0	.	0	644	1	2	84	2	0	24544	38	74	A,A	0|0|0|0,0|0|644|24544,0|0|1|38,0|0|2|74,0|.84|.,.|A,A
5HT2cR-ligated-N	19	20	A	733	595	138	595	1	0	16	121	13	22527	14	0	591	.G,G,G,G,G,G,G,G,G,T,G,G,G	0	0	0	0	0	0	0	0	0	0	.	595	1	0	16	121	13	22527	14	0	591	G,G,G,G,G,G,G,G,G,T,G,G,G	0|0|595|22527,0|0|1|14,0|0|0|0,0|0|16|591,0|.121|.,.|G,G,G,G,G,G,G,G,G,T,G,G,G
5HT2cR-ligated-N	20	21	N	733	0	733	97	20	64	385	167	0	3724	725	2451	14634	.	0	0	0	0	0	0	0	0	0	0	.	97	20	64	385	167	0	3724	725	2451	14634	.	0|0|97|3724,0|0|20|725,0|0|64|2451,0|0|385|14634,0|.167|.,.|.
5HT2cR-ligated-N	21	22	T	741	720	21	0	2	5	720	14	1	0	51	193	27446	.A	0	0	0	0	0	0	0	0	0	0	.	0	2	5	720	14	1	0	51	193	27446	A	0|0|0|0,0|0|2|51,0|0|5|193,0|0|720|27446,0|.14|.,.|A
5HT2cR-ligated-N	22	23	N	741	0	741	727	3	1	3	7	0	27563	114	37	113	.	0	0	0	0	0	0	0	0	0	0	.	727	3	1	3	7	0	27563	114	37	113	.	0|0|727|27563,0|0|3|114,0|0|1|37,0|0|3|113,0|.7|.,.|.
5HT2cR-ligated-N	23	24	C	742	739	3	0	739	0	0	3	1	0	28095	0	0	.G	0	0	0	0	0	0	0	0	0	0	.	0	739	0	0	3	1	0	28095	0	0	G	0|0|0|0,0|0|739|28095,0|0|0|0,0|0|0|0,0|.3|.,.|G
5HT2cR-ligated-N	24	25	G	748	731	17	6	2	731	5	4	0	226	76	27644	193	.	0	0	0	0	0	0	0	0	0	0	.	6	2	731	5	4	0	226	76	27644	193	.	0|0|6|226,0|0|2|76,0|0|731|27644,0|0|5|193,0|.4|.,.|.
5HT2cR-ligated-N	25	26	T	748	690	58	49	0	3	690	6	4	1852	0	114	25992	.A,A,AC,AC	0	0	0	0	0	0	0	0	0	0	.	49	0	3	690	6	4	1852	0	114	25992	A,A,AC,AC	0|0|49|1852,0|0|0|0,0|0|3|114,0|0|690|25992,0|.6|.,.|A,A,AC,AC
5HT2cR-ligated-N	26	27	N	748	0	748	741	2	2	1	2	0	28133	76	74	36	.	0	0	0	0	0	0	0	0	0	0	.	741	2	2	1	2	0	28133	76	74	36	.	0|0|741|28133,0|0|2|76,0|0|2|74,0|0|1|36,0|.2|.,.|.
5HT2cR-ligated-N	27	28	N	748	0	748	733	9	1	2	3	0	27894	346	35	74	.	0	0	0	0	0	0	0	0	0	0	.	733	9	1	2	3	0	27894	346	35	74	.	0|0|733|27894,0|0|9|346,0|0|1|35,0|0|2|74,0|.3|.,.|.
5HT2cR-ligated-N	28	29	T	759	688	71	18	37	6	688	10	1	664	1381	208	25860	.C	0	0	0	0	0	0	0	0	0	0	.	18	37	6	688	10	1	664	1381	208	25860	C	0|0|18|664,0|0|37|1381,0|0|6|208,0|0|688|25860,0|.10|.,.|C
5HT2cR-ligated-N	29	30	C	767	761	6	1	761	0	1	4	0	38	29104	0	39	.	0	0	0	0	0	0	0	0	0	0	.	1	761	0	1	4	0	38	29104	0	39	.	0|0|1|38,0|0|761|29104,0|0|0|0,0|0|1|39,0|.4|.,.|.
5HT2cR-ligated-N	30	31	C	768	762	6	2	762	0	2	2	3	77	29213	0	55	.T,TA,AA	0	0	0	0	0	0	0	0	0	0	.	2	762	0	2	2	3	77	29213	0	55	T,TA,AA	0|0|2|77,0|0|762|29213,0|0|0|0,0|0|2|55,0|.2|.,.|T,TA,AA
5HT2cR-ligated-N	31	32	T	773	725	48	10	2	10	725	26	3	389	77	378	27744	.A,A,AATGAGCAAGCCG	0	0	0	0	0	0	0	0	0	0	.	10	2	10	725	26	3	389	77	378	27744	A,A,AATGAGCAAGCCG	0|0|10|389,0|0|2|77,0|0|10|378,0|0|725|27744,0|.26|.,.|A,A,AATGAGCAAGCCG
5HT2cR-ligated-N	32	33	N	773	0	773	738	8	5	5	17	0	28032	309	188	192	.	0	0	0	0	0	0	0	0	0	0	.	738	8	5	5	17	0	28032	309	188	192	.	0|0|738|28032,0|0|8|309,0|0|5|188,0|0|5|192,0|.17|.,.|.
5HT2cR-ligated-N	33	34	T	778	731	47	16	3	9	731	19	1	605	114	346	27893	.G	0	0	0	0	0	0	0	0	0	0	.	16	3	9	731	19	1	605	114	346	27893	G	0|0|16|605,0|0|3|114,0|0|9|346,0|0|731|27893,0|.19|.,.|G
5HT2cR-ligated-N	34	35	T	782	721	61	15	3	32	721	11	4	551	116	1208	27603	.G,G,G,G	0	0	0	0	0	0	0	0	0	0	.	15	3	32	721	11	4	551	116	1208	27603	G,G,G,G	0|0|15|551,0|0|3|116,0|0|32|1208,0|0|721|27603,0|.11|.,.|G,G,G,G
5HT2cR-ligated-N	35	36	G	811	789	22	3	0	789	8	11	4	114	0	30008	308	.CAT,A,AGCATAGCC,A	0	0	0	0	0	0	0	0	0	0	.	3	0	789	8	11	4	114	0	30008	308	CAT,A,AGCATAGCC,A	0|0|3|114,0|0|0|0,0|0|789|30008,0|0|8|308,0|.11|.,.|CAT,A,AGCATAGCC,A
5HT2cR-ligated-N	36	37	A	814	800	14	800	0	2	1	11	2	30444	0	41	37	.GCATAGCC,G	0	0	0	0	0	0	0	0	0	0	.	800	0	2	1	11	2	30444	0	41	37	GCATAGCC,G	0|0|800|30444,0|0|0|0,0|0|2|41,0|0|1|37,0|.11|.,.|GCATAGCC,G
5HT2cR-ligated-N	37	38	G	820	775	45	11	2	775	10	22	7	425	41	29417	382	.CATAGC,CATAGC,CATAGC,CAAGC,CAGC,C,CATAGC	0	0	0	0	0	0	0	0	0	0	.	11	2	775	10	22	7	425	41	29417	382	CATAGC,CATAGC,CATAGC,CAAGC,CAGC,C,CATAGC	0|0|11|425,0|0|2|41,0|0|775|29417,0|0|10|382,0|.22|.,.|CATAGC,CATAGC,CATAGC,CAAGC,CAGC,C,CATAGC
5HT2cR-ligated-N	38	39	C	821	790	31	1	790	1	1	28	1	37	29996	39	39	.A	0	0	0	0	0	0	0	0	0	0	.	1	790	1	1	28	1	37	29996	39	39	A	0|0|1|37,0|0|790|29996,0|0|1|39,0|0|1|39,0|.28|.,.|A
5HT2cR-ligated-N	39	40	A	826	765	61	765	0	4	6	51	0	29090	0	136	230	.	0	0	0	0	0	0	0	0	0	0	.	765	0	4	6	51	0	29090	0	136	230	.	0|0|765|29090,0|0|0|0,0|0|4|136,0|0|6|230,0|.51|.,.|.
5HT2cR-ligated-N	40	41	T	832	725	107	9	4	29	725	65	6	344	149	1105	27580	.AGCC,AGCCAG,AGCCG,G,G,AGCC	0	0	0	0	0	0	0	0	0	0	.	9	4	29	725	65	6	344	149	1105	27580	AGCC,AGCCAG,AGCCG,G,G,AGCC	0|0|9|344,0|0|4|149,0|0|29|1105,0|0|725|27580,0|.65|.,.|AGCC,AGCCAG,AGCCG,G,G,AGCC
5HT2cR-ligated-N	41	42	A	834	791	43	791	3	0	1	39	5	30013	114	0	39	.G,GCC,TT,G,G	0	0	0	0	0	0	0	0	0	0	.	791	3	0	1	39	5	30013	114	0	39	G,GCC,TT,G,G	0|0|791|30013,0|0|3|114,0|0|0|0,0|0|1|39,0|.39|.,.|G,GCC,TT,G,G
5HT2cR-ligated-N	42	43	G	839	778	61	0	12	778	1	48	9	0	457	29580	37	.C,C,C,GA,CC,C,CC,C,C	0	0	0	0	0	0	0	0	0	0	.	0	12	778	1	48	9	0	457	29580	37	C,C,C,GA,CC,C,CC,C,C	0|0|0|0,0|0|12|457,0|0|778|29580,0|0|1|37,0|.48|.,.|C,C,C,GA,CC,C,CC,C,C
5HT2cR-ligated-N	43	44	C	851	751	100	1	751	0	3	96	7	37	28480	0	115	.CATAG,TAG,CCAG,A,CATAG,GCCG,CATAG	0	0	0	0	0	0	0	0	0	0	.	1	751	0	3	96	7	37	28480	0	115	CATAG,TAG,CCAG,A,CATAG,GCCG,CATAG	0|0|1|37,0|0|751|28480,0|0|0|0,0|0|3|115,0|.96|.,.|CATAG,TAG,CCAG,A,CATAG,GCCG,CATAG
5HT2cR-ligated-N	44	45	C	880	818	62	3	818	7	0	52	37	115	30999	265	0	.G,CCCGCGAA,G,G,CCTATTGA,GA,CCAG,AA,CTATA,ATA,G,G,CCCGA,A,A,G,TATA,TGAGGCATA,A,G,G,ATAGCCGATA,GG,AGCG,A,GA,A,TTGATCGGGA,GACTCACTTA,A,GTA,A,AG,GA,ATAGCCGA,G,G	0	7	0	0	0	0	0	246	0	0	.	3	811	7	0	52	37	115	30753	265	0	G,CCCGCGAA,G,G,CCTATTGA,GA,CCAG,AA,CTATA,ATA,G,G,CCCGA,A,A,G,TATA,TGAGGCATA,A,G,G,ATAGCCGATA,GG,AGCG,A,GA,A,TTGATCGGGA,GACTCACTTA,A,GTA,A,AG,GA,ATAGCCGA,G,G	0|0|3|115,7|246|811|30753,0|0|7|265,0|0|0|0,0|.52|.,.|G,CCCGCGAA,G,G,CCTATTGA,GA,CCAG,AA,CTATA,ATA,G,G,CCCGA,A,A,G,TATA,TGAGGCATA,A,G,G,ATAGCCGATA,GG,AGCG,A,GA,A,TTGATCGGGA,GACTCACTTA,A,GTA,A,AG,GA,ATAGCCGA,G,G
5HT2cR-ligated-N	45	46	G	2553	2481	72	2	4	2481	11	55	6	78	154	89731	421	.GTTTCCGCGAATAGA,AGCAAA,CC,ACACACTATA,CC,CACTATA	0	0	139	0	0	0	0	0	5251	0	.	2	4	2342	11	55	6	78	154	84480	421	GTTTCCGCGAATAGA,AGCAAA,CC,ACACACTATA,CC,CACTATA	0|0|2|78,0|0|4|154,139|5251|2342|84480,0|0|11|421,0|.55|.,.|GTTTCCGCGAATAGA,AGCAAA,CC,ACACACTATA,CC,CACTATA
5HT2cR-ligated-N	46	47	G	2579	2518	61	0	6	2518	31	24	7	0	223	91157	1153	.T,T,CC,T,C,T,T	0	0	148	0	0	0	0	0	5571	0	.	0	6	2370	31	24	7	0	223	85586	1153	T,T,CC,T,C,T,T	0|0|0|0,0|0|6|223,148|5571|2370|85586,0|0|31|1153,0|.24|.,.|T,T,CC,T,C,T,T
5HT2cR-ligated-N	47	48	T	2599	2517	82	5	2	10	2517	65	3	193	75	267	89965	.A,CCAA,CC	0	0	2	147	0	0	0	0	17	5259	.	5	2	8	2370	65	3	193	75	250	84706	A,CCAA,CC	0|0|5|193,0|0|2|75,2|17|8|250,147|5259|2370|84706,0|.65|.,.|A,CCAA,CC
5HT2cR-ligated-N	48	49	T	2749	2579	170	125	9	11	2579	25	2	4389	324	376	93331	.A,AGC	0	0	0	152	0	0	0	0	0	5615	.	125	9	11	2427	25	2	4389	324	376	87716	A,AGC	0|0|125|4389,0|0|9|324,0|0|11|376,152|5615|2427|87716,0|.25|.,.|A,AGC
5HT2cR-ligated-N	49	50	T	2843	2572	271	149	15	96	2572	11	3	5522	562	3576	95596	.C,A,C	0	0	0	152	0	0	0	0	0	5717	.	149	15	96	2420	11	3	5522	562	3576	89879	C,A,C	0|0|149|5522,0|0|15|562,0|0|96|3576,152|5717|2420|89879,0|.11|.,.|C,A,C
5HT2cR-ligated-N	50	51	C	2889	2875	14	3	2875	0	1	10	0	116	108789	0	38	.	2	149	0	1	0	0	77	5626	0	38	.	1	2726	0	0	10	0	39	103163	0	0	.	2|77|1|39,149|5626|2726|103163,0|0|0|0,1|38|0|0,0|.10|.,.|.
5HT2cR-ligated-N	51	52	A	2891	2823	68	2823	7	1	3	57	0	107229	267	36	115	.	138	5	1	2	6	0	5267	189	36	77	.	2685	2	0	1	51	0	101962	78	0	38	.	138|5267|2685|101962,5|189|2|78,1|36|0|0,2|77|1|38,6|.51|.,.|.
5HT2cR-ligated-N	52	53	A	2906	2879	27	2879	2	4	7	14	0	108873	56	151	261	.	149	1	1	2	1	0	5605	39	38	72	.	2730	1	3	5	13	0	103268	17	113	189	.	149|5605|2730|103268,1|39|1|17,1|38|3|113,2|72|5|189,1|.13|.,.|.
5HT2cR-ligated-N	53	54	T	2921	2790	131	33	17	14	2790	67	0	1259	644	532	105730	.	2	0	0	154	0	0	77	0	0	5867	.	31	17	14	2636	67	0	1182	644	532	99863	.	2|77|31|1182,0|0|17|644,0|0|14|532,154|5867|2636|99863,0|.67|.,.|.
5HT2cR-ligated-N	54	55	T	2934	2744	190	105	10	68	2744	7	0	3985	383	2541	104044	.	0	0	0	158	0	0	0	0	0	6014	.	105	10	68	2586	7	0	3985	383	2541	98030	.	0|0|105|3985,0|0|10|383,0|0|68|2541,158|6014|2586|98030,0|.7|.,.|.
5HT2cR-ligated-N	55	56	C	2939	2895	44	0	2895	1	5	38	0	0	109636	37	165	.	0	151	0	2	5	0	0	5723	0	72	.	0	2744	1	3	33	0	0	103913	37	93	.	0|0|0|0,151|5723|2744|103913,0|0|1|37,2|72|3|93,5|.33|.,.|.
5HT2cR-ligated-N	56	57	G	2951	2873	78	8	9	2873	19	42	1	275	299	107862	724	.C	0	0	154	0	5	0	0	0	5627	0	.	8	9	2719	19	37	1	275	299	102235	724	C	0|0|8|275,0|0|9|299,154|5627|2719|102235,0|0|19|724,5|.37|.,.|C
5HT2cR-ligated-N	57	58	C	2958	2939	19	2	2939	0	3	14	2	34	110418	0	94	.G,G	0	160	0	0	2	0	0	5872	0	0	.	2	2779	0	3	12	2	34	104546	0	94	G,G	0|0|2|34,160|5872|2779|104546,0|0|0|0,0|0|3|94,2|.12|.,.|G,G
5HT2cR-ligated-N	58	59	G	3121	3067	54	4	3	3067	18	29	1	144	92	114919	653	.A	0	1	162	0	0	0	0	16	5941	0	.	4	2	2905	18	29	1	144	76	108978	653	A	0|0|4|144,1|16|2|76,162|5941|2905|108978,0|0|18|653,0|.29|.,.|A
5HT2cR-ligated-N	59	60	G	3124	3077	47	6	8	3077	17	16	0	203	271	115258	642	.	0	0	164	0	0	0	0	0	5934	0	.	6	8	2913	17	16	0	203	271	109324	642	.	0|0|6|203,0|0|8|271,164|5934|2913|109324,0|0|17|642,0|.16|.,.|.
5HT2cR-ligated-N	60	61	A	3129	3057	72	3057	7	4	13	48	1	114058	251	94	491	.C	155	7	2	5	1	0	5643	251	68	189	.	2902	0	2	8	47	1	108415	0	26	302	C	155|5643|2902|108415,7|251|0|0,2|68|2|26,5|189|8|302,1|.47|.,.|C
5HT2cR-ligated-N	61	62	C	3133	3035	98	5	3035	0	8	85	1	189	113411	0	281	.T	5	164	0	0	2	0	189	6008	0	0	.	0	2871	0	8	83	1	0	107403	0	281	T	5|189|0|0,164|6008|2871|107403,0|0|0|0,0|0|8|281,2|.83|.,.|T
5HT2cR-ligated-N	62	63	T	3136	2908	228	130	5	42	2908	51	1	4939	169	1568	109750	.	0	1	0	168	2	1	0	39	0	6236	A	130	4	42	2740	49	0	4939	130	1568	103514	.	0|0|130|4939,1|39|4|130,0|0|42|1568,168|6236|2740|103514,2|.49|.,A|.
5HT2cR-ligated-N	63	64	A	3147	3106	41	3106	9	2	3	27	2	118598	348	76	115	.G,C	157	9	0	2	4	0	5935	348	0	78	.	2949	0	2	1	23	2	112663	0	76	37	G,C	157|5935|2949|112663,9|348|0|0,0|0|2|76,2|78|1|37,4|.23|.,.|G,C
5HT2cR-ligated-N	64	65	A	3147	3111	36	3111	4	17	7	8	0	117729	131	632	267	.	166	2	0	4	0	0	6208	78	0	150	.	2945	2	17	3	8	0	111521	53	632	117	.	166|6208|2945|111521,2|78|2|53,0|0|17|632,4|150|3|117,0|.8|.,.|.
5HT2cR-ligated-N	65	66	G	3205	3132	73	11	11	3132	28	23	1	423	383	118207	1054	.C	0	0	172	0	0	0	0	0	6427	0	.	11	11	2960	28	23	1	423	383	111780	1054	C	0|0|11|423,0|0|11|383,172|6427|2960|111780,0|0|28|1054,0|.23|.,.|C
5HT2cR-ligated-N	66	67	G	3207	3107	100	11	50	3107	37	2	0	380	1877	117072	1375	.	0	0	172	0	0	0	0	0	6249	0	.	11	50	2935	37	2	0	380	1877	110823	1375	.	0|0|11|380,0|0|50|1877,172|6249|2935|110823,0|0|37|1375,0|.2|.,.|.
5HT2cR-ligated-N	67	68	C	3209	3185	24	0	3185	2	4	18	0	0	120765	78	131	.	0	170	2	0	3	0	0	6265	78	0	.	0	3015	0	4	15	0	0	114500	0	131	.	0|0|0|0,170|6265|3015|114500,2|78|0|0,0|0|4|131,3|.15|.,.|.
5HT2cR-ligated-N	68	69	C	3225	3127	98	2	3127	6	1	89	0	53	119081	202	37	.	1	166	3	0	5	0	39	6152	111	0	.	1	2961	3	1	84	0	14	112929	91	37	.	1|39|1|14,166|6152|2961|112929,3|111|3|91,0|0|1|37,5|.84|.,.|.
5HT2cR-ligated-N	69	70	A	3229	3111	118	3111	10	4	10	94	1	118641	378	139	381	.T	161	8	0	1	5	0	6140	302	0	37	.	2950	2	4	9	89	1	112501	76	139	344	T	161|6140|2950|112501,8|302|2|76,0|0|4|139,1|37|9|344,5|.89|.,.|T
5HT2cR-ligated-N	70	71	T	3236	2952	284	83	15	80	2952	106	1	3145	543	3042	112878	.ACGTAATCCTATTGAGCATAG	0	0	0	171	5	0	0	0	0	6502	.	83	15	80	2781	101	1	3145	543	3042	106376	ACGTAATCCTATTGAGCATAG	0|0|83|3145,0|0|15|543,0|0|80|3042,171|6502|2781|106376,5|.101|.,.|ACGTAATCCTATTGAGCATAG
5HT2cR-ligated-N	71	72	C	3266	3243	23	0	3243	4	2	17	0	0	123881	153	78	.	0	173	4	0	1	0	0	6566	153	0	.	0	3070	0	2	16	0	0	117315	0	78	.	0|0|0|0,173|6566|3070|117315,4|153|0|0,0|0|2|78,1|.16|.,.|.
5HT2cR-ligated-N	72	73	A	3267	3221	46	3221	11	2	5	28	3	123281	373	49	191	.T,T,T	166	8	0	2	4	0	6269	307	0	78	.	3055	3	2	3	24	3	117012	66	49	113	T,T,T	166|6269|3055|117012,8|307|3|66,0|0|2|49,2|78|3|113,4|.24|.,.|T,T,T
5HT2cR-ligated-N	73	74	T	3269	2978	291	46	8	171	2978	66	3	1763	310	6566	114109	.C,C,C	1	0	0	180	1	0	38	0	0	6852	.	45	8	171	2798	65	3	1725	310	6566	107257	C,C,C	1|38|45|1725,0|0|8|310,0|0|171|6566,180|6852|2798|107257,1|.65|.,.|C,C,C
5HT2cR-ligated-N	74	75	G	3278	3166	112	10	9	3166	25	68	0	363	345	121012	958	.	0	0	181	0	2	0	0	0	6898	0	.	10	9	2985	25	66	0	363	345	114114	958	.	0|0|10|363,0|0|9|345,181|6898|2985|114114,0|0|25|958,2|.66|.,.|.
5HT2cR-ligated-N	75	76	A	3280	3236	44	3236	7	4	6	27	1	123229	248	156	232	.CACCGAGCGC	166	6	0	5	7	0	6231	232	0	193	.	3070	1	4	1	20	1	116998	16	156	39	CACCGAGCGC	166|6231|3070|116998,6|232|1|16,0|0|4|156,5|193|1|39,7|.20|.,.|CACCGAGCGC
5HT2cR-ligated-N	76	77	A	3283	3183	100	3183	2	8	9	81	3	121490	78	303	345	.T,C,TT	173	2	4	3	3	0	6469	78	149	117	.	3010	0	4	6	78	3	115021	0	154	228	T,C,TT	173|6469|3010|115021,2|78|0|0,4|149|4|154,3|117|6|228,3|.78|.,.|T,C,TT
5HT2cR-ligated-N	77	78	G	3285	3171	114	12	14	3171	9	79	3	440	536	121028	348	.A,CT,A	0	0	182	1	2	0	0	0	6827	39	.	12	14	2989	8	77	3	440	536	114201	309	A,CT,A	0|0|12|440,0|0|14|536,182|6827|2989|114201,1|39|8|309,2|.77|.,.|A,CT,A
5HT2cR-ligated-N	78	79	A	3286	3208	78	3208	13	1	9	55	5	122322	449	37	349	.T,T,T,T,T	166	11	1	4	4	0	6269	395	37	155	.	3042	2	0	5	51	5	116053	54	0	194	T,T,T,T,T	166|6269|3042|116053,11|395|2|54,1|37|0|0,4|155|5|194,4|.51|.,.|T,T,T,T,T
5HT2cR-ligated-N	79	80	T	3286	3046	240	73	8	33	3046	126	1	2777	294	1189	116549	.A	0	0	0	184	3	0	0	0	0	7005	.	73	8	33	2862	123	1	2777	294	1189	109544	A	0|0|73|2777,0|0|8|294,0|0|33|1189,184|7005|2862|109544,3|.123|.,.|A
5HT2cR-ligated-N	80	81	T	3287	3003	284	54	8	149	3003	73	0	2043	306	5707	115063	.	1	0	0	185	1	0	37	0	0	7041	.	53	8	149	2818	72	0	2006	306	5707	108022	.	1|37|53|2006,0|0|8|306,0|0|149|5707,185|7041|2818|108022,1|.72|.,.|.
5HT2cR-ligated-N	81	82	G	3300	3183	117	11	26	3183	13	67	2	419	931	121499	501	.C,A	0	0	188	0	1	0	0	0	7170	0	.	11	26	2995	13	66	2	419	931	114329	501	C,A	0|0|11|419,0|0|26|931,188|7170|2995|114329,0|0|13|501,1|.66|.,.|C,A
5HT2cR-ligated-N	82	83	C	3303	3217	86	4	3217	0	9	73	1	154	122881	0	349	.A	0	186	0	1	3	0	0	7061	0	39	.	4	3031	0	8	70	1	154	115820	0	310	A	0|0|4|154,186|7061|3031|115820,0|0|0|0,1|39|8|310,3|.70|.,.|A
5HT2cR-ligated-N	83	84	T	3300	2968	332	86	4	51	2968	191	3	3299	151	1928	113650	CG,G	0	0	0	181	9	1	0	0	0	6951	C	86	4	51	2787	182	2	3299	151	1928	106699	G,G	0|0|86|3299,0|0|4|151,0|0|51|1928,181|6951|2787|106699,9|.182|.,C|G,G
5HT2cR-ligated-N	84	85	A	3309	3136	173	3136	9	6	5	153	1	120014	351	230	192	.T	175	5	1	3	9	0	6702	195	39	115	.	2961	4	5	2	144	1	113312	156	191	77	T	175|6702|2961|113312,5|195|4|156,1|39|5|191,3|115|2|77,9|.144|.,.|T
5HT2cR-ligated-N	85	86	T	3311	3091	220	37	11	44	3091	128	0	1418	417	1654	118402	.	0	0	0	190	5	0	0	0	0	7289	.	37	11	44	2901	123	0	1418	417	1654	111113	.	0|0|37|1418,0|0|11|417,0|0|44|1654,190|7289|2901|111113,5|.123|.,.|.
5HT2cR-ligated-N	86	87	T	3310	3033	277	50	6	100	3033	121	2	1919	229	3808	116245	.A,A	0	0	0	193	3	0	0	0	0	7392	.	50	6	100	2840	118	2	1919	229	3808	108853	A,A	0|0|50|1919,0|0|6|229,0|0|100|3808,193|7392|2840|108853,3|.118|.,.|A,A
5HT2cR-ligated-N	87	88	G	3323	3080	243	33	3	3080	51	156	22	1268	114	117799	1954	.C,C,T,T,C,T,T,T,T,T,T,T,T,T,TT,T,C,T,T,T,T,T	1	0	193	0	2	0	39	0	7355	0	.	32	3	2887	51	154	22	1229	114	110444	1954	C,C,T,T,C,T,T,T,T,T,T,T,T,T,TT,T,C,T,T,T,T,T	1|39|32|1229,0|0|3|114,193|7355|2887|110444,0|0|51|1954,2|.154|.,.|C,C,T,T,C,T,T,T,T,T,T,T,T,T,TT,T,C,T,T,T,T,T
5HT2cR-ligated-N	88	89	T	3320	3131	189	33	6	0	3131	150	6	1266	230	0	119734	.A,A,TA,A,A,TA	0	0	0	195	1	0	0	0	0	7466	.	33	6	0	2936	149	6	1266	230	0	112268	A,A,TA,A,A,TA	0|0|33|1266,0|0|6|230,0|0|0|0,195|7466|2936|112268,1|.149|.,.|A,A,TA,A,A,TA
5HT2cR-ligated-N	89	90	T	3320	3181	139	47	1	13	3181	78	1	1795	36	496	121829	.A	0	0	0	195	2	0	0	0	0	7483	.	47	1	13	2986	76	1	1795	36	496	114346	A	0|0|47|1795,0|0|1|36,0|0|13|496,195|7483|2986|114346,2|.76|.,.|A
5HT2cR-ligated-N	90	91	T	3321	3097	224	7	2	144	3097	71	12	273	76	5453	118760	.G,G,G,A,G,CAA,G,C,G,G,G,G	1	0	0	195	2	0	39	0	0	7499	.	6	2	144	2902	69	12	234	76	5453	111261	G,G,G,A,G,CAA,G,C,G,G,G,G	1|39|6|234,0|0|2|76,0|0|144|5453,195|7499|2902|111261,2|.69|.,.|G,G,G,A,G,CAA,G,C,G,G,G,G
5HT2cR-ligated-N	91	92	G	3681	3578	103	3	2	3578	33	65	1	115	76	136100	1241	.GC	0	0	199	0	1	0	0	0	7474	0	.	3	2	3379	33	64	1	115	76	128626	1241	GC	0|0|3|115,0|0|2|76,199|7474|3379|128626,0|0|33|1241,1|.64|.,.|GC
5HT2cR-ligated-N	92	93	G	3685	3608	77	5	5	3608	52	15	1	192	192	136250	1999	.TT	0	0	199	0	1	0	0	0	7295	0	.	5	5	3409	52	14	1	192	192	128955	1999	TT	0|0|5|192,0|0|5|192,199|7295|3409|128955,0|0|52|1999,1|.14|.,.|TT
5HT2cR-ligated-N	93	94	G	3687	3619	68	10	15	3619	36	7	3	384	550	136675	1385	.C,T,T	1	0	198	0	1	0	39	0	7400	0	.	9	15	3421	36	6	3	345	550	129275	1385	C,T,T	1|39|9|345,0|0|15|550,198|7400|3421|129275,0|0|36|1385,1|.6|.,.|C,T,T
5HT2cR-ligated-N	94	95	C	3690	3646	44	2	3646	8	3	31	2	78	138483	303	115	.A,A	0	187	8	1	3	0	0	7052	303	38	.	2	3459	0	2	28	2	78	131431	0	77	A,A	0|0|2|78,187|7052|3459|131431,8|303|0|0,1|38|2|77,3|.28|.,.|A,A
5HT2cR-ligated-N	95	96	A	3686	3613	73	3613	12	5	5	51	0	138616	461	168	194	.	178	12	3	2	4	0	6818	461	115	77	.	3435	0	2	3	47	0	131798	0	53	117	.	178|6818|3435|131798,12|461|0|0,3|115|2|53,2|77|3|117,4|.47|.,.|.
5HT2cR-ligated-N	96	97	A	3684	3625	59	3625	2	4	15	38	5	138588	77	152	546	.T,T,T,T,TT	188	2	2	4	2	0	7116	77	75	156	.	3437	0	2	11	36	5	131472	0	77	390	T,T,T,T,TT	188|7116|3437|131472,2|77|0|0,2|75|2|77,4|156|11|390,2|.36|.,.|T,T,T,T,TT
5HT2cR-ligated-N	97	98	T	3680	3541	139	14	4	10	3541	111	1	537	155	386	135668	.AGAGC	2	0	0	193	4	0	75	0	0	7435	.	12	4	10	3348	107	1	462	155	386	128233	AGAGC	2|75|12|462,0|0|4|155,0|0|10|386,193|7435|3348|128233,4|.107|.,.|AGAGC
5HT2cR-ligated-N	98	99	T	3672	3482	190	93	8	32	3482	57	0	3582	309	1235	133753	.	0	0	0	198	1	0	0	0	0	7636	.	93	8	32	3284	56	0	3582	309	1235	126117	.	0|0|93|3582,0|0|8|309,0|0|32|1235,198|7636|3284|126117,1|.56|.,.|.
5HT2cR-ligated-N	99	100	T	3668	3461	207	91	11	76	3461	29	3	3487	425	2923	132743	.A,A,G	0	0	0	200	0	0	0	0	0	7708	.	91	11	76	3261	29	3	3487	425	2923	125035	A,A,G	0|0|91|3487,0|0|11|425,0|0|76|2923,200|7708|3261|125035,0|.29|.,.|A,A,G
5HT2cR-ligated-N	100	101	C	3671	3623	48	6	3623	0	14	28	0	229	138947	0	542	.	1	190	0	1	7	0	38	7311	0	39	.	5	3433	0	13	21	0	191	131636	0	503	.	1|38|5|191,190|7311|3433|131636,0|0|0|0,1|39|13|503,7|.21|.,.|.
5HT2cR-ligated-N	101	102	T	3664	3345	319	86	11	92	3345	130	1	3315	421	3529	128801	.G	0	0	0	190	9	0	0	0	0	7348	.	86	11	92	3155	121	1	3315	421	3529	121453	G	0|0|86|3315,0|0|11|421,0|0|92|3529,190|7348|3155|121453,9|.121|.,.|G
5HT2cR-ligated-N	102	103	A	3661	3512	149	3512	31	2	3	113	1	134880	1194	78	115	.C	187	3	0	0	11	0	7158	117	0	0	.	3325	28	2	3	102	1	127722	1077	78	115	C	187|7158|3325|127722,3|117|28|1077,0|0|2|78,0|0|3|115,11|.102|.,.|C
5HT2cR-ligated-N	103	104	T	3666	3496	170	63	5	83	3496	19	0	2424	194	3174	134448	.	0	0	0	201	1	0	0	0	0	7750	.	63	5	83	3295	18	0	2424	194	3174	126698	.	0|0|63|2424,0|0|5|194,0|0|83|3174,201|7750|3295|126698,1|.18|.,.|.
5HT2cR-ligated-N	104	105	A	3672	3634	38	3634	6	3	7	22	11	139442	233	116	233	.G,G,T,T,G,G,G,T,G,G,G	193	5	1	4	0	0	7395	194	39	155	.	3441	1	2	3	22	11	132047	39	77	78	G,G,T,T,G,G,G,T,G,G,G	193|7395|3441|132047,5|194|1|39,1|39|2|77,4|155|3|78,0|.22|.,.|G,G,T,T,G,G,G,T,G,G,G
5HT2cR-ligated-N	105	106	G	3712	3535	177	18	16	3535	33	110	0	684	608	135350	1193	.	0	0	203	0	1	0	0	0	7806	0	.	18	16	3332	33	109	0	684	608	127544	1193	.	0|0|18|684,0|0|16|608,203|7806|3332|127544,0|0|33|1193,1|.109|.,.|.
5HT2cR-ligated-N	106	107	G	3712	3586	126	17	11	3586	48	50	9	656	422	137592	1844	TT,CA,AAAA,AAA,A,A,C,A	0	0	204	0	1	2	0	0	7871	0	TT,C	17	11	3382	48	49	7	656	422	129721	1844	A,AAAA,AAA,A,A,C,A	0|0|17|656,0|0|11|422,204|7871|3382|129721,0|0|48|1844,1|.49|.,TT,C|A,AAAA,AAA,A,A,C,A
5HT2cR-ligated-N	107	108	T	3698	3339	359	307	5	8	3339	39	30	11757	188	309	127381	.A,AA,A,A,A,A,A,AAA,AA,AA,A,AAA,A,A,A,AAA,A,A,A,A,A,A,A,A,A,A,A,A,AA,A	0	0	0	205	1	0	0	0	0	7757	.	307	5	8	3134	38	30	11757	188	309	119624	A,AA,A,A,A,A,A,AAA,AA,AA,A,AAA,A,A,A,AAA,A,A,A,A,A,A,A,A,A,A,A,A,AA,A	0|0|307|11757,0|0|5|188,0|0|8|309,205|7757|3134|119624,1|.38|.,.|A,AA,A,A,A,A,A,AAA,AA,AA,A,AAA,A,A,A,AAA,A,A,A,A,A,A,A,A,A,A,A,A,AA,A
5HT2cR-ligated-N	108	109	A	3725	3696	29	3696	8	0	2	19	0	141661	306	0	78	.	205	5	0	2	2	0	7785	190	0	78	.	3491	3	0	0	17	0	133876	116	0	0	.	205|7785|3491|133876,5|190|3|116,0|0|0|0,2|78|0|0,2|.17|.,.|.
5HT2cR-ligated-N	109	110	A	3726	3664	62	3664	4	2	6	50	0	140877	152	76	233	.	209	4	0	2	1	0	8028	152	0	78	.	3455	0	2	4	49	0	132849	0	76	155	.	209|8028|3455|132849,4|152|0|0,0|0|2|76,2|78|4|155,1|.49|.,.|.
5HT2cR-ligated-N	110	111	A	3727	3605	122	3605	0	5	0	117	2	138627	0	194	0	.T,T	214	0	0	0	3	0	8211	0	0	0	.	3391	0	5	0	114	2	130416	0	194	0	T,T	214|8211|3391|130416,0|0|0|0,0|0|5|194,0|0|0|0,3|.114|.,.|T,T
5HT2cR-ligated-N	111	112	T	3719	3369	350	167	1	6	3369	176	31	6336	39	210	129230	A,AA,A,AAAA,A,AAAA,A,AA,A,AAAAA,AAAAAA,AA,A,AAAAAAAAAAAAAAAAA,AAAAAAA,A,A,A,A,AAAAAAAAAAAAAA,A,A,A,A,A,AAAAAAAAAAAAAAA,A,AA,A,A	2	0	0	206	9	2	76	0	0	7949	A,A	165	1	6	3163	167	29	6260	39	210	121281	A,A,AAAA,A,AAAA,A,AA,A,AAAAA,AAAAAA,AA,A,AAAAAAAAAAAAAAAAA,AAAAAAA,A,A,A,A,AAAAAAAAAAAAAA,A,A,A,A,A,AAAAAAAAAAAAAAA,A,AA,A,A	2|76|165|6260,0|0|1|39,0|0|6|210,206|7949|3163|121281,9|.167|.,A,A|A,A,AAAA,A,AAAA,A,AA,A,AAAAA,AAAAAA,AA,A,AAAAAAAAAAAAAAAAA,AAAAAAA,A,A,A,A,AAAAAAAAAAAAAA,A,A,A,A,A,AAAAAAAAAAAAAAA,A,AA,A,A
5HT2cR-ligated-N	112	113	A	3720	3653	67	3653	1	4	3	59	0	140199	39	133	117	.	194	1	1	3	20	0	7468	39	39	117	.	3459	0	3	0	39	0	132731	0	94	0	.	194|7468|3459|132731,1|39|0|0,1|39|3|94,3|117|0|0,20|.39|.,.|.
5HT2cR-ligated-N	113	114	A	3719	3673	46	3673	2	0	9	35	6	140910	78	0	347	.T,T,AAT,T,AT,TG	201	2	0	7	12	0	7736	78	0	270	.	3472	0	0	2	23	6	133174	0	0	77	T,T,AAT,T,AT,TG	201|7736|3472|133174,2|78|0|0,0|0|0|0,7|270|2|77,12|.23|.,.|T,T,AAT,T,AT,TG
5HT2cR-ligated-N	114	115	A	3717	3702	15	3702	2	3	6	4	1	141260	77	115	229	.T	221	1	1	1	1	0	8494	39	39	38	.	3481	1	2	5	3	1	132766	38	76	191	T	221|8494|3481|132766,1|39|1|38,1|39|2|76,1|38|5|191,1|.3|.,.|T
5HT2cR-ligated-N	115	116	A	3717	3703	14	3703	2	2	5	5	8	139808	77	77	192	.T,TT,C,T,C,T,CGC,T	227	0	0	1	0	0	8683	0	0	39	.	3476	2	2	4	5	8	131125	77	77	153	T,TT,C,T,C,T,CGC,T	227|8683|3476|131125,0|0|2|77,0|0|2|77,1|39|4|153,0|.5|.,.|T,TT,C,T,C,T,CGC,T
5HT2cR-ligated-N	116	117	C	3704	3586	118	14	3586	0	92	12	45	499	136170	0	3493	TTT,T,TT,T,T,T,T,T,T,T,T,T,T,T,T,T,T,T,T,T,T,T,T,T,T,T,T,T,T,T,T,T,T,T,T,T,T,T,T,T,T,T,T,T	3	224	0	0	2	3	115	8575	0	0	TTT,T,T	11	3362	0	92	10	42	384	127595	0	3493	T,T,T,T,T,T,T,T,T,T,T,T,T,T,T,T,T,T,T,T,T,T,T,T,T,T,T,T,T,T,T,T,T,T,T,T,T,T,T,T,T,T	3|115|11|384,224|8575|3362|127595,0|0|0|0,0|0|92|3493,2|.10|.,TTT,T,T|T,T,T,T,T,T,T,T,T,T,T,T,T,T,T,T,T,T,T,T,T,T,T,T,T,T,T,T,T,T,T,T,T,T,T,T,T,T,T,T,T,T
5HT2cR-ligated-N	117	118	T	3704	2958	746	9	21	2	2958	714	2	339	810	77	112858	.AGCC,C	1	0	0	227	3	0	39	0	0	8671	.	8	21	2	2731	711	2	300	810	77	104187	AGCC,C	1|39|8|300,0|0|21|810,0|0|2|77,227|8671|2731|104187,3|.711|.,.|AGCC,C
5HT2cR-ligated-N	118	119	T	3700	3281	419	5	27	3	3281	384	1	193	1029	117	125370	.C	1	0	0	229	0	0	38	0	0	8824	.	4	27	3	3052	384	1	155	1029	117	116546	C	1|38|4|155,0|0|27|1029,0|0|3|117,229|8824|3052|116546,0|.384|.,.|C
5HT2cR-ligated-N	119	120	T	3698	3616	82	13	5	2	3616	62	0	501	194	77	138051	.	1	0	0	230	0	0	39	0	0	8845	.	12	5	2	3386	62	0	462	194	77	129206	.	1|39|12|462,0|0|5|194,0|0|2|77,230|8845|3386|129206,0|.62|.,.|.
5HT2cR-ligated-N	120	121	T	3690	3595	95	49	4	29	3595	13	0	1879	146	1098	137634	.	0	1	0	231	0	0	0	33	0	8920	.	49	3	29	3364	13	0	1879	113	1098	128714	.	0|0|49|1879,1|33|3|113,0|0|29|1098,231|8920|3364|128714,0|.13|.,.|.
5HT2cR-ligated-N	121	122	T	3682	3483	199	36	4	141	3483	18	10	1382	148	5341	133326	.G,G,G,G,G,G,G,G,G,G	0	0	0	233	0	0	0	0	0	8999	.	36	4	141	3250	18	10	1382	148	5341	124327	G,G,G,G,G,G,G,G,G,G	0|0|36|1382,0|0|4|148,0|0|141|5341,233|8999|3250|124327,0|.18|.,.|G,G,G,G,G,G,G,G,G,G
5HT2cR-ligated-N	122	123	G	3741	3637	104	14	20	3637	32	38	0	541	753	138230	1229	.	0	0	229	3	0	0	0	0	8715	114	.	14	20	3408	29	38	0	541	753	129515	1115	.	0|0|14|541,0|0|20|753,229|8715|3408|129515,3|114|29|1115,0|.38|.,.|.
5HT2cR-ligated-N	123	124	G	3734	3629	105	12	58	3629	33	2	2	452	2218	137616	1260	.T,T	0	0	232	0	0	0	0	0	8787	0	.	12	58	3397	33	2	2	452	2218	128829	1260	T,T	0|0|12|452,0|0|58|2218,232|8787|3397|128829,0|0|33|1260,0|.2|.,.|T,T
5HT2cR-ligated-N	124	125	C	3736	3713	23	2	3713	8	1	12	1	77	141026	302	37	.G	1	223	7	1	1	0	38	8520	264	37	.	1	3490	1	0	11	1	39	132506	38	0	G	1|38|1|39,223|8520|3490|132506,7|264|1|38,1|37|0|0,1|.11|.,.|G
5HT2cR-ligated-N	125	126	C	3729	3721	8	2	3721	1	1	4	0	78	142344	38	39	.	2	229	1	0	1	0	78	8791	38	0	.	0	3492	0	1	3	0	0	133553	0	39	.	2|78|0|0,229|8791|3492|133553,1|38|0|0,0|0|1|39,1|.3|.,.|.
5HT2cR-ligated-N	126	127	A	3699	3638	61	3638	8	4	5	44	1	139715	306	152	194	.T	205	6	2	1	4	0	7874	229	75	39	.	3433	2	2	4	40	1	131841	77	77	155	T	205|7874|3433|131841,6|229|2|77,2|75|2|77,1|39|4|155,4|.40|.,.|T
5HT2cR-ligated-N	127	128	T	3690	3418	272	138	9	73	3418	52	0	5315	346	2797	131153	.	0	0	1	218	2	0	0	0	39	8386	.	138	9	72	3200	50	0	5315	346	2758	122767	.	0|0|138|5315,0|0|9|346,1|39|72|2758,218|8386|3200|122767,2|.50|.,.|.
5HT2cR-ligated-N	128	129	A	3695	3655	40	3655	3	2	8	27	1	140742	115	76	308	.T	207	3	0	8	5	0	7945	115	0	308	.	3448	0	2	0	22	1	132797	0	76	0	T	207|7945|3448|132797,3|115|0|0,0|0|2|76,8|308|0|0,5|.22|.,.|T
5HT2cR-ligated-N	129	130	A	3683	3547	136	3547	1	4	14	117	6	136202	38	147	540	.T,T,T,T,T,T	215	1	1	6	2	0	8221	38	38	233	.	3332	0	3	8	115	6	127981	0	109	307	T,T,T,T,T,T	215|8221|3332|127981,1|38|0|0,1|38|3|109,6|233|8|307,2|.115|.,.|T,T,T,T,T,T
5HT2cR-ligated-N	130	131	G	3691	3520	171	23	3	3520	19	126	1	885	114	134685	698	.A	0	1	236	1	0	0	0	39	8970	39	.	23	2	3284	18	126	1	885	75	125715	659	A	0|0|23|885,1|39|2|75,236|8970|3284|125715,1|39|18|659,0|.126|.,.|A
5HT2cR-ligated-N	131	132	A	3686	3640	46	3640	4	1	16	25	0	139844	153	39	616	.	231	2	0	4	4	0	8820	76	0	152	.	3409	2	1	12	21	0	131024	77	39	464	.	231|8820|3409|131024,2|76|2|77,0|0|1|39,4|152|12|464,4|.21|.,.|.
5HT2cR-ligated-N	132	133	A	3688	3644	44	3644	4	3	21	16	0	139801	151	97	768	.	230	4	0	9	2	0	8780	151	0	345	.	3414	0	3	12	14	0	131021	0	97	423	.	230|8780|3414|131021,4|151|0|0,0|0|3|97,9|345|12|423,2|.14|.,.|.
5HT2cR-ligated-N	133	134	T	3687	3460	227	61	10	70	3460	86	1	2344	383	2672	131984	.A	0	0	0	244	3	0	0	0	0	9343	.	61	10	70	3216	83	1	2344	383	2672	122641	A	0|0|61|2344,0|0|10|383,0|0|70|2672,244|9343|3216|122641,3|.83|.,.|A
5HT2cR-ligated-N	134	135	T	3680	3419	261	69	5	164	3419	23	1	2651	188	6302	130792	.CCA	0	0	0	246	2	0	0	0	0	9452	.	69	5	164	3173	21	1	2651	188	6302	121340	CCA	0|0|69|2651,0|0|5|188,0|0|164|6302,246|9452|3173|121340,2|.21|.,.|CCA
5HT2cR-ligated-N	135	136	G	3685	3601	84	6	16	3601	17	45	2	229	604	136206	643	AC	0	0	246	0	2	1	0	0	9366	0	A	6	16	3355	17	43	1	229	604	126840	643	C	0|0|6|229,0|0|16|604,246|9366|3355|126840,0|0|17|643,2|.43|.,A|C
5HT2cR-ligated-N	136	137	C	3671	3620	51	4	3620	1	13	33	0	151	136938	38	495	.	4	235	0	3	7	0	151	8948	0	117	.	0	3385	1	10	26	0	0	127990	38	378	.	4|151|0|0,235|8948|3385|127990,0|0|1|38,3|117|10|378,7|.26|.,.|.
5HT2cR-ligated-N	137	138	A	3659	3590	69	3590	3	11	17	38	2	135889	115	406	646	.TT,TT	230	3	1	4	9	0	8781	115	38	155	.	3360	0	10	13	29	2	127108	0	368	491	TT,TT	230|8781|3360|127108,3|115|0|0,1|38|10|368,4|155|13|491,9|.29|.,.|TT,TT
5HT2cR-ligated-N	138	139	G	3657	3575	82	6	4	3575	26	46	0	227	153	134987	974	.	0	1	239	0	7	0	0	39	9074	0	.	6	3	3336	26	39	0	227	114	125913	974	.	0|0|6|227,1|39|3|114,239|9074|3336|125913,0|0|26|974,7|.39|.,.|.
5HT2cR-ligated-N	139	140	C	3652	3606	46	1	3606	5	4	36	4	2	136044	190	154	.G,A,A,A	0	237	3	1	6	0	0	8951	113	37	.	1	3369	2	3	30	4	2	127093	77	117	G,A,A,A	0|0|1|2,237|8951|3369|127093,3|113|2|77,1|37|3|117,6|.30|.,.|G,A,A,A
5HT2cR-ligated-N	140	141	G	3656	3532	124	46	3	3532	8	67	0	1721	116	134602	309	.	0	0	246	0	1	0	0	0	9301	0	.	46	3	3286	8	66	0	1721	116	125301	309	.	0|0|46|1721,0|0|3|116,246|9301|3286|125301,0|0|8|309,1|.66|.,.|.
5HT2cR-ligated-N	141	142	G	3647	3545	102	6	10	3545	36	50	0	231	373	134715	1380	.	0	0	244	0	2	0	0	0	9193	0	.	6	10	3301	36	48	0	231	373	125522	1380	.	0|0|6|231,0|0|10|373,244|9193|3301|125522,0|0|36|1380,2|.48|.,.|.
5HT2cR-ligated-N	142	143	C	3643	3549	94	8	3549	2	6	78	2	310	134472	75	196	.G,T	0	239	2	0	5	0	0	9046	75	0	.	8	3310	0	6	73	2	310	125426	0	196	G,T	0|0|8|310,239|9046|3310|125426,2|75|0|0,0|0|6|196,5|.73|.,.|G,T
5HT2cR-ligated-N	143	144	T	3640	3360	280	75	6	58	3360	141	2	2884	228	2219	128212	.A,A	0	0	0	234	13	0	0	0	0	8857	.	75	6	58	3126	128	2	2884	228	2219	119355	A,A	0|0|75|2884,0|0|6|228,0|0|58|2219,234|8857|3126|119355,13|.128|.,.|A,A
5HT2cR-ligated-N	144	145	A	3634	3518	116	3518	7	11	4	94	1	134880	263	391	153	.GC	227	4	3	2	11	0	8626	153	106	77	.	3291	3	8	2	83	1	126254	110	285	76	GC	227|8626|3291|126254,4|153|3|110,3|106|8|285,2|77|2|76,11|.83|.,.|GC
5HT2cR-ligated-N	145	146	T	3632	3342	290	51	12	168	3342	59	0	1966	456	6432	127874	.	0	1	0	245	2	0	0	37	0	9430	.	51	11	168	3097	57	0	1966	419	6432	118444	.	0|0|51|1966,1|37|11|419,0|0|168|6432,245|9430|3097|118444,2|.57|.,.|.
5HT2cR-ligated-N	146	147	G	3634	3509	125	5	43	3509	30	47	2	193	1614	133653	1151	.C,C	0	1	247	0	0	0	0	37	9488	0	.	5	42	3262	30	47	2	193	1577	124165	1151	C,C	0|0|5|193,1|37|42|1577,247|9488|3262|124165,0|0|30|1151,0|.47|.,.|C,C
5HT2cR-ligated-N	147	148	C	3631	3505	126	5	3505	2	15	104	0	191	133018	78	567	.	3	240	1	0	3	0	113	9125	39	0	.	2	3265	1	15	101	0	78	123893	39	567	.	3|113|2|78,240|9125|3265|123893,1|39|1|39,0|0|15|567,3|.101|.,.|.
5HT2cR-ligated-N	148	149	T	3630	3306	324	132	13	56	3306	123	3	4964	492	2149	125106	.G,ATG,G	0	0	0	244	2	0	0	0	0	9337	.	132	13	56	3062	121	3	4964	492	2149	115769	G,ATG,G	0|0|132|4964,0|0|13|492,0|0|56|2149,244|9337|3062|115769,2|.121|.,.|G,ATG,G
5HT2cR-ligated-N	149	150	C	3623	3601	22	8	3601	3	0	11	6	233	136011	114	0	.A,A,A,A,A,A	3	242	1	0	0	0	77	9252	38	0	.	5	3359	2	0	11	6	156	126759	76	0	A,A,A,A,A,A	3|77|5|156,242|9252|3359|126759,1|38|2|76,0|0|0|0,0|.11|.,.|A,A,A,A,A,A
5HT2cR-ligated-N	150	151	A	3613	3523	90	3523	10	2	10	68	1	134538	385	75	383	.T	218	10	1	7	3	0	8366	385	38	270	.	3305	0	1	3	65	1	126172	0	37	113	T	218|8366|3305|126172,10|385|0|0,1|38|1|37,7|270|3|113,3|.65|.,.|T
5HT2cR-ligated-N	151	152	A	3605	3542	63	3542	4	5	8	46	0	134715	154	190	307	.	219	4	0	5	11	0	8367	154	0	191	.	3323	0	5	3	35	0	126348	0	190	116	.	219|8367|3323|126348,4|154|0|0,0|0|5|190,5|191|3|116,11|.35|.,.|.
5HT2cR-ligated-N	152	153	T	3599	3354	245	50	13	113	3354	69	2	1891	493	4268	126523	.C,C	0	1	0	226	11	0	0	38	0	8685	.	50	12	113	3128	58	2	1891	455	4268	117838	C,C	0|0|50|1891,1|38|12|455,0|0|113|4268,226|8685|3128|117838,11|.58|.,.|C,C
5HT2cR-ligated-N	153	154	A	3583	3536	47	3536	4	5	18	20	0	130926	153	148	590	.	220	1	0	12	4	0	8426	39	0	462	.	3316	3	5	6	16	0	122500	114	148	128	.	220|8426|3316|122500,1|39|3|114,0|0|5|148,12|462|6|128,4|.16|.,.|.
5HT2cR-ligated-N	154	155	C	3577	3537	40	2	3537	0	8	30	2	76	132331	0	282	.T,A	2	230	0	3	2	0	76	8754	0	117	.	0	3307	0	5	28	2	0	123577	0	165	T,A	2|76|0|0,230|8754|3307|123577,0|0|0|0,3|117|5|165,2|.28|.,.|T,A
5HT2cR-ligated-N	155	156	T	3556	3353	203	18	14	3	3353	168	0	679	483	91	124874	.	0	0	0	236	0	0	0	0	0	8976	.	18	14	3	3117	168	0	679	483	91	115898	.	0|0|18|679,0|0|14|483,0|0|3|91,236|8976|3117|115898,0|.168|.,.|.
5HT2cR-ligated-N	156	157	T	3547	3386	161	69	9	31	3386	52	0	2542	307	1167	126557	.	0	1	0	237	0	0	0	37	0	9049	.	69	8	31	3149	52	0	2542	270	1167	117508	.	0|0|69|2542,1|37|8|270,0|0|31|1167,237|9049|3149|117508,0|.52|.,.|.
5HT2cR-ligated-N	157	158	T	3536	3293	243	113	13	100	3293	17	0	4237	467	3674	122923	.	1	0	0	238	0	0	38	0	0	9083	.	112	13	100	3055	17	0	4199	467	3674	113840	.	1|38|112|4199,0|0|13|467,0|0|100|3674,238|9083|3055|113840,0|.17|.,.|.
5HT2cR-ligated-N	158	159	C	3535	3513	22	1	3513	2	6	13	1	39	131320	77	228	.T	0	237	1	2	0	0	0	8968	38	78	.	1	3276	1	4	13	1	39	122352	39	150	T	0|0|1|39,237|8968|3276|122352,1|38|1|39,2|78|4|150,0|.13|.,.|T
5HT2cR-ligated-N	159	160	G	3528	3428	100	2	14	3428	19	65	1	78	532	129573	706	.A	0	0	232	0	0	0	0	0	8758	0	.	2	14	3196	19	65	1	78	532	120815	706	A	0|0|2|78,0|0|14|532,232|8758|3196|120815,0|0|19|706,0|.65|.,.|A
5HT2cR-ligated-N	160	161	G	3480	3418	62	16	1	3418	25	20	0	603	37	129490	938	.	0	0	232	0	0	0	0	0	8778	0	.	16	1	3186	25	20	0	603	37	120712	938	.	0|0|16|603,0|0|1|37,232|8778|3186|120712,0|0|25|938,0|.20|.,.|.
5HT2cR-ligated-N	161	162	A	3466	3208	258	3208	8	5	22	223	0	122068	303	192	831	.	211	6	3	9	3	0	7948	229	115	338	.	2997	2	2	13	220	0	114120	74	77	493	.	211|7948|2997|114120,6|229|2|74,3|115|2|77,9|338|13|493,3|.220|.,.|.
5HT2cR-ligated-N	162	163	T	3457	3058	399	92	4	32	3058	271	2	3441	152	1217	116561	.G,G	0	0	0	227	5	0	0	0	0	8600	.	92	4	32	2831	266	2	3441	152	1217	107961	G,G	0|0|92|3441,0|0|4|152,0|0|32|1217,227|8600|2831|107961,5|.266|.,.|G,G
5HT2cR-ligated-N	163	164	T	3441	3160	281	21	4	42	3160	214	1	803	152	1604	120482	.CGG	0	0	0	227	5	0	0	0	0	8603	.	21	4	42	2933	209	1	803	152	1604	111879	CGG	0|0|21|803,0|0|4|152,0|0|42|1604,227|8603|2933|111879,5|.209|.,.|CGG
5HT2cR-ligated-N	164	165	A	3430	3335	95	3335	25	5	15	50	14	127181	943	184	578	.T,T,T,T,T,T,T,T,T,T,T,T,T,TTT	202	5	3	13	8	0	7692	192	116	502	.	3133	20	2	2	42	14	119489	751	68	76	T,T,T,T,T,T,T,T,T,T,T,T,T,TTT	202|7692|3133|119489,5|192|20|751,3|116|2|68,13|502|2|76,8|.42|.,.|T,T,T,T,T,T,T,T,T,T,T,T,T,TTT
5HT2cR-ligated-N	165	166	T	3407	3127	280	40	5	154	3127	81	0	1531	189	5864	118699	.	1	0	0	228	2	0	39	0	0	8703	.	39	5	154	2899	79	0	1492	189	5864	109996	.	1|39|39|1492,0|0|5|189,0|0|154|5864,228|8703|2899|109996,2|.79|.,.|.
5HT2cR-ligated-N	166	167	G	3404	3253	151	17	12	3253	17	105	0	655	454	123420	656	.	0	0	229	0	2	0	0	0	8739	0	.	17	12	3024	17	103	0	655	454	114681	656	.	0|0|17|655,0|0|12|454,229|8739|3024|114681,0|0|17|656,2|.103|.,.|.
5HT2cR-ligated-N	167	168	T	3385	3168	217	63	23	59	3168	72	1	2389	853	2210	119717	.AA	0	0	0	226	5	0	0	0	0	8603	.	63	23	59	2942	67	1	2389	853	2210	111114	AA	0|0|63|2389,0|0|23|853,0|0|59|2210,226|8603|2942|111114,5|.67|.,.|AA
5HT2cR-ligated-N	168	169	A	3372	3348	24	3348	3	2	4	15	0	125584	88	75	109	.	226	1	0	0	4	0	8569	37	0	0	.	3122	2	2	4	11	0	117015	51	75	109	.	226|8569|3122|117015,1|37|2|51,0|0|2|75,0|0|4|109,4|.11|.,.|.
5HT2cR-ligated-N	169	170	C	3368	3333	35	4	3333	1	1	29	0	154	126490	38	38	.	4	222	1	0	4	0	154	8432	38	0	.	0	3111	0	1	25	0	0	118058	0	38	.	4|154|0|0,222|8432|3111|118058,1|38|0|0,0|0|1|38,4|.25|.,.|.
5HT2cR-ligated-N	170	171	T	3307	2977	330	56	3	119	2977	152	4	2120	93	4492	113209	.A,A,A,A	0	0	1	226	1	0	0	0	15	8602	.	56	3	118	2751	151	4	2120	93	4477	104607	A,A,A,A	0|0|56|2120,0|0|3|93,1|15|118|4477,226|8602|2751|104607,1|.151|.,.|A,A,A,A
5HT2cR-ligated-N	171	172	G	3296	3079	217	3	20	3079	18	176	2	113	761	117415	669	.T,TT	0	0	229	0	0	0	0	0	8730	0	.	3	20	2850	18	176	2	113	761	108685	669	T,TT	0|0|3|113,0|0|20|761,229|8730|2850|108685,0|0|18|669,0|.176|.,.|T,TT
5HT2cR-ligated-N	172	173	T	3280	3109	171	36	8	39	3109	88	0	1379	303	1461	117859	.	0	0	0	228	0	0	0	0	0	8683	.	36	8	39	2881	88	0	1379	303	1461	109176	.	0|0|36|1379,0|0|8|303,0|0|39|1461,228|8683|2881|109176,0|.88|.,.|.
5HT2cR-ligated-N	173	174	G	3264	3206	58	16	7	3206	33	2	1	609	263	121443	1240	.T	0	0	228	0	0	0	0	0	8654	0	.	16	7	2978	33	2	1	609	263	112789	1240	T	0|0|16|609,0|0|7|263,228|8654|2978|112789,0|0|33|1240,0|.2|.,.|T
5HT2cR-ligated-N	174	175	A	3245	3196	49	3196	12	2	15	20	0	121089	447	76	578	.	194	9	2	12	11	0	7371	335	76	462	.	3002	3	0	3	9	0	113718	112	0	116	.	194|7371|3002|113718,9|335|3|112,2|76|0|0,12|462|3|116,11|.9|.,.|.
5HT2cR-ligated-N	175	176	A	3237	3203	34	3203	1	2	12	19	2	119099	15	69	455	TC	210	0	1	3	15	1	7929	0	37	112	T	2993	1	1	9	4	1	111170	15	32	343	C	210|7929|2993|111170,0|0|1|15,1|37|1|32,3|112|9|343,15|.4|.,T|C
5HT2cR-ligated-N	176	177	C	3231	3209	22	3	3209	2	3	14	1	114	121614	78	113	.GAAAA	3	212	2	0	10	0	114	8054	78	0	.	0	2997	0	3	4	1	0	113560	0	113	GAAAA	3|114|0|0,212|8054|2997|113560,2|78|0|0,0|0|3|113,10|.4|.,.|GAAAA
5HT2cR-ligated-N	177	178	A	3218	3171	47	3171	5	10	15	17	0	120213	195	356	549	.	200	5	3	5	14	0	7636	195	115	189	.	2971	0	7	10	3	0	112577	0	241	360	.	200|7636|2971|112577,5|195|0|0,3|115|7|241,5|189|10|360,14|.3|.,.|.
5HT2cR-ligated-N	178	179	A	3192	3170	22	3170	4	2	5	11	0	119180	152	53	192	.	216	3	1	3	5	0	8222	115	39	115	.	2954	1	1	2	6	0	110958	37	14	77	.	216|8222|2954|110958,3|115|1|37,1|39|1|14,3|115|2|77,5|.6|.,.|.
5HT2cR-ligated-N	179	180	C	3182	3157	25	9	3157	0	5	11	4	345	119574	0	189	.AT,T,A,A	9	216	0	0	3	0	345	8201	0	0	.	0	2941	0	5	8	4	0	111373	0	189	AT,T,A,A	9|345|0|0,216|8201|2941|111373,0|0|0|0,0|0|5|189,3|.8|.,.|AT,T,A,A
5HT2cR-ligated-N	180	181	G	3168	3065	103	8	5	3065	48	42	0	305	190	115861	1811	.	0	0	225	0	2	0	0	0	8467	0	.	8	5	2840	48	40	0	305	190	107394	1811	.	0|0|8|305,0|0|5|190,225|8467|2840|107394,0|0|48|1811,2|.40|.,.|.
5HT2cR-ligated-N	181	182	T	3153	2922	231	127	6	40	2922	58	0	4850	222	1474	110273	.	0	0	0	224	2	0	0	0	0	8446	.	127	6	40	2698	56	0	4850	222	1474	101827	.	0|0|127|4850,0|0|6|222,0|0|40|1474,224|8446|2698|101827,2|.56|.,.|.
5HT2cR-ligated-N	182	183	A	3133	3089	44	3089	6	3	6	29	0	116485	207	116	231	.	205	6	2	3	10	0	7742	207	77	114	.	2884	0	1	3	19	0	108743	0	39	117	.	205|7742|2884|108743,6|207|0|0,2|77|1|39,3|114|3|117,10|.19|.,.|.
5HT2cR-ligated-N	183	184	C	3123	3100	23	4	3100	0	2	17	0	148	115566	0	76	.	3	219	0	1	4	0	111	8260	0	39	.	1	2881	0	1	13	0	37	107306	0	37	.	3|111|1|37,219|8260|2881|107306,0|0|0|0,1|39|1|37,4|.13|.,.|.
5HT2cR-ligated-N	184	185	A	3105	3056	49	3056	12	6	5	26	1	115592	442	225	189	.T	206	12	2	2	3	0	7751	442	76	75	.	2850	0	4	3	23	1	107841	0	149	114	T	206|7751|2850|107841,12|442|0|0,2|76|4|149,2|75|3|114,3|.23|.,.|T
5HT2cR-ligated-N	185	186	G	3097	3031	66	1	9	3031	28	28	0	38	339	112605	1049	.	0	0	221	0	3	0	0	0	8333	0	.	1	9	2810	28	25	0	38	339	104272	1049	.	0|0|1|38,0|0|9|339,221|8333|2810|104272,0|0|28|1049,3|.25|.,.|.
5HT2cR-ligated-N	186	187	A	3082	3047	35	3047	2	7	14	12	1	112354	74	269	490	.T	206	2	4	5	7	0	7695	74	155	190	.	2841	0	3	9	5	1	104659	0	114	300	T	206|7695|2841|104659,2|74|0|0,4|155|3|114,5|190|9|300,7|.5|.,.|T
5HT2cR-ligated-N	187	188	C	3078	3046	32	3	3046	2	4	23	2	116	112082	53	124	.A,T	3	215	1	0	5	0	116	8071	39	0	.	0	2831	1	4	18	2	0	104011	14	124	A,T	3|116|0|0,215|8071|2831|104011,1|39|1|14,0|0|4|124,5|.18|.,.|A,T
5HT2cR-ligated-N	188	189	G	3068	2983	85	6	1	2983	63	15	1	215	39	109294	2280	.T	1	1	221	0	1	0	38	39	8274	0	.	5	0	2762	63	14	1	177	0	101020	2280	T	1|38|5|177,1|39|0|0,221|8274|2762|101020,0|0|63|2280,1|.14|.,.|T
5HT2cR-ligated-N	189	190	T	3053	2770	283	167	3	88	2770	25	0	6120	84	3165	100709	.	0	0	0	221	1	0	0	0	0	8265	.	167	3	88	2549	24	0	6120	84	3165	92444	.	0|0|167|6120,0|0|3|84,0|0|88|3165,221|8265|2549|92444,1|.24|.,.|.
5HT2cR-ligated-N	190	191	C	3043	3028	15	3	3028	1	1	10	1	93	109136	15	14	.G	2	219	1	0	0	0	76	8202	15	0	.	1	2809	0	1	10	1	17	100934	0	14	G	2|76|1|17,219|8202|2809|100934,1|15|0|0,0|0|1|14,0|.10|.,.|G
5HT2cR-ligated-N	191	192	G	3019	2984	35	7	0	2984	13	15	4	258	0	110041	445	.A,A,T,TT	0	0	216	0	0	0	0	0	8148	0	.	7	0	2768	13	15	4	258	0	101893	445	A,A,T,TT	0|0|7|258,0|0|0|0,216|8148|2768|101893,0|0|13|445,0|.15|.,.|A,A,T,TT
5HT2cR-ligated-N	192	193	A	3011	2945	66	2945	13	5	20	28	1	107494	419	113	697	.C	190	10	0	6	10	0	7141	377	0	215	.	2755	3	5	14	18	1	100353	42	113	482	C	190|7141|2755|100353,10|377|3|42,0|0|5|113,6|215|14|482,10|.18|.,.|C
5HT2cR-ligated-N	193	194	C	3000	2960	40	7	2960	4	3	26	5	244	109838	149	79	.G,G,G,G,G	4	209	2	0	1	0	151	7838	75	0	.	3	2751	2	3	25	5	93	102000	74	79	G,G,G,G,G	4|151|3|93,209|7838|2751|102000,2|75|2|74,0|0|3|79,1|.25|.,.|G,G,G,G,G
5HT2cR-ligated-N	194	195	T	2983	2697	286	52	8	172	2697	54	2	1893	271	6333	100594	.C,G	1	0	0	211	1	0	37	0	0	7953	.	51	8	172	2486	53	2	1856	271	6333	92641	C,G	1|37|51|1856,0|0|8|271,0|0|172|6333,211|7953|2486|92641,1|.53|.,.|C,G
5HT2cR-ligated-N	195	196	G	2973	2851	122	6	11	2851	27	78	0	205	384	105425	924	.	0	0	210	0	0	0	0	0	7928	0	.	6	11	2641	27	78	0	205	384	97497	924	.	0|0|6|205,0|0|11|384,210|7928|2641|97497,0|0|27|924,0|.78|.,.|.
5HT2cR-ligated-N	196	197	G	2954	2846	108	7	0	2846	55	46	1	241	0	105087	2008	.C	0	0	208	0	0	0	0	0	7875	0	.	7	0	2638	55	46	1	241	0	97212	2008	C	0|0|7|241,0|0|0|0,208|7875|2638|97212,0|0|55|2008,0|.46|.,.|C
5HT2cR-ligated-N	197	198	T	2939	2735	204	95	6	44	2735	59	0	3502	205	1615	102203	.	1	0	0	207	0	0	39	0	0	7832	.	94	6	44	2528	59	0	3463	205	1615	94371	.	1|39|94|3463,0|0|6|205,0|0|44|1615,207|7832|2528|94371,0|.59|.,.|.
5HT2cR-ligated-N	198	199	A	2923	2897	26	2897	6	1	9	10	1	108046	222	39	317	.C	194	6	0	6	2	0	7378	222	0	226	.	2703	0	1	3	8	1	100668	0	39	91	C	194|7378|2703|100668,6|222|0|0,0|0|1|39,6|226|3|91,2|.8|.,.|C
5HT2cR-ligated-N	199	200	A	2913	2884	29	2884	4	5	10	10	0	106487	132	103	298	.	200	2	0	6	0	0	7612	78	0	228	.	2684	2	5	4	10	0	98875	54	103	70	.	200|7612|2684|98875,2|78|2|54,0|0|5|103,6|228|4|70,0|.10|.,.|.
5HT2cR-ligated-N	200	201	C	2903	2885	18	5	2885	0	1	12	2	157	107684	0	20	TA	4	202	0	0	2	1	155	7671	0	0	T	1	2683	0	1	10	1	2	100013	0	20	A	4|155|1|2,202|7671|2683|100013,0|0|0|0,0|0|1|20,2|.10|.,T|A
5HT2cR-ligated-N	201	202	A	2889	2831	58	2831	10	2	22	24	4	105687	364	50	810	.T,T,T,T	190	9	0	5	2	0	7233	345	0	188	.	2641	1	2	17	22	4	98454	19	50	622	T,T,T,T	190|7233|2641|98454,9|345|1|19,0|0|2|50,5|188|17|622,2|.22|.,.|T,T,T,T
5HT2cR-ligated-N	202	203	T	2882	2698	184	5	11	9	2698	159	0	186	404	289	96978	.	0	0	0	205	1	0	0	0	0	7755	.	5	11	9	2493	158	0	186	404	289	89223	.	0|0|5|186,0|0|11|404,0|0|9|289,205|7755|2493|89223,1|.158|.,.|.
5HT2cR-ligated-N	203	204	T	2869	2731	138	43	7	32	2731	56	0	1539	231	1093	98217	.	0	1	0	204	1	0	0	38	0	7730	.	43	6	32	2527	55	0	1539	193	1093	90487	.	0|0|43|1539,1|38|6|193,0|0|32|1093,204|7730|2527|90487,1|.55|.,.|.
5HT2cR-ligated-N	204	205	T	2849	2686	163	25	6	123	2686	9	0	914	220	4338	96998	.	0	0	0	206	0	0	0	0	0	7827	.	25	6	123	2480	9	0	914	220	4338	89171	.	0|0|25|914,0|0|6|220,0|0|123|4338,206|7827|2480|89171,0|.9|.,.|.
5HT2cR-ligated-N	205	206	G	2821	2778	43	4	4	2778	17	18	1	152	149	99356	563	.T	0	0	202	0	4	0	0	0	7584	0	.	4	4	2576	17	14	1	152	149	91772	563	T	0|0|4|152,0|0|4|149,202|7584|2576|91772,0|0|17|563,4|.14|.,.|T
5HT2cR-ligated-N	206	207	C	2799	2774	25	4	2774	1	10	10	1	130	99486	37	360	.A	0	199	0	1	6	0	0	7514	0	38	.	4	2575	1	9	4	1	130	91972	37	322	A	0|0|4|130,199|7514|2575|91972,0|0|1|37,1|38|9|322,6|.4|.,.|A
5HT2cR-ligated-N	207	208	G	2789	2701	88	14	2	2701	61	11	8	534	54	98603	2197	.T,T,T,T,T,T,T,T	1	0	203	2	0	0	37	0	7671	71	.	13	2	2498	59	11	8	497	54	90932	2126	T,T,T,T,T,T,T,T	1|37|13|497,0|0|2|54,203|7671|2498|90932,2|71|59|2126,0|.11|.,.|T,T,T,T,T,T,T,T
5HT2cR-ligated-N	208	209	T	2758	2636	122	13	5	8	2636	96	0	447	190	299	97509	.	1	0	0	205	0	0	37	0	0	7719	.	12	5	8	2431	96	0	410	190	299	89790	.	1|37|12|410,0|0|5|190,0|0|8|299,205|7719|2431|89790,0|.96|.,.|.
5HT2cR-ligated-N	209	210	T	2732	2600	132	64	4	22	2600	42	0	2364	136	736	95638	.	0	0	0	206	0	0	0	0	0	7718	.	64	4	22	2394	42	0	2364	136	736	87920	.	0|0|64|2364,0|0|4|136,0|0|22|736,206|7718|2394|87920,0|.42|.,.|.
5HT2cR-ligated-N	210	211	T	2698	2568	130	29	2	87	2568	12	2	1082	74	3087	92852	GG	1	0	0	204	0	1	35	0	0	7649	G	28	2	87	2364	12	1	1047	74	3087	85203	G	1|35|28|1047,0|0|2|74,0|0|87|3087,204|7649|2364|85203,0|.12|.,G|G
5HT2cR-ligated-N	211	212	G	2552	2523	29	4	5	2523	13	7	0	151	119	90683	447	.	0	0	205	0	0	0	0	0	7648	0	.	4	5	2318	13	7	0	151	119	83035	447	.	0|0|4|151,0|0|5|119,205|7648|2318|83035,0|0|13|447,0|.7|.,.|.
5HT2cR-ligated-N	212	213	A	2534	2509	25	2509	8	1	15	1	0	88740	265	36	539	.	184	7	0	11	0	0	6876	249	0	392	.	2325	1	1	4	1	0	81864	16	36	147	.	184|6876|2325|81864,7|249|1|16,0|0|1|36,11|392|4|147,0|.1|.,.|.
5HT2cR-ligated-N	213	214	T	2505	2357	148	65	5	78	2357	0	0	2246	155	2737	82649	.	0	0	0	198	0	0	0	0	0	7378	.	65	5	78	2159	0	0	2246	155	2737	75271	.	0|0|65|2246,0|0|5|155,0|0|78|2737,198|7378|2159|75271,0|.0|.,.|.
5HT2cR-ligated-N	214	215	C	2490	2483	7	2	2483	3	2	0	0	75	87195	90	74	.	2	195	0	0	0	0	75	7315	0	0	.	0	2288	3	2	0	0	0	79880	90	74	.	2|75|0|0,195|7315|2288|79880,0|0|3|90,0|0|2|74,0|.0|.,.|.
5HT2cR-ligated-N	215	216	G	2444	2441	3	1	0	2441	2	0	0	20	0	85103	32	.	0	0	187	0	0	0	0	0	6986	0	.	1	0	2254	2	0	0	20	0	78117	32	.	0|0|1|20,0|0|0|0,187|6986|2254|78117,0|0|2|32,0|.0|.,.|.
5HT2cR-ligated-N	216	217	G	2367	2367	0	0	0	2367	0	0	0	0	0	82035	0	.	0	0	183	0	0	0	0	0	6728	0	.	0	0	2184	0	0	0	0	0	75307	0	.	0|0|0|0,0|0|0|0,183|6728|2184|75307,0|0|0|0,0|.0|.,.|.
5HT2cR-ligated-N	217	218	G	2268	2268	0	0	0	2268	0	0	0	0	0	78660	0	.	0	0	181	0	0	0	0	0	6529	0	.	0	0	2087	0	0	0	0	0	72131	0	.	0|0|0|0,0|0|0|0,181|6529|2087|72131,0|0|0|0,0|.0|.,.|.
