chrom	start	end	ref	depth	r_depth	a_depth	num_A	num_C	num_G	num_T	num_D	num_I	totQ_A	totQ_C	totQ_G	totQ_T	all_ins	num_F_A	num_F_C	num_F_G	num_F_T	num_F_D	num_F_I	totQ_F_A	totQ_F_C	totQ_F_G	totQ_F_T	all_F_ins	num_R_A	num_R_C	num_R_G	num_R_T	num_R_D	num_R_I	totQ_R_A	totQ_R_C	totQ_R_G	totQ_R_T	all_R_ins	sample_1
5HT2cR-ligated-N	0	1	G	144	144	0	0	0	144	0	0	0	0	0	5058	0	.	0	0	0	0	0	0	0	0	0	0	.	0	0	144	0	0	0	0	0	5058	0	.	0|0|0|0,0|0|0|0,0|0|144|5058,0|0|0|0,0|.0|.,.|.
5HT2cR-ligated-N	1	2	G	144	144	0	0	0	144	0	0	0	0	0	5062	0	.	0	0	0	0	0	0	0	0	0	0	.	0	0	144	0	0	0	0	0	5062	0	.	0|0|0|0,0|0|0|0,0|0|144|5062,0|0|0|0,0|.0|.,.|.
5HT2cR-ligated-N	2	3	C	144	144	0	0	144	0	0	0	0	0	5074	0	0	.	0	0	0	0	0	0	0	0	0	0	.	0	144	0	0	0	0	0	5074	0	0	.	0|0|0|0,0|0|144|5074,0|0|0|0,0|0|0|0,0|.0|.,.|.
5HT2cR-ligated-N	3	4	T	144	144	0	0	0	0	144	0	0	0	0	0	5043	.	0	0	0	0	0	0	0	0	0	0	.	0	0	0	144	0	0	0	0	0	5043	.	0|0|0|0,0|0|0|0,0|0|0|0,0|0|144|5043,0|.0|.,.|.
5HT2cR-ligated-N	4	5	G	144	144	0	0	0	144	0	0	0	0	0	5507	0	.	0	0	0	0	0	0	0	0	0	0	.	0	0	144	0	0	0	0	0	5507	0	.	0|0|0|0,0|0|0|0,0|0|144|5507,0|0|0|0,0|.0|.,.|.
5HT2cR-ligated-N	5	6	G	144	144	0	0	0	144	0	0	0	0	0	5507	0	.	0	0	0	0	0	0	0	0	0	0	.	0	0	144	0	0	0	0	0	5507	0	.	0|0|0|0,0|0|0|0,0|0|144|5507,0|0|0|0,0|.0|.,.|.
5HT2cR-ligated-N	6	7	A	144	144	0	144	0	0	0	0	0	5502	0	0	0	.	0	0	0	0	0	0	0	0	0	0	.	144	0	0	0	0	0	5502	0	0	0	.	0|0|144|5502,0|0|0|0,0|0|0|0,0|0|0|0,0|.0|.,.|.
5HT2cR-ligated-N	7	8	T	144	144	0	0	0	0	144	0	0	0	0	0	5505	.	0	0	0	0	0	0	0	0	0	0	.	0	0	0	144	0	0	0	0	0	5505	.	0|0|0|0,0|0|0|0,0|0|0|0,0|0|144|5505,0|.0|.,.|.
5HT2cR-ligated-N	8	9	C	144	143	1	0	143	1	0	0	0	0	5474	39	0	.	0	0	0	0	0	0	0	0	0	0	.	0	143	1	0	0	0	0	5474	39	0	.	0|0|0|0,0|0|143|5474,0|0|1|39,0|0|0|0,0|.0|.,.|.
5HT2cR-ligated-N	9	10	G	144	144	0	0	0	144	0	0	0	0	0	5512	0	.	0	0	0	0	0	0	0	0	0	0	.	0	0	144	0	0	0	0	0	5512	0	.	0|0|0|0,0|0|0|0,0|0|144|5512,0|0|0|0,0|.0|.,.|.
5HT2cR-ligated-N	10	11	G	144	144	0	0	0	144	0	0	0	0	0	5513	0	.	0	0	0	0	0	0	0	0	0	0	.	0	0	144	0	0	0	0	0	5513	0	.	0|0|0|0,0|0|0|0,0|0|144|5513,0|0|0|0,0|.0|.,.|.
5HT2cR-ligated-N	11	12	T	144	144	0	0	0	0	144	0	0	0	0	0	5377	.	0	0	0	0	0	0	0	0	0	0	.	0	0	0	144	0	0	0	0	0	5377	.	0|0|0|0,0|0|0|0,0|0|0|0,0|0|144|5377,0|.0|.,.|.
5HT2cR-ligated-N	12	13	A	144	144	0	144	0	0	0	0	0	5492	0	0	0	.	0	0	0	0	0	0	0	0	0	0	.	144	0	0	0	0	0	5492	0	0	0	.	0|0|144|5492,0|0|0|0,0|0|0|0,0|0|0|0,0|.0|.,.|.
5HT2cR-ligated-N	13	14	T	144	144	0	0	0	0	144	0	0	0	0	0	5497	.	0	0	0	0	0	0	0	0	0	0	.	0	0	0	144	0	0	0	0	0	5497	.	0|0|0|0,0|0|0|0,0|0|0|0,0|0|144|5497,0|.0|.,.|.
5HT2cR-ligated-N	14	15	G	144	144	0	0	0	144	0	0	0	0	0	5604	0	.	0	0	0	0	0	0	0	0	0	0	.	0	0	144	0	0	0	0	0	5604	0	.	0|0|0|0,0|0|0|0,0|0|144|5604,0|0|0|0,0|.0|.,.|.
5HT2cR-ligated-N	15	16	T	144	144	0	0	0	0	144	0	0	0	0	0	5595	.	0	0	0	0	0	0	0	0	0	0	.	0	0	0	144	0	0	0	0	0	5595	.	0|0|0|0,0|0|0|0,0|0|0|0,0|0|144|5595,0|.0|.,.|.
5HT2cR-ligated-N	16	17	A	144	144	0	144	0	0	0	0	0	5605	0	0	0	.	0	0	0	0	0	0	0	0	0	0	.	144	0	0	0	0	0	5605	0	0	0	.	0|0|144|5605,0|0|0|0,0|0|0|0,0|0|0|0,0|.0|.,.|.
5HT2cR-ligated-N	17	18	G	144	144	0	0	0	144	0	0	0	0	0	5600	0	.	0	0	0	0	0	0	0	0	0	0	.	0	0	144	0	0	0	0	0	5600	0	.	0|0|0|0,0|0|0|0,0|0|144|5600,0|0|0|0,0|.0|.,.|.
5HT2cR-ligated-N	18	19	C	144	144	0	0	144	0	0	0	0	0	5590	0	0	.	0	0	0	0	0	0	0	0	0	0	.	0	144	0	0	0	0	0	5590	0	0	.	0|0|0|0,0|0|144|5590,0|0|0|0,0|0|0|0,0|.0|.,.|.
5HT2cR-ligated-N	19	20	A	144	144	0	144	0	0	0	0	0	5549	0	0	0	.	0	0	0	0	0	0	0	0	0	0	.	144	0	0	0	0	0	5549	0	0	0	.	0|0|144|5549,0|0|0|0,0|0|0|0,0|0|0|0,0|.0|.,.|.
5HT2cR-ligated-N	20	21	N	144	0	144	0	0	95	49	0	0	0	0	3690	1901	.	0	0	0	0	0	0	0	0	0	0	.	0	0	95	49	0	0	0	0	3690	1901	.	0|0|0|0,0|0|0|0,0|0|95|3690,0|0|49|1901,0|.0|.,.|.
5HT2cR-ligated-N	21	22	T	144	144	0	0	0	0	144	0	0	0	0	0	5568	.	0	0	0	0	0	0	0	0	0	0	.	0	0	0	144	0	0	0	0	0	5568	.	0|0|0|0,0|0|0|0,0|0|0|0,0|0|144|5568,0|.0|.,.|.
5HT2cR-ligated-N	22	23	N	144	0	144	144	0	0	0	0	0	5583	0	0	0	.	0	0	0	0	0	0	0	0	0	0	.	144	0	0	0	0	0	5583	0	0	0	.	0|0|144|5583,0|0|0|0,0|0|0|0,0|0|0|0,0|.0|.,.|.
5HT2cR-ligated-N	23	24	C	144	144	0	0	144	0	0	0	0	0	5560	0	0	.	0	0	0	0	0	0	0	0	0	0	.	0	144	0	0	0	0	0	5560	0	0	.	0|0|0|0,0|0|144|5560,0|0|0|0,0|0|0|0,0|.0|.,.|.
5HT2cR-ligated-N	24	25	G	144	144	0	0	0	144	0	0	0	0	0	5504	0	.	0	0	0	0	0	0	0	0	0	0	.	0	0	144	0	0	0	0	0	5504	0	.	0|0|0|0,0|0|0|0,0|0|144|5504,0|0|0|0,0|.0|.,.|.
5HT2cR-ligated-N	25	26	T	144	144	0	0	0	0	144	0	0	0	0	0	5579	.	0	0	0	0	0	0	0	0	0	0	.	0	0	0	144	0	0	0	0	0	5579	.	0|0|0|0,0|0|0|0,0|0|0|0,0|0|144|5579,0|.0|.,.|.
5HT2cR-ligated-N	26	27	N	144	0	144	144	0	0	0	0	0	5600	0	0	0	.	0	0	0	0	0	0	0	0	0	0	.	144	0	0	0	0	0	5600	0	0	0	.	0|0|144|5600,0|0|0|0,0|0|0|0,0|0|0|0,0|.0|.,.|.
5HT2cR-ligated-N	27	28	N	144	0	144	144	0	0	0	0	0	5600	0	0	0	.	0	0	0	0	0	0	0	0	0	0	.	144	0	0	0	0	0	5600	0	0	0	.	0|0|144|5600,0|0|0|0,0|0|0|0,0|0|0|0,0|.0|.,.|.
5HT2cR-ligated-N	28	29	T	144	144	0	0	0	0	144	0	0	0	0	0	5499	.	0	0	0	0	0	0	0	0	0	0	.	0	0	0	144	0	0	0	0	0	5499	.	0|0|0|0,0|0|0|0,0|0|0|0,0|0|144|5499,0|.0|.,.|.
5HT2cR-ligated-N	29	30	C	144	144	0	0	144	0	0	0	0	0	5597	0	0	.	0	0	0	0	0	0	0	0	0	0	.	0	144	0	0	0	0	0	5597	0	0	.	0|0|0|0,0|0|144|5597,0|0|0|0,0|0|0|0,0|.0|.,.|.
5HT2cR-ligated-N	30	31	C	144	144	0	0	144	0	0	0	0	0	5609	0	0	.	0	0	0	0	0	0	0	0	0	0	.	0	144	0	0	0	0	0	5609	0	0	.	0|0|0|0,0|0|144|5609,0|0|0|0,0|0|0|0,0|.0|.,.|.
5HT2cR-ligated-N	31	32	T	145	145	0	0	0	0	145	0	0	0	0	0	5638	.	0	0	0	0	0	0	0	0	0	0	.	0	0	0	145	0	0	0	0	0	5638	.	0|0|0|0,0|0|0|0,0|0|0|0,0|0|145|5638,0|.0|.,.|.
5HT2cR-ligated-N	32	33	N	145	0	145	144	0	1	0	0	0	5604	0	18	0	.	0	0	0	0	0	0	0	0	0	0	.	144	0	1	0	0	0	5604	0	18	0	.	0|0|144|5604,0|0|0|0,0|0|1|18,0|0|0|0,0|.0|.,.|.
5HT2cR-ligated-N	33	34	T	145	145	0	0	0	0	145	0	0	0	0	0	5629	.	0	0	0	0	0	0	0	0	0	0	.	0	0	0	145	0	0	0	0	0	5629	.	0|0|0|0,0|0|0|0,0|0|0|0,0|0|145|5629,0|.0|.,.|.
5HT2cR-ligated-N	34	35	T	145	145	0	0	0	0	145	0	0	0	0	0	5631	.	0	0	0	0	0	0	0	0	0	0	.	0	0	0	145	0	0	0	0	0	5631	.	0|0|0|0,0|0|0|0,0|0|0|0,0|0|145|5631,0|.0|.,.|.
5HT2cR-ligated-N	35	36	G	145	145	0	0	0	145	0	0	0	0	0	5612	0	.	0	0	0	0	0	0	0	0	0	0	.	0	0	145	0	0	0	0	0	5612	0	.	0|0|0|0,0|0|0|0,0|0|145|5612,0|0|0|0,0|.0|.,.|.
5HT2cR-ligated-N	36	37	A	145	145	0	145	0	0	0	0	0	5601	0	0	0	.	0	0	0	0	0	0	0	0	0	0	.	145	0	0	0	0	0	5601	0	0	0	.	0|0|145|5601,0|0|0|0,0|0|0|0,0|0|0|0,0|.0|.,.|.
5HT2cR-ligated-N	37	38	G	242	242	0	0	0	242	0	0	0	0	0	8828	0	.	0	0	0	0	0	0	0	0	0	0	.	0	0	242	0	0	0	0	0	8828	0	.	0|0|0|0,0|0|0|0,0|0|242|8828,0|0|0|0,0|.0|.,.|.
5HT2cR-ligated-N	38	39	C	242	242	0	0	242	0	0	0	0	0	8818	0	0	.	0	0	0	0	0	0	0	0	0	0	.	0	242	0	0	0	0	0	8818	0	0	.	0|0|0|0,0|0|242|8818,0|0|0|0,0|0|0|0,0|.0|.,.|.
5HT2cR-ligated-N	39	40	A	242	241	1	241	0	0	1	0	0	8814	0	0	20	.	0	0	0	0	0	0	0	0	0	0	.	241	0	0	1	0	0	8814	0	0	20	.	0|0|241|8814,0|0|0|0,0|0|0|0,0|0|1|20,0|.0|.,.|.
5HT2cR-ligated-N	40	41	T	242	242	0	0	0	0	242	0	0	0	0	0	9168	.	0	0	0	0	0	0	0	0	0	0	.	0	0	0	242	0	0	0	0	0	9168	.	0|0|0|0,0|0|0|0,0|0|0|0,0|0|242|9168,0|.0|.,.|.
5HT2cR-ligated-N	41	42	A	242	242	0	242	0	0	0	0	0	9250	0	0	0	.	0	0	0	0	0	0	0	0	0	0	.	242	0	0	0	0	0	9250	0	0	0	.	0|0|242|9250,0|0|0|0,0|0|0|0,0|0|0|0,0|.0|.,.|.
5HT2cR-ligated-N	42	43	G	242	240	2	0	1	240	1	0	0	0	38	9194	32	.	0	0	0	0	0	0	0	0	0	0	.	0	1	240	1	0	0	0	38	9194	32	.	0|0|0|0,0|0|1|38,0|0|240|9194,0|0|1|32,0|.0|.,.|.
5HT2cR-ligated-N	43	44	C	242	241	1	0	241	0	1	0	0	0	9240	0	20	.	0	0	0	0	0	0	0	0	0	0	.	0	241	0	1	0	0	0	9240	0	20	.	0|0|0|0,0|0|241|9240,0|0|0|0,0|0|1|20,0|.0|.,.|.
5HT2cR-ligated-N	44	45	C	242	242	0	0	242	0	0	0	0	0	9235	0	0	.	0	0	0	0	0	0	0	0	0	0	.	0	242	0	0	0	0	0	9235	0	0	.	0|0|0|0,0|0|242|9235,0|0|0|0,0|0|0|0,0|.0|.,.|.
5HT2cR-ligated-N	45	46	G	611	611	0	0	0	611	0	0	0	0	0	22841	0	.	0	0	254	0	0	0	0	0	9820	0	.	0	0	357	0	0	0	0	0	13021	0	.	0|0|0|0,0|0|0|0,254|9820|357|13021,0|0|0|0,0|.0|.,.|.
5HT2cR-ligated-N	46	47	G	611	611	0	0	0	611	0	0	0	0	0	22852	0	.	0	0	254	0	0	0	0	0	9813	0	.	0	0	357	0	0	0	0	0	13039	0	.	0|0|0|0,0|0|0|0,254|9813|357|13039,0|0|0|0,0|.0|.,.|.
5HT2cR-ligated-N	47	48	T	611	610	1	0	0	1	610	0	0	0	0	16	22394	.	0	0	0	254	0	0	0	0	0	9552	.	0	0	1	356	0	0	0	0	16	12842	.	0|0|0|0,0|0|0|0,0|0|1|16,254|9552|356|12842,0|.0|.,.|.
5HT2cR-ligated-N	48	49	T	642	642	0	0	0	0	642	0	0	0	0	0	23973	.	0	0	0	254	0	0	0	0	0	9740	.	0	0	0	388	0	0	0	0	0	14233	.	0|0|0|0,0|0|0|0,0|0|0|0,254|9740|388|14233,0|.0|.,.|.
5HT2cR-ligated-N	49	50	T	642	642	0	0	0	0	642	0	0	0	0	0	24545	.	0	0	0	254	0	0	0	0	0	9832	.	0	0	0	388	0	0	0	0	0	14713	.	0|0|0|0,0|0|0|0,0|0|0|0,254|9832|388|14713,0|.0|.,.|.
5HT2cR-ligated-N	50	51	C	642	642	0	0	642	0	0	0	0	0	24591	0	0	.	0	254	0	0	0	0	0	9827	0	0	.	0	388	0	0	0	0	0	14764	0	0	.	0|0|0|0,254|9827|388|14764,0|0|0|0,0|0|0|0,0|.0|.,.|.
5HT2cR-ligated-N	51	52	A	642	642	0	642	0	0	0	0	0	24712	0	0	0	.	254	0	0	0	0	0	9847	0	0	0	.	388	0	0	0	0	0	14865	0	0	0	.	254|9847|388|14865,0|0|0|0,0|0|0|0,0|0|0|0,0|.0|.,.|.
5HT2cR-ligated-N	52	53	A	642	641	1	641	1	0	0	0	0	24488	20	0	0	.	254	0	0	0	0	0	9839	0	0	0	.	387	1	0	0	0	0	14649	20	0	0	.	254|9839|387|14649,0|0|1|20,0|0|0|0,0|0|0|0,0|.0|.,.|.
5HT2cR-ligated-N	53	54	T	642	641	1	0	0	1	641	0	0	0	0	32	24611	.	0	0	0	254	0	0	0	0	0	9867	.	0	0	1	387	0	0	0	0	32	14744	.	0|0|0|0,0|0|0|0,0|0|1|32,254|9867|387|14744,0|.0|.,.|.
5HT2cR-ligated-N	54	55	T	642	642	0	0	0	0	642	0	0	0	0	0	24604	.	0	0	0	254	0	0	0	0	0	9873	.	0	0	0	388	0	0	0	0	0	14731	.	0|0|0|0,0|0|0|0,0|0|0|0,254|9873|388|14731,0|.0|.,.|.
5HT2cR-ligated-N	55	56	C	642	597	45	0	597	0	0	45	0	0	22864	0	0	.	0	209	0	0	45	0	0	8109	0	0	.	0	388	0	0	0	0	0	14755	0	0	.	0|0|0|0,209|8109|388|14755,0|0|0|0,0|0|0|0,45|.0|.,.|.
5HT2cR-ligated-N	56	57	G	642	642	0	0	0	642	0	0	0	0	0	24339	0	.	0	0	254	0	0	0	0	0	9652	0	.	0	0	388	0	0	0	0	0	14687	0	.	0|0|0|0,0|0|0|0,254|9652|388|14687,0|0|0|0,0|.0|.,.|.
5HT2cR-ligated-N	57	58	C	642	642	0	0	642	0	0	0	0	0	24322	0	0	.	0	254	0	0	0	0	0	9658	0	0	.	0	388	0	0	0	0	0	14664	0	0	.	0|0|0|0,254|9658|388|14664,0|0|0|0,0|0|0|0,0|.0|.,.|.
5HT2cR-ligated-N	58	59	G	946	946	0	0	0	946	0	0	0	0	0	34523	0	.	0	0	254	0	0	0	0	0	9602	0	.	0	0	692	0	0	0	0	0	24921	0	.	0|0|0|0,0|0|0|0,254|9602|692|24921,0|0|0|0,0|.0|.,.|.
5HT2cR-ligated-N	59	60	G	946	945	1	0	0	945	1	0	0	0	0	34559	15	.	0	0	254	0	0	0	0	0	9598	0	.	0	0	691	1	0	0	0	0	24961	15	.	0|0|0|0,0|0|0|0,254|9598|691|24961,0|0|1|15,0|.0|.,.|.
5HT2cR-ligated-N	60	61	A	947	851	96	851	0	0	1	95	0	30903	0	0	15	.	254	0	0	0	0	0	9582	0	0	0	.	597	0	0	1	95	0	21321	0	0	15	.	254|9582|597|21321,0|0|0|0,0|0|0|0,0|0|1|15,0|.95|.,.|.
5HT2cR-ligated-N	61	62	C	947	852	95	0	852	0	0	95	0	0	30953	0	0	.	0	254	0	0	0	0	0	9582	0	0	.	0	598	0	0	95	0	0	21371	0	0	.	0|0|0|0,254|9582|598|21371,0|0|0|0,0|0|0|0,0|.95|.,.|.
5HT2cR-ligated-N	62	63	T	947	851	96	0	1	0	851	95	0	0	38	0	32396	.	0	0	0	254	0	0	0	0	0	9619	.	0	1	0	597	95	0	0	38	0	22777	.	0|0|0|0,0|0|1|38,0|0|0|0,254|9619|597|22777,0|.95|.,.|.
5HT2cR-ligated-N	63	64	A	989	989	0	989	0	0	0	0	0	38040	0	0	0	.	254	0	0	0	0	0	9838	0	0	0	.	735	0	0	0	0	0	28202	0	0	0	.	254|9838|735|28202,0|0|0|0,0|0|0|0,0|0|0|0,0|.0|.,.|.
5HT2cR-ligated-N	64	65	A	990	990	0	990	0	0	0	0	0	37967	0	0	0	.	254	0	0	0	0	0	9826	0	0	0	.	736	0	0	0	0	0	28141	0	0	0	.	254|9826|736|28141,0|0|0|0,0|0|0|0,0|0|0|0,0|.0|.,.|.
5HT2cR-ligated-N	65	66	G	1051	1051	0	0	0	1051	0	0	0	0	0	40334	0	.	0	0	254	0	0	0	0	0	9806	0	.	0	0	797	0	0	0	0	0	30528	0	.	0|0|0|0,0|0|0|0,254|9806|797|30528,0|0|0|0,0|.0|.,.|.
5HT2cR-ligated-N	66	67	G	1051	1050	1	1	0	1050	0	0	0	18	0	40236	0	.	0	0	254	0	0	0	0	0	9777	0	.	1	0	796	0	0	0	18	0	30459	0	.	0|0|1|18,0|0|0|0,254|9777|796|30459,0|0|0|0,0|.0|.,.|.
5HT2cR-ligated-N	67	68	C	1051	1051	0	0	1051	0	0	0	0	0	40198	0	0	.	0	254	0	0	0	0	0	9811	0	0	.	0	797	0	0	0	0	0	30387	0	0	.	0|0|0|0,254|9811|797|30387,0|0|0|0,0|0|0|0,0|.0|.,.|.
5HT2cR-ligated-N	68	69	C	1051	956	95	0	956	0	0	95	0	0	36766	0	0	.	0	254	0	0	0	0	0	9848	0	0	.	0	702	0	0	95	0	0	26918	0	0	.	0|0|0|0,254|9848|702|26918,0|0|0|0,0|0|0|0,0|.95|.,.|.
5HT2cR-ligated-N	69	70	A	1051	956	95	956	0	0	0	95	0	36822	0	0	0	.	254	0	0	0	0	0	9849	0	0	0	.	702	0	0	0	95	0	26973	0	0	0	.	254|9849|702|26973,0|0|0|0,0|0|0|0,0|0|0|0,0|.95|.,.|.
5HT2cR-ligated-N	70	71	T	1051	956	95	0	0	0	956	95	0	0	0	0	36865	.	0	0	0	254	0	0	0	0	0	9870	.	0	0	0	702	95	0	0	0	0	26995	.	0|0|0|0,0|0|0|0,0|0|0|0,254|9870|702|26995,0|.95|.,.|.
5HT2cR-ligated-N	71	72	C	1051	1050	1	1	1050	0	0	0	0	38	40266	0	0	.	0	254	0	0	0	0	0	9862	0	0	.	1	796	0	0	0	0	38	30404	0	0	.	0|0|1|38,254|9862|796|30404,0|0|0|0,0|0|0|0,0|.0|.,.|.
5HT2cR-ligated-N	72	73	A	1051	1051	0	1051	0	0	0	0	0	40663	0	0	0	.	254	0	0	0	0	0	9846	0	0	0	.	797	0	0	0	0	0	30817	0	0	0	.	254|9846|797|30817,0|0|0|0,0|0|0|0,0|0|0|0,0|.0|.,.|.
5HT2cR-ligated-N	73	74	T	1051	1031	20	20	0	0	1031	0	0	776	0	0	39909	.	0	0	0	254	0	0	0	0	0	9863	.	20	0	0	777	0	0	776	0	0	30046	.	0|0|20|776,0|0|0|0,0|0|0|0,254|9863|777|30046,0|.0|.,.|.
5HT2cR-ligated-N	74	75	G	1051	1051	0	0	0	1051	0	0	0	0	0	40642	0	.	0	0	254	0	0	0	0	0	9864	0	.	0	0	797	0	0	0	0	0	30778	0	.	0|0|0|0,0|0|0|0,254|9864|797|30778,0|0|0|0,0|.0|.,.|.
5HT2cR-ligated-N	75	76	A	1051	1051	0	1051	0	0	0	0	0	40439	0	0	0	.	254	0	0	0	0	0	9827	0	0	0	.	797	0	0	0	0	0	30612	0	0	0	.	254|9827|797|30612,0|0|0|0,0|0|0|0,0|0|0|0,0|.0|.,.|.
5HT2cR-ligated-N	76	77	A	1051	930	121	930	0	0	121	0	0	35789	0	0	4704	.	133	0	0	121	0	0	5102	0	0	4704	.	797	0	0	0	0	0	30687	0	0	0	.	133|5102|797|30687,0|0|0|0,0|0|0|0,121|4704|0|0,0|.0|.,.|.
5HT2cR-ligated-N	77	78	G	1051	1051	0	0	0	1051	0	0	0	0	0	40485	0	.	0	0	254	0	0	0	0	0	9844	0	.	0	0	797	0	0	0	0	0	30641	0	.	0|0|0|0,0|0|0|0,254|9844|797|30641,0|0|0|0,0|.0|.,.|.
5HT2cR-ligated-N	78	79	A	1051	1002	49	1002	0	0	0	49	0	38582	0	0	0	.	254	0	0	0	0	0	9808	0	0	0	.	748	0	0	0	49	0	28774	0	0	0	.	254|9808|748|28774,0|0|0|0,0|0|0|0,0|0|0|0,0|.49|.,.|.
5HT2cR-ligated-N	79	80	T	1051	904	147	0	1	97	904	49	0	0	16	3780	34960	.	0	0	0	254	0	0	0	0	0	9837	.	0	1	97	650	49	0	0	16	3780	25123	.	0|0|0|0,0|0|1|16,0|0|97|3780,254|9837|650|25123,0|.49|.,.|.
5HT2cR-ligated-N	80	81	T	1050	1001	49	0	0	0	1001	49	0	0	0	0	38752	.	0	0	0	254	0	0	0	0	0	9863	.	0	0	0	747	49	0	0	0	0	28889	.	0|0|0|0,0|0|0|0,0|0|0|0,254|9863|747|28889,0|.49|.,.|.
5HT2cR-ligated-N	81	82	G	1050	887	163	114	0	887	0	49	0	4358	0	34208	0	.	0	0	254	0	0	0	0	0	9848	0	.	114	0	633	0	49	0	4358	0	24360	0	.	0|0|114|4358,0|0|0|0,254|9848|633|24360,0|0|0|0,0|.49|.,.|.
5HT2cR-ligated-N	82	83	C	1050	1001	49	0	1001	0	0	49	0	0	38676	0	0	.	0	254	0	0	0	0	0	9841	0	0	.	0	747	0	0	49	0	0	28835	0	0	.	0|0|0|0,254|9841|747|28835,0|0|0|0,0|0|0|0,0|.49|.,.|.
5HT2cR-ligated-N	83	84	T	1050	906	144	95	0	0	906	49	0	3583	0	0	35167	.	0	0	0	254	0	0	0	0	0	9862	.	95	0	0	652	49	0	3583	0	0	25305	.	0|0|95|3583,0|0|0|0,0|0|0|0,254|9862|652|25305,0|.49|.,.|.
5HT2cR-ligated-N	84	85	A	1050	1050	0	1050	0	0	0	0	0	40627	0	0	0	.	254	0	0	0	0	0	9851	0	0	0	.	796	0	0	0	0	0	30776	0	0	0	.	254|9851|796|30776,0|0|0|0,0|0|0|0,0|0|0|0,0|.0|.,.|.
5HT2cR-ligated-N	85	86	T	1050	1050	0	0	0	0	1050	0	0	0	0	0	40653	.	0	0	0	254	0	0	0	0	0	9862	.	0	0	0	796	0	0	0	0	0	30791	.	0|0|0|0,0|0|0|0,0|0|0|0,254|9862|796|30791,0|.0|.,.|.
5HT2cR-ligated-N	86	87	T	1050	923	127	127	0	0	923	0	0	4939	0	0	35730	.	0	0	0	254	0	0	0	0	0	9852	.	127	0	0	669	0	0	4939	0	0	25878	.	0|0|127|4939,0|0|0|0,0|0|0|0,254|9852|669|25878,0|.0|.,.|.
5HT2cR-ligated-N	87	88	G	1047	920	127	0	0	920	127	0	0	0	0	35615	4948	.	0	0	254	0	0	0	0	0	9867	0	.	0	0	666	127	0	0	0	0	25748	4948	.	0|0|0|0,0|0|0|0,254|9867|666|25748,0|0|127|4948,0|.0|.,.|.
5HT2cR-ligated-N	88	89	T	1047	1045	2	2	0	0	1045	0	0	56	0	0	40412	.	1	0	0	253	0	0	39	0	0	9806	.	1	0	0	792	0	0	17	0	0	30606	.	1|39|1|17,0|0|0|0,0|0|0|0,253|9806|792|30606,0|.0|.,.|.
5HT2cR-ligated-N	89	90	T	1047	1047	0	0	0	0	1047	0	0	0	0	0	40540	.	0	0	0	254	0	0	0	0	0	9863	.	0	0	0	793	0	0	0	0	0	30677	.	0|0|0|0,0|0|0|0,0|0|0|0,254|9863|793|30677,0|.0|.,.|.
5HT2cR-ligated-N	90	91	T	1047	1046	1	0	0	1	1046	0	0	0	0	15	40511	.	0	0	0	254	0	0	0	0	0	9849	.	0	0	1	792	0	0	0	0	15	30662	.	0|0|0|0,0|0|0|0,0|0|1|15,254|9849|792|30662,0|.0|.,.|.
5HT2cR-ligated-N	91	92	G	1373	1373	0	0	0	1373	0	0	0	0	0	52440	0	.	0	0	254	0	0	0	0	0	9840	0	.	0	0	1119	0	0	0	0	0	42600	0	.	0|0|0|0,0|0|0|0,254|9840|1119|42600,0|0|0|0,0|.0|.,.|.
5HT2cR-ligated-N	92	93	G	1373	1372	1	0	0	1372	1	0	0	0	0	51979	2	.	0	0	254	0	0	0	0	0	9633	0	.	0	0	1118	1	0	0	0	0	42346	2	.	0|0|0|0,0|0|0|0,254|9633|1118|42346,0|0|1|2,0|.0|.,.|.
5HT2cR-ligated-N	93	94	G	1373	1373	0	0	0	1373	0	0	0	0	0	51871	0	.	0	0	254	0	0	0	0	0	9605	0	.	0	0	1119	0	0	0	0	0	42266	0	.	0|0|0|0,0|0|0|0,254|9605|1119|42266,0|0|0|0,0|.0|.,.|.
5HT2cR-ligated-N	94	95	C	1374	1334	40	0	1334	0	1	39	0	0	51218	0	39	.	0	215	0	0	39	0	0	8348	0	0	.	0	1119	0	1	0	0	0	42870	0	39	.	0|0|0|0,215|8348|1119|42870,0|0|0|0,0|0|1|39,39|.0|.,.|.
5HT2cR-ligated-N	95	96	A	1370	1331	39	1331	0	39	0	0	0	51465	0	1471	0	.	211	0	39	0	0	0	8186	0	1471	0	.	1120	0	0	0	0	0	43279	0	0	0	.	211|8186|1120|43279,0|0|0|0,39|1471|0|0,0|0|0|0,0|.0|.,.|.
5HT2cR-ligated-N	96	97	A	1370	1370	0	1370	0	0	0	0	0	52717	0	0	0	.	250	0	0	0	0	0	9459	0	0	0	.	1120	0	0	0	0	0	43258	0	0	0	.	250|9459|1120|43258,0|0|0|0,0|0|0|0,0|0|0|0,0|.0|.,.|.
5HT2cR-ligated-N	97	98	T	1370	1369	1	0	1	0	1369	0	0	0	20	0	52804	.	0	0	0	250	0	0	0	0	0	9667	.	0	1	0	1119	0	0	0	20	0	43137	.	0|0|0|0,0|0|1|20,0|0|0|0,250|9667|1119|43137,0|.0|.,.|.
5HT2cR-ligated-N	98	99	T	1370	1370	0	0	0	0	1370	0	0	0	0	0	52902	.	0	0	0	250	0	0	0	0	0	9706	.	0	0	0	1120	0	0	0	0	0	43196	.	0|0|0|0,0|0|0|0,0|0|0|0,250|9706|1120|43196,0|.0|.,.|.
5HT2cR-ligated-N	99	100	T	1370	1370	0	0	0	0	1370	0	0	0	0	0	52944	.	0	0	0	250	0	0	0	0	0	9707	.	0	0	0	1120	0	0	0	0	0	43237	.	0|0|0|0,0|0|0|0,0|0|0|0,250|9707|1120|43237,0|.0|.,.|.
5HT2cR-ligated-N	100	101	C	1370	1249	121	0	1249	0	0	121	0	0	48292	0	0	.	0	129	0	0	121	0	0	4999	0	0	.	0	1120	0	0	0	0	0	43293	0	0	.	0|0|0|0,129|4999|1120|43293,0|0|0|0,0|0|0|0,121|.0|.,.|.
5HT2cR-ligated-N	101	102	T	1370	1125	245	0	0	82	1125	163	0	0	0	3183	43535	.	0	0	0	129	121	0	0	0	0	5010	.	0	0	82	996	42	0	0	0	3183	38525	.	0|0|0|0,0|0|0|0,0|0|82|3183,129|5010|996|38525,121|.42|.,.|.
5HT2cR-ligated-N	102	103	A	1370	1207	163	1207	0	0	0	163	0	46606	0	0	0	.	129	0	0	0	121	0	4998	0	0	0	.	1078	0	0	0	42	0	41608	0	0	0	.	129|4998|1078|41608,0|0|0|0,0|0|0|0,0|0|0|0,121|.42|.,.|.
5HT2cR-ligated-N	103	104	T	1370	1370	0	0	0	0	1370	0	0	0	0	0	52963	.	0	0	0	250	0	0	0	0	0	9712	.	0	0	0	1120	0	0	0	0	0	43251	.	0|0|0|0,0|0|0|0,0|0|0|0,250|9712|1120|43251,0|.0|.,.|.
5HT2cR-ligated-N	104	105	A	1370	1369	1	1369	1	0	0	0	0	52938	8	0	0	.	250	0	0	0	0	0	9674	0	0	0	.	1119	1	0	0	0	0	43264	8	0	0	.	250|9674|1119|43264,0|0|1|8,0|0|0|0,0|0|0|0,0|.0|.,.|.
5HT2cR-ligated-N	105	106	G	1370	1370	0	0	0	1370	0	0	0	0	0	52910	0	.	0	0	250	0	0	0	0	0	9686	0	.	0	0	1120	0	0	0	0	0	43224	0	.	0|0|0|0,0|0|0|0,250|9686|1120|43224,0|0|0|0,0|.0|.,.|.
5HT2cR-ligated-N	106	107	G	1370	1370	0	0	0	1370	0	0	0	0	0	52937	0	.	0	0	250	0	0	0	0	0	9700	0	.	0	0	1120	0	0	0	0	0	43237	0	.	0|0|0|0,0|0|0|0,250|9700|1120|43237,0|0|0|0,0|.0|.,.|.
5HT2cR-ligated-N	107	108	T	1290	1174	116	116	0	0	1174	0	0	4510	0	0	45301	.	0	0	0	250	0	0	0	0	0	9646	.	116	0	0	924	0	0	4510	0	0	35655	.	0|0|116|4510,0|0|0|0,0|0|0|0,250|9646|924|35655,0|.0|.,.|.
5HT2cR-ligated-N	108	109	A	1310	1310	0	1310	0	0	0	0	0	50610	0	0	0	.	270	0	0	0	0	0	10399	0	0	0	.	1040	0	0	0	0	0	40211	0	0	0	.	270|10399|1040|40211,0|0|0|0,0|0|0|0,0|0|0|0,0|.0|.,.|.
5HT2cR-ligated-N	109	110	A	1310	1264	46	1264	0	0	46	0	0	48924	0	0	1775	.	225	0	0	45	0	0	8709	0	0	1738	.	1039	0	0	1	0	0	40215	0	0	37	.	225|8709|1039|40215,0|0|0|0,0|0|0|0,45|1738|1|37,0|.0|.,.|.
5HT2cR-ligated-N	110	111	A	1310	1310	0	1310	0	0	0	0	0	50698	0	0	0	.	270	0	0	0	0	0	10440	0	0	0	.	1040	0	0	0	0	0	40258	0	0	0	.	270|10440|1040|40258,0|0|0|0,0|0|0|0,0|0|0|0,0|.0|.,.|.
5HT2cR-ligated-N	111	112	T	1310	1196	114	113	0	0	1196	1	74	4295	0	0	46252	.A,A,A,A,A,A,A,A,A,A,A,A,A,A,A,A,A,A,A,A,A,A,A,A,A,A,A,A,A,A,A,A,A,A,A,A,A,A,A,A,A,A,A,A,A,A,A,A,A,A,A,A,A,A,A,A,A,A,A,A,A,A,A,A,A,A,A,A,A,A,A,A,A,A	0	0	0	270	0	0	0	0	0	10459	.	113	0	0	926	1	74	4295	0	0	35793	A,A,A,A,A,A,A,A,A,A,A,A,A,A,A,A,A,A,A,A,A,A,A,A,A,A,A,A,A,A,A,A,A,A,A,A,A,A,A,A,A,A,A,A,A,A,A,A,A,A,A,A,A,A,A,A,A,A,A,A,A,A,A,A,A,A,A,A,A,A,A,A,A,A	0|0|113|4295,0|0|0|0,0|0|0|0,270|10459|926|35793,0|.1|.,.|A,A,A,A,A,A,A,A,A,A,A,A,A,A,A,A,A,A,A,A,A,A,A,A,A,A,A,A,A,A,A,A,A,A,A,A,A,A,A,A,A,A,A,A,A,A,A,A,A,A,A,A,A,A,A,A,A,A,A,A,A,A,A,A,A,A,A,A,A,A,A,A,A,A
5HT2cR-ligated-N	112	113	A	1310	1310	0	1310	0	0	0	0	0	50687	0	0	0	.	270	0	0	0	0	0	10460	0	0	0	.	1040	0	0	0	0	0	40227	0	0	0	.	270|10460|1040|40227,0|0|0|0,0|0|0|0,0|0|0|0,0|.0|.,.|.
5HT2cR-ligated-N	113	114	A	1310	1310	0	1310	0	0	0	0	0	50689	0	0	0	.	270	0	0	0	0	0	10451	0	0	0	.	1040	0	0	0	0	0	40238	0	0	0	.	270|10451|1040|40238,0|0|0|0,0|0|0|0,0|0|0|0,0|.0|.,.|.
5HT2cR-ligated-N	114	115	A	1310	1310	0	1310	0	0	0	0	0	50540	0	0	0	.	270	0	0	0	0	0	10470	0	0	0	.	1040	0	0	0	0	0	40070	0	0	0	.	270|10470|1040|40070,0|0|0|0,0|0|0|0,0|0|0|0,0|.0|.,.|.
5HT2cR-ligated-N	115	116	A	1310	1310	0	1310	0	0	0	0	0	50054	0	0	0	.	270	0	0	0	0	0	10478	0	0	0	.	1040	0	0	0	0	0	39576	0	0	0	.	270|10478|1040|39576,0|0|0|0,0|0|0|0,0|0|0|0,0|.0|.,.|.
5HT2cR-ligated-N	116	117	C	1310	1310	0	0	1310	0	0	0	0	0	50042	0	0	.	0	270	0	0	0	0	0	10486	0	0	.	0	1040	0	0	0	0	0	39556	0	0	.	0|0|0|0,270|10486|1040|39556,0|0|0|0,0|0|0|0,0|.0|.,.|.
5HT2cR-ligated-N	117	118	T	1310	1040	270	0	0	0	1040	270	0	0	0	0	40063	.	0	0	0	270	0	0	0	0	0	10492	.	0	0	0	770	270	0	0	0	0	29571	.	0|0|0|0,0|0|0|0,0|0|0|0,270|10492|770|29571,0|.270|.,.|.
5HT2cR-ligated-N	118	119	T	1310	1196	114	0	0	0	1196	114	0	0	0	0	46068	.	0	0	0	270	0	0	0	0	0	10502	.	0	0	0	926	114	0	0	0	0	35566	.	0|0|0|0,0|0|0|0,0|0|0|0,270|10502|926|35566,0|.114|.,.|.
5HT2cR-ligated-N	119	120	T	1290	1290	0	0	0	0	1290	0	0	0	0	0	49771	.	0	0	0	270	0	0	0	0	0	10499	.	0	0	0	1020	0	0	0	0	0	39272	.	0|0|0|0,0|0|0|0,0|0|0|0,270|10499|1020|39272,0|.0|.,.|.
5HT2cR-ligated-N	120	121	T	1290	1290	0	0	0	0	1290	0	0	0	0	0	49884	.	0	0	0	270	0	0	0	0	0	10491	.	0	0	0	1020	0	0	0	0	0	39393	.	0|0|0|0,0|0|0|0,0|0|0|0,270|10491|1020|39393,0|.0|.,.|.
5HT2cR-ligated-N	121	122	T	1290	1289	1	0	0	1	1289	0	0	0	0	16	49912	.	0	0	1	269	0	0	0	0	16	10456	.	0	0	0	1020	0	0	0	0	0	39456	.	0|0|0|0,0|0|0|0,1|16|0|0,269|10456|1020|39456,0|.0|.,.|.
5HT2cR-ligated-N	122	123	G	1669	1669	0	0	0	1669	0	0	0	0	0	64344	0	.	0	0	270	0	0	0	0	0	10470	0	.	0	0	1399	0	0	0	0	0	53874	0	.	0|0|0|0,0|0|0|0,270|10470|1399|53874,0|0|0|0,0|.0|.,.|.
5HT2cR-ligated-N	123	124	G	1669	1669	0	0	0	1669	0	0	0	0	0	64270	0	.	0	0	270	0	0	0	0	0	10454	0	.	0	0	1399	0	0	0	0	0	53816	0	.	0|0|0|0,0|0|0|0,270|10454|1399|53816,0|0|0|0,0|.0|.,.|.
5HT2cR-ligated-N	124	125	C	1669	1669	0	0	1669	0	0	0	0	0	64265	0	0	.	0	270	0	0	0	0	0	10490	0	0	.	0	1399	0	0	0	0	0	53775	0	0	.	0|0|0|0,270|10490|1399|53775,0|0|0|0,0|0|0|0,0|.0|.,.|.
5HT2cR-ligated-N	125	126	C	1669	1667	2	0	1667	0	2	0	0	0	64467	0	52	.	0	270	0	0	0	0	0	10509	0	0	.	0	1397	0	2	0	0	0	53958	0	52	.	0|0|0|0,270|10509|1397|53958,0|0|0|0,0|0|2|52,0|.0|.,.|.
5HT2cR-ligated-N	126	127	A	1419	1344	75	1344	0	0	1	74	0	51960	0	0	37	.	20	0	0	0	0	0	766	0	0	0	.	1324	0	0	1	74	0	51194	0	0	37	.	20|766|1324|51194,0|0|0|0,0|0|0|0,0|0|1|37,0|.74|.,.|.
5HT2cR-ligated-N	127	128	T	1419	1345	74	0	0	0	1345	74	0	0	0	0	52001	.	0	0	0	20	0	0	0	0	0	772	.	0	0	0	1325	74	0	0	0	0	51229	.	0|0|0|0,0|0|0|0,0|0|0|0,20|772|1325|51229,0|.74|.,.|.
5HT2cR-ligated-N	128	129	A	1419	1419	0	1419	0	0	0	0	0	54956	0	0	0	.	20	0	0	0	0	0	772	0	0	0	.	1399	0	0	0	0	0	54184	0	0	0	.	20|772|1399|54184,0|0|0|0,0|0|0|0,0|0|0|0,0|.0|.,.|.
5HT2cR-ligated-N	129	130	A	1419	1419	0	1419	0	0	0	0	0	54942	0	0	0	.	20	0	0	0	0	0	768	0	0	0	.	1399	0	0	0	0	0	54174	0	0	0	.	20|768|1399|54174,0|0|0|0,0|0|0|0,0|0|0|0,0|.0|.,.|.
5HT2cR-ligated-N	130	131	G	1419	1419	0	0	0	1419	0	0	0	0	0	54794	0	.	0	0	20	0	0	0	0	0	767	0	.	0	0	1399	0	0	0	0	0	54027	0	.	0|0|0|0,0|0|0|0,20|767|1399|54027,0|0|0|0,0|.0|.,.|.
5HT2cR-ligated-N	131	132	A	1419	1419	0	1419	0	0	0	0	0	54893	0	0	0	.	20	0	0	0	0	0	744	0	0	0	.	1399	0	0	0	0	0	54149	0	0	0	.	20|744|1399|54149,0|0|0|0,0|0|0|0,0|0|0|0,0|.0|.,.|.
5HT2cR-ligated-N	132	133	A	1419	1419	0	1419	0	0	0	0	0	54868	0	0	0	.	20	0	0	0	0	0	770	0	0	0	.	1399	0	0	0	0	0	54098	0	0	0	.	20|770|1399|54098,0|0|0|0,0|0|0|0,0|0|0|0,0|.0|.,.|.
5HT2cR-ligated-N	133	134	T	1419	1398	21	0	0	21	1398	0	0	0	0	817	53827	.	0	0	0	20	0	0	0	0	0	774	.	0	0	21	1378	0	0	0	0	817	53053	.	0|0|0|0,0|0|0|0,0|0|21|817,20|774|1378|53053,0|.0|.,.|.
5HT2cR-ligated-N	134	135	T	1419	1196	223	0	0	223	1196	0	0	0	0	8667	46181	.	0	0	0	20	0	0	0	0	0	771	.	0	0	223	1176	0	0	0	0	8667	45410	.	0|0|0|0,0|0|0|0,0|0|223|8667,20|771|1176|45410,0|.0|.,.|.
5HT2cR-ligated-N	135	136	G	1422	1422	0	0	0	1422	0	0	0	0	0	53929	0	.	0	0	20	0	0	0	0	0	759	0	.	0	0	1402	0	0	0	0	0	53170	0	.	0|0|0|0,0|0|0|0,20|759|1402|53170,0|0|0|0,0|.0|.,.|.
5HT2cR-ligated-N	136	137	C	1422	1422	0	0	1422	0	0	0	0	0	53951	0	0	.	0	20	0	0	0	0	0	764	0	0	.	0	1402	0	0	0	0	0	53187	0	0	.	0|0|0|0,20|764|1402|53187,0|0|0|0,0|0|0|0,0|.0|.,.|.
5HT2cR-ligated-N	137	138	A	1422	1402	20	1402	0	20	0	0	0	53182	0	750	0	.	0	0	20	0	0	0	0	0	750	0	.	1402	0	0	0	0	0	53182	0	0	0	.	0|0|1402|53182,0|0|0|0,20|750|0|0,0|0|0|0,0|.0|.,.|.
5HT2cR-ligated-N	138	139	G	1422	1336	86	1	0	1336	85	0	0	26	0	50634	3253	.	0	0	20	0	0	0	0	0	749	0	.	1	0	1316	85	0	0	26	0	49885	3253	.	0|0|1|26,0|0|0|0,20|749|1316|49885,0|0|85|3253,0|.0|.,.|.
5HT2cR-ligated-N	139	140	C	1422	1422	0	0	1422	0	0	0	0	0	53875	0	0	.	0	20	0	0	0	0	0	735	0	0	.	0	1402	0	0	0	0	0	53140	0	0	.	0|0|0|0,20|735|1402|53140,0|0|0|0,0|0|0|0,0|.0|.,.|.
5HT2cR-ligated-N	140	141	G	1422	1422	0	0	0	1422	0	0	0	0	0	54850	0	.	0	0	20	0	0	0	0	0	754	0	.	0	0	1402	0	0	0	0	0	54096	0	.	0|0|0|0,0|0|0|0,20|754|1402|54096,0|0|0|0,0|.0|.,.|.
5HT2cR-ligated-N	141	142	G	1422	1364	58	0	0	1364	58	0	0	0	0	52409	2212	.	0	0	20	0	0	0	0	0	759	0	.	0	0	1344	58	0	0	0	0	51650	2212	.	0|0|0|0,0|0|0|0,20|759|1344|51650,0|0|58|2212,0|.0|.,.|.
5HT2cR-ligated-N	142	143	C	1422	1420	2	0	1420	2	0	0	0	0	54478	19	0	.	0	20	0	0	0	0	0	755	0	0	.	0	1400	2	0	0	0	0	53723	19	0	.	0|0|0|0,20|755|1400|53723,0|0|2|19,0|0|0|0,0|.0|.,.|.
5HT2cR-ligated-N	143	144	T	1422	1422	0	0	0	0	1422	0	0	0	0	0	54778	.	0	0	0	20	0	0	0	0	0	758	.	0	0	0	1402	0	0	0	0	0	54020	.	0|0|0|0,0|0|0|0,0|0|0|0,20|758|1402|54020,0|.0|.,.|.
5HT2cR-ligated-N	144	145	A	1422	1421	1	1421	0	0	1	0	0	54950	0	0	16	.	20	0	0	0	0	0	758	0	0	0	.	1401	0	0	1	0	0	54192	0	0	16	.	20|758|1401|54192,0|0|0|0,0|0|0|0,0|0|1|16,0|.0|.,.|.
5HT2cR-ligated-N	145	146	T	1422	1376	46	0	0	46	1376	0	0	0	0	1784	53069	.	0	0	0	20	0	0	0	0	0	766	.	0	0	46	1356	0	0	0	0	1784	52303	.	0|0|0|0,0|0|0|0,0|0|46|1784,20|766|1356|52303,0|.0|.,.|.
5HT2cR-ligated-N	146	147	G	1422	1422	0	0	0	1422	0	0	0	0	0	54786	0	.	0	0	20	0	0	0	0	0	760	0	.	0	0	1402	0	0	0	0	0	54026	0	.	0|0|0|0,0|0|0|0,20|760|1402|54026,0|0|0|0,0|.0|.,.|.
5HT2cR-ligated-N	147	148	C	1422	1405	17	0	1405	0	1	16	0	0	54075	0	15	.	0	20	0	0	0	0	0	761	0	0	.	0	1385	0	1	16	0	0	53314	0	15	.	0|0|0|0,20|761|1385|53314,0|0|0|0,0|0|1|15,0|.16|.,.|.
5HT2cR-ligated-N	148	149	T	1422	1403	19	0	0	3	1403	16	0	0	0	35	53555	.	0	0	0	20	0	0	0	0	0	766	.	0	0	3	1383	16	0	0	0	35	52789	.	0|0|0|0,0|0|0|0,0|0|3|35,20|766|1383|52789,0|.16|.,.|.
5HT2cR-ligated-N	149	150	C	1453	1451	2	1	1451	1	0	0	0	17	55290	17	0	.	0	51	0	0	0	0	0	1802	0	0	.	1	1400	1	0	0	0	17	53488	17	0	.	0|0|1|17,51|1802|1400|53488,0|0|1|17,0|0|0|0,0|.0|.,.|.
5HT2cR-ligated-N	150	151	A	1453	1325	128	1325	0	0	1	127	0	50687	0	0	16	.	51	0	0	0	0	0	1795	0	0	0	.	1274	0	0	1	127	0	48892	0	0	16	.	51|1795|1274|48892,0|0|0|0,0|0|0|0,0|0|1|16,0|.127|.,.|.
5HT2cR-ligated-N	151	152	A	1453	1452	1	1452	0	0	1	0	0	55596	0	0	16	.	51	0	0	0	0	0	1911	0	0	0	.	1401	0	0	1	0	0	53685	0	0	16	.	51|1911|1401|53685,0|0|0|0,0|0|0|0,0|0|1|16,0|.0|.,.|.
5HT2cR-ligated-N	152	153	T	1453	1287	166	0	39	127	1287	0	0	0	1485	4910	48734	.	0	0	0	51	0	0	0	0	0	1898	.	0	39	127	1236	0	0	0	1485	4910	46836	.	0|0|0|0,0|0|39|1485,0|0|127|4910,51|1898|1236|46836,0|.0|.,.|.
5HT2cR-ligated-N	153	154	A	1453	1447	6	1447	3	1	2	0	0	54284	63	15	34	.	51	0	0	0	0	0	1868	0	0	0	.	1396	3	1	2	0	0	52416	63	15	34	.	51|1868|1396|52416,0|0|3|63,0|0|1|15,0|0|2|34,0|.0|.,.|.
5HT2cR-ligated-N	154	155	C	1453	1451	2	0	1451	0	2	0	0	0	54204	0	28	.	0	51	0	0	0	0	0	1866	0	0	.	0	1400	0	2	0	0	0	52338	0	28	.	0|0|0|0,51|1866|1400|52338,0|0|0|0,0|0|2|28,0|.0|.,.|.
5HT2cR-ligated-N	155	156	T	1437	1435	2	1	1	0	1435	0	0	14	12	0	53278	.	0	0	0	51	0	0	0	0	0	1914	.	1	1	0	1384	0	0	14	12	0	51364	.	0|0|1|14,0|0|1|12,0|0|0|0,51|1914|1384|51364,0|.0|.,.|.
5HT2cR-ligated-N	156	157	T	1437	1380	57	0	0	57	1380	0	0	0	0	2164	51453	.	0	0	0	51	0	0	0	0	0	1932	.	0	0	57	1329	0	0	0	0	2164	49521	.	0|0|0|0,0|0|0|0,0|0|57|2164,51|1932|1329|49521,0|.0|.,.|.
5HT2cR-ligated-N	157	158	T	1437	1321	116	16	0	100	1321	0	0	592	0	3762	49224	.	0	0	0	51	0	0	0	0	0	1946	.	16	0	100	1270	0	0	592	0	3762	47278	.	0|0|16|592,0|0|0|0,0|0|100|3762,51|1946|1270|47278,0|.0|.,.|.
5HT2cR-ligated-N	158	159	C	1437	1434	3	2	1434	1	0	0	0	36	53564	16	0	.	0	51	0	0	0	0	0	1902	0	0	.	2	1383	1	0	0	0	36	51662	16	0	.	0|0|2|36,51|1902|1383|51662,0|0|1|16,0|0|0|0,0|.0|.,.|.
5HT2cR-ligated-N	159	160	G	1486	1485	1	1	0	1485	0	0	0	17	0	56737	0	.	0	0	51	0	0	0	0	0	1909	0	.	1	0	1434	0	0	0	17	0	54828	0	.	0|0|1|17,0|0|0|0,51|1909|1434|54828,0|0|0|0,0|.0|.,.|.
5HT2cR-ligated-N	160	161	G	1469	1469	0	0	0	1469	0	0	0	0	0	56259	0	.	0	0	51	0	0	0	0	0	1952	0	.	0	0	1418	0	0	0	0	0	54307	0	.	0|0|0|0,0|0|0|0,51|1952|1418|54307,0|0|0|0,0|.0|.,.|.
5HT2cR-ligated-N	161	162	A	1469	1468	1	1468	0	1	0	0	0	56560	0	17	0	.	50	0	1	0	0	0	1900	0	17	0	.	1418	0	0	0	0	0	54660	0	0	0	.	50|1900|1418|54660,0|0|0|0,1|17|0|0,0|0|0|0,0|.0|.,.|.
5HT2cR-ligated-N	162	163	T	1475	1473	2	0	1	1	1473	0	0	0	39	4	56461	.	0	0	0	51	0	0	0	0	0	1924	.	0	1	1	1422	0	0	0	39	4	54537	.	0|0|0|0,0|0|1|39,0|0|1|4,51|1924|1422|54537,0|.0|.,.|.
5HT2cR-ligated-N	163	164	T	1433	1433	0	0	0	0	1433	0	0	0	0	0	55139	.	0	0	0	51	0	0	0	0	0	1947	.	0	0	0	1382	0	0	0	0	0	53192	.	0|0|0|0,0|0|0|0,0|0|0|0,51|1947|1382|53192,0|.0|.,.|.
5HT2cR-ligated-N	164	165	A	1446	1424	22	1424	1	1	20	0	0	54840	17	39	779	.	31	0	0	20	0	0	1172	0	0	779	.	1393	1	1	0	0	0	53668	17	39	0	.	31|1172|1393|53668,0|0|1|17,0|0|1|39,20|779|0|0,0|.0|.,.|.
5HT2cR-ligated-N	165	166	T	1454	1436	18	17	0	1	1436	0	0	663	0	16	55074	.	0	0	0	59	0	0	0	0	0	2277	.	17	0	1	1377	0	0	663	0	16	52797	.	0|0|17|663,0|0|0|0,0|0|1|16,59|2277|1377|52797,0|.0|.,.|.
5HT2cR-ligated-N	166	167	G	1454	1452	2	0	0	1452	2	0	0	0	0	55605	34	.	0	0	59	0	0	0	0	0	2263	0	.	0	0	1393	2	0	0	0	0	53342	34	.	0|0|0|0,0|0|0|0,59|2263|1393|53342,0|0|2|34,0|.0|.,.|.
5HT2cR-ligated-N	167	168	T	1454	1453	1	1	0	0	1453	0	0	39	0	0	55436	.	0	0	0	59	0	0	0	0	0	2246	.	1	0	0	1394	0	0	39	0	0	53190	.	0|0|1|39,0|0|0|0,0|0|0|0,59|2246|1394|53190,0|.0|.,.|.
5HT2cR-ligated-N	168	169	A	1454	1422	32	1422	1	31	0	0	0	53922	15	1193	0	.	28	0	31	0	0	0	1072	0	1193	0	.	1394	1	0	0	0	0	52850	15	0	0	.	28|1072|1394|52850,0|0|1|15,31|1193|0|0,0|0|0|0,0|.0|.,.|.
5HT2cR-ligated-N	169	170	C	1454	1414	40	0	1414	0	0	40	0	0	54078	0	0	.	0	59	0	0	0	0	0	2267	0	0	.	0	1355	0	0	40	0	0	51811	0	0	.	0|0|0|0,59|2267|1355|51811,0|0|0|0,0|0|0|0,0|.40|.,.|.
5HT2cR-ligated-N	170	171	T	1454	1453	1	0	1	0	1453	0	0	0	39	0	55814	.	0	0	0	59	0	0	0	0	0	2278	.	0	1	0	1394	0	0	0	39	0	53536	.	0|0|0|0,0|0|1|39,0|0|0|0,59|2278|1394|53536,0|.0|.,.|.
5HT2cR-ligated-N	171	172	G	1396	1395	1	1	0	1395	0	0	0	5	0	53682	0	.	0	0	62	0	0	0	0	0	2381	0	.	1	0	1333	0	0	0	5	0	51301	0	.	0|0|1|5,0|0|0|0,62|2381|1333|51301,0|0|0|0,0|.0|.,.|.
5HT2cR-ligated-N	172	173	T	1396	1394	2	1	0	1	1394	0	0	17	0	17	53328	.	0	0	0	62	0	0	0	0	0	2378	.	1	0	1	1332	0	0	17	0	17	50950	.	0|0|1|17,0|0|0|0,0|0|1|17,62|2378|1332|50950,0|.0|.,.|.
5HT2cR-ligated-N	173	174	G	1396	1396	0	0	0	1396	0	0	0	0	0	53453	0	.	0	0	62	0	0	0	0	0	2359	0	.	0	0	1334	0	0	0	0	0	51094	0	.	0|0|0|0,0|0|0|0,62|2359|1334|51094,0|0|0|0,0|.0|.,.|.
5HT2cR-ligated-N	174	175	A	1396	1394	2	1394	0	1	1	0	0	53360	0	39	32	.	62	0	0	0	0	0	2359	0	0	0	.	1332	0	1	1	0	0	51001	0	39	32	.	62|2359|1332|51001,0|0|0|0,0|0|1|39,0|0|1|32,0|.0|.,.|.
5HT2cR-ligated-N	175	176	A	1396	1394	2	1394	2	0	0	0	0	52028	30	0	0	.	62	0	0	0	0	0	2341	0	0	0	.	1332	2	0	0	0	0	49687	30	0	0	.	62|2341|1332|49687,0|0|2|30,0|0|0|0,0|0|0|0,0|.0|.,.|.
5HT2cR-ligated-N	176	177	C	1396	1396	0	0	1396	0	0	0	0	0	53575	0	0	.	0	62	0	0	0	0	0	2344	0	0	.	0	1334	0	0	0	0	0	51231	0	0	.	0|0|0|0,62|2344|1334|51231,0|0|0|0,0|0|0|0,0|.0|.,.|.
5HT2cR-ligated-N	177	178	A	1396	1376	20	1376	0	0	0	20	0	52805	0	0	0	.	42	0	0	0	20	0	1619	0	0	0	.	1334	0	0	0	0	0	51186	0	0	0	.	42|1619|1334|51186,0|0|0|0,0|0|0|0,0|0|0|0,20|.0|.,.|.
5HT2cR-ligated-N	178	179	A	1396	1396	0	1396	0	0	0	0	0	53094	0	0	0	.	62	0	0	0	0	0	2368	0	0	0	.	1334	0	0	0	0	0	50726	0	0	0	.	62|2368|1334|50726,0|0|0|0,0|0|0|0,0|0|0|0,0|.0|.,.|.
5HT2cR-ligated-N	179	180	C	1396	1375	21	0	1375	0	0	21	0	0	52629	0	0	.	0	62	0	0	0	0	0	2376	0	0	.	0	1313	0	0	21	0	0	50253	0	0	.	0|0|0|0,62|2376|1313|50253,0|0|0|0,0|0|0|0,0|.21|.,.|.
5HT2cR-ligated-N	180	181	G	1393	1392	1	1	0	1392	0	0	0	39	0	53598	0	.	0	0	62	0	0	0	0	0	2362	0	.	1	0	1330	0	0	0	39	0	51236	0	.	0|0|1|39,0|0|0|0,62|2362|1330|51236,0|0|0|0,0|.0|.,.|.
5HT2cR-ligated-N	181	182	T	1393	1308	85	67	0	0	1308	18	0	2605	0	0	50079	.	0	0	0	62	0	0	0	0	0	2361	.	67	0	0	1246	18	0	2605	0	0	47718	.	0|0|67|2605,0|0|0|0,0|0|0|0,62|2361|1246|47718,0|.18|.,.|.
5HT2cR-ligated-N	182	183	A	1393	1391	2	1391	0	1	1	0	0	53304	0	39	16	.	62	0	0	0	0	0	2383	0	0	0	.	1329	0	1	1	0	0	50921	0	39	16	.	62|2383|1329|50921,0|0|0|0,0|0|1|39,0|0|1|16,0|.0|.,.|.
5HT2cR-ligated-N	183	184	C	1393	1393	0	0	1393	0	0	0	0	0	52376	0	0	.	0	62	0	0	0	0	0	2410	0	0	.	0	1331	0	0	0	0	0	49966	0	0	.	0|0|0|0,62|2410|1331|49966,0|0|0|0,0|0|0|0,0|.0|.,.|.
5HT2cR-ligated-N	184	185	A	1393	1392	1	1392	0	0	1	0	0	53355	0	0	32	.	62	0	0	0	0	0	2363	0	0	0	.	1330	0	0	1	0	0	50992	0	0	32	.	62|2363|1330|50992,0|0|0|0,0|0|0|0,0|0|1|32,0|.0|.,.|.
5HT2cR-ligated-N	185	186	G	1393	1392	1	0	0	1392	1	0	0	0	0	52093	19	.	0	0	62	0	0	0	0	0	2385	0	.	0	0	1330	1	0	0	0	0	49708	19	.	0|0|0|0,0|0|0|0,62|2385|1330|49708,0|0|1|19,0|.0|.,.|.
5HT2cR-ligated-N	186	187	A	1393	1390	3	1390	0	2	1	0	0	51907	0	53	15	.	62	0	0	0	0	0	2407	0	0	0	.	1328	0	2	1	0	0	49500	0	53	15	.	62|2407|1328|49500,0|0|0|0,0|0|2|53,0|0|1|15,0|.0|.,.|.
5HT2cR-ligated-N	187	188	C	1393	1389	4	2	1389	1	1	0	0	32	52013	16	37	.	0	62	0	0	0	0	0	2412	0	0	.	2	1327	1	1	0	0	32	49601	16	37	.	0|0|2|32,62|2412|1327|49601,0|0|1|16,0|0|1|37,0|.0|.,.|.
5HT2cR-ligated-N	188	189	G	1390	1369	21	0	0	1369	21	0	0	0	0	51276	815	.	0	0	62	0	0	0	0	0	2363	0	.	0	0	1307	21	0	0	0	0	48913	815	.	0|0|0|0,0|0|0|0,62|2363|1307|48913,0|0|21|815,0|.0|.,.|.
5HT2cR-ligated-N	189	190	T	1390	1044	346	346	0	0	1044	0	0	13034	0	0	38944	.	0	0	0	62	0	0	0	0	0	2341	.	346	0	0	982	0	0	13034	0	0	36603	.	0|0|346|13034,0|0|0|0,0|0|0|0,62|2341|982|36603,0|.0|.,.|.
5HT2cR-ligated-N	190	191	C	1390	1390	0	0	1390	0	0	0	0	0	51879	0	0	.	0	62	0	0	0	0	0	2365	0	0	.	0	1328	0	0	0	0	0	49514	0	0	.	0|0|0|0,62|2365|1328|49514,0|0|0|0,0|0|0|0,0|.0|.,.|.
5HT2cR-ligated-N	191	192	G	1390	1390	0	0	0	1390	0	0	0	0	0	52800	0	.	0	0	62	0	0	0	0	0	2362	0	.	0	0	1328	0	0	0	0	0	50438	0	.	0|0|0|0,0|0|0|0,62|2362|1328|50438,0|0|0|0,0|.0|.,.|.
5HT2cR-ligated-N	192	193	A	1390	1382	8	1382	1	1	6	0	0	52359	16	16	122	.	62	0	0	0	0	0	2370	0	0	0	.	1320	1	1	6	0	0	49989	16	16	122	.	62|2370|1320|49989,0|0|1|16,0|0|1|16,0|0|6|122,0|.0|.,.|.
5HT2cR-ligated-N	193	194	C	1390	1389	1	0	1389	1	0	0	0	0	52828	38	0	.	0	62	0	0	0	0	0	2371	0	0	.	0	1327	1	0	0	0	0	50457	38	0	.	0|0|0|0,62|2371|1327|50457,0|0|1|38,0|0|0|0,0|.0|.,.|.
5HT2cR-ligated-N	194	195	T	1390	1219	171	57	0	114	1219	0	0	2220	0	4362	46587	.	0	0	0	62	0	0	0	0	0	2369	.	57	0	114	1157	0	0	2220	0	4362	44218	.	0|0|57|2220,0|0|0|0,0|0|114|4362,62|2369|1157|44218,0|.0|.,.|.
5HT2cR-ligated-N	195	196	G	1390	1333	57	57	0	1333	0	0	0	2220	0	50870	0	.	0	0	62	0	0	0	0	0	2372	0	.	57	0	1271	0	0	0	2220	0	48498	0	.	0|0|57|2220,0|0|0|0,62|2372|1271|48498,0|0|0|0,0|.0|.,.|.
5HT2cR-ligated-N	196	197	G	1390	1332	58	57	0	1332	1	0	0	2217	0	50656	16	.	0	0	62	0	0	0	0	0	2412	0	.	57	0	1270	1	0	0	2217	0	48244	16	.	0|0|57|2217,0|0|0|0,62|2412|1270|48244,0|0|1|16,0|.0|.,.|.
5HT2cR-ligated-N	197	198	T	1390	1390	0	0	0	0	1390	0	0	0	0	0	52916	.	0	0	0	62	0	0	0	0	0	2368	.	0	0	0	1328	0	0	0	0	0	50548	.	0|0|0|0,0|0|0|0,0|0|0|0,62|2368|1328|50548,0|.0|.,.|.
5HT2cR-ligated-N	198	199	A	1390	1390	0	1390	0	0	0	0	0	53324	0	0	0	.	62	0	0	0	0	0	2383	0	0	0	.	1328	0	0	0	0	0	50941	0	0	0	.	62|2383|1328|50941,0|0|0|0,0|0|0|0,0|0|0|0,0|.0|.,.|.
5HT2cR-ligated-N	199	200	A	1390	1369	21	1369	0	0	21	0	0	52154	0	0	818	.	41	0	0	21	0	0	1595	0	0	818	.	1328	0	0	0	0	0	50559	0	0	0	.	41|1595|1328|50559,0|0|0|0,0|0|0|0,21|818|0|0,0|.0|.,.|.
5HT2cR-ligated-N	200	201	C	1295	1295	0	0	1295	0	0	0	0	0	49737	0	0	.	0	62	0	0	0	0	0	2376	0	0	.	0	1233	0	0	0	0	0	47361	0	0	.	0|0|0|0,62|2376|1233|47361,0|0|0|0,0|0|0|0,0|.0|.,.|.
5HT2cR-ligated-N	201	202	A	1295	1295	0	1295	0	0	0	0	0	49896	0	0	0	.	62	0	0	0	0	0	2404	0	0	0	.	1233	0	0	0	0	0	47492	0	0	0	.	62|2404|1233|47492,0|0|0|0,0|0|0|0,0|0|0|0,0|.0|.,.|.
5HT2cR-ligated-N	202	203	T	1295	1272	23	0	0	0	1272	23	0	0	0	0	47539	.	0	0	0	62	0	0	0	0	0	2410	.	0	0	0	1210	23	0	0	0	0	45129	.	0|0|0|0,0|0|0|0,0|0|0|0,62|2410|1210|45129,0|.23|.,.|.
5HT2cR-ligated-N	203	204	T	1295	1272	23	0	0	0	1272	23	0	0	0	0	47377	.	0	0	0	62	0	0	0	0	0	2401	.	0	0	0	1210	23	0	0	0	0	44976	.	0|0|0|0,0|0|0|0,0|0|0|0,62|2401|1210|44976,0|.23|.,.|.
5HT2cR-ligated-N	204	205	T	1295	1237	58	57	1	0	1237	0	0	2163	17	0	46273	.	0	0	0	62	0	0	0	0	0	2411	.	57	1	0	1175	0	0	2163	17	0	43862	.	0|0|57|2163,0|0|1|17,0|0|0|0,62|2411|1175|43862,0|.0|.,.|.
5HT2cR-ligated-N	205	206	G	1294	1294	0	0	0	1294	0	0	0	0	0	48350	0	.	0	0	62	0	0	0	0	0	2386	0	.	0	0	1232	0	0	0	0	0	45964	0	.	0|0|0|0,0|0|0|0,62|2386|1232|45964,0|0|0|0,0|.0|.,.|.
5HT2cR-ligated-N	206	207	C	1290	1288	2	0	1288	0	2	0	0	0	48116	0	22	.	0	62	0	0	0	0	0	2387	0	0	.	0	1226	0	2	0	0	0	45729	0	22	.	0|0|0|0,62|2387|1226|45729,0|0|0|0,0|0|2|22,0|.0|.,.|.
5HT2cR-ligated-N	207	208	G	1290	1261	29	0	0	1261	29	0	0	0	0	47925	1106	.	0	0	62	0	0	0	0	0	2354	0	.	0	0	1199	29	0	0	0	0	45571	1106	.	0|0|0|0,0|0|0|0,62|2354|1199|45571,0|0|29|1106,0|.0|.,.|.
5HT2cR-ligated-N	208	209	T	1290	1290	0	0	0	0	1290	0	0	0	0	0	48830	.	0	0	0	62	0	0	0	0	0	2335	.	0	0	0	1228	0	0	0	0	0	46495	.	0|0|0|0,0|0|0|0,0|0|0|0,62|2335|1228|46495,0|.0|.,.|.
5HT2cR-ligated-N	209	210	T	1290	1290	0	0	0	0	1290	0	0	0	0	0	48787	.	0	0	0	62	0	0	0	0	0	2344	.	0	0	0	1228	0	0	0	0	0	46443	.	0|0|0|0,0|0|0|0,0|0|0|0,62|2344|1228|46443,0|.0|.,.|.
5HT2cR-ligated-N	210	211	T	1287	1287	0	0	0	0	1287	0	0	0	0	0	48121	.	0	0	0	59	0	0	0	0	0	2239	.	0	0	0	1228	0	0	0	0	0	45882	.	0|0|0|0,0|0|0|0,0|0|0|0,59|2239|1228|45882,0|.0|.,.|.
5HT2cR-ligated-N	211	212	G	1190	1190	0	0	0	1190	0	0	0	0	0	44661	0	.	0	0	59	0	0	0	0	0	2257	0	.	0	0	1131	0	0	0	0	0	42404	0	.	0|0|0|0,0|0|0|0,59|2257|1131|42404,0|0|0|0,0|.0|.,.|.
5HT2cR-ligated-N	212	213	A	1190	1189	1	1189	1	0	0	0	0	44591	37	0	0	.	59	0	0	0	0	0	2290	0	0	0	.	1130	1	0	0	0	0	42301	37	0	0	.	59|2290|1130|42301,0|0|1|37,0|0|0|0,0|0|0|0,0|.0|.,.|.
5HT2cR-ligated-N	213	214	T	1190	1169	21	0	0	0	1169	21	0	0	0	0	43461	.	0	0	0	59	0	0	0	0	0	2288	.	0	0	0	1110	21	0	0	0	0	41173	.	0|0|0|0,0|0|0|0,0|0|0|0,59|2288|1110|41173,0|.21|.,.|.
5HT2cR-ligated-N	214	215	C	1190	1190	0	0	1190	0	0	0	0	0	44581	0	0	.	0	59	0	0	0	0	0	2266	0	0	.	0	1131	0	0	0	0	0	42315	0	0	.	0|0|0|0,59|2266|1131|42315,0|0|0|0,0|0|0|0,0|.0|.,.|.
5HT2cR-ligated-N	215	216	G	1190	1190	0	0	0	1190	0	0	0	0	0	44743	0	.	0	0	59	0	0	0	0	0	2254	0	.	0	0	1131	0	0	0	0	0	42489	0	.	0|0|0|0,0|0|0|0,59|2254|1131|42489,0|0|0|0,0|.0|.,.|.
5HT2cR-ligated-N	216	217	G	1190	1190	0	0	0	1190	0	0	0	0	0	44550	0	.	0	0	59	0	0	0	0	0	2246	0	.	0	0	1131	0	0	0	0	0	42304	0	.	0|0|0|0,0|0|0|0,59|2246|1131|42304,0|0|0|0,0|.0|.,.|.
5HT2cR-ligated-N	217	218	G	1182	1182	0	0	0	1182	0	0	0	0	0	44266	0	.	0	0	59	0	0	0	0	0	2235	0	.	0	0	1123	0	0	0	0	0	42031	0	.	0|0|0|0,0|0|0|0,59|2235|1123|42031,0|0|0|0,0|.0|.,.|.
