chrom	start	end	ref	depth	r_depth	a_depth	num_A	num_C	num_G	num_T	num_D	num_I	totQ_A	totQ_C	totQ_G	totQ_T	all_ins	num_F_A	num_F_C	num_F_G	num_F_T	num_F_D	num_F_I	totQ_F_A	totQ_F_C	totQ_F_G	totQ_F_T	all_F_ins	num_R_A	num_R_C	num_R_G	num_R_T	num_R_D	num_R_I	totQ_R_A	totQ_R_C	totQ_R_G	totQ_R_T	all_R_ins	sample_1
5HT2cR-ligated-N	0	1	G	790	790	0	0	0	790	0	0	0	0	0	27242	0	.	0	0	0	0	0	0	0	0	0	0	.	0	0	790	0	0	0	0	0	27242	0	.	0|0|0|0,0|0|0|0,0|0|790|27242,0|0|0|0,0|.0|.,.|.
5HT2cR-ligated-N	1	2	G	790	790	0	0	0	790	0	0	0	0	0	27177	0	.	0	0	0	0	0	0	0	0	0	0	.	0	0	790	0	0	0	0	0	27177	0	.	0|0|0|0,0|0|0|0,0|0|790|27177,0|0|0|0,0|.0|.,.|.
5HT2cR-ligated-N	2	3	C	799	798	1	0	798	1	0	0	0	0	27414	2	0	.	0	1	0	0	0	0	0	32	0	0	.	0	797	1	0	0	0	0	27382	2	0	.	0|0|0|0,1|32|797|27382,0|0|1|2,0|0|0|0,0|.0|.,.|.
5HT2cR-ligated-N	3	4	T	812	648	164	24	5	135	648	0	3	840	169	4654	22568	.G,G,G	0	0	0	1	0	0	0	0	0	32	.	24	5	135	647	0	3	840	169	4654	22536	G,G,G	0|0|24|840,0|0|5|169,0|0|135|4654,1|32|647|22536,0|.0|.,.|G,G,G
5HT2cR-ligated-N	4	5	G	1075	1041	34	0	1	1041	5	28	0	0	34	37933	188	.	0	0	1	0	0	0	0	0	32	0	.	0	1	1040	5	28	0	0	34	37901	188	.	0|0|0|0,0|0|1|34,1|32|1040|37901,0|0|5|188,0|.28|.,.|.
5HT2cR-ligated-N	5	6	G	1126	1111	15	7	2	1111	6	0	0	266	76	40963	227	.	0	0	1	0	0	0	0	0	32	0	.	7	2	1110	6	0	0	266	76	40931	227	.	0|0|7|266,0|0|2|76,1|32|1110|40931,0|0|6|227,0|.0|.,.|.
5HT2cR-ligated-N	6	7	A	1175	1165	10	1165	3	1	2	4	1	42897	114	38	30	.T	1	0	0	0	0	0	32	0	0	0	.	1164	3	1	2	4	1	42865	114	38	30	T	1|32|1164|42865,0|0|3|114,0|0|1|38,0|0|2|30,0|.4|.,.|T
5HT2cR-ligated-N	7	8	T	1180	1110	70	28	9	26	1110	7	0	996	335	973	40973	.	0	0	0	1	0	0	0	0	0	37	.	28	9	26	1109	7	0	996	335	973	40936	.	0|0|28|996,0|0|9|335,0|0|26|973,1|37|1109|40936,0|.7|.,.|.
5HT2cR-ligated-N	8	9	C	1216	1212	4	0	1212	2	0	2	3	0	45343	4	0	.G,G,G	0	1	0	0	0	0	0	37	0	0	.	0	1211	2	0	2	3	0	45306	4	0	G,G,G	0|0|0|0,1|37|1211|45306,0|0|2|4,0|0|0|0,0|.2|.,.|G,G,G
5HT2cR-ligated-N	9	10	G	1240	1184	56	4	4	1184	20	28	1	129	129	44288	761	.A	0	0	1	0	0	0	0	0	30	0	.	4	4	1183	20	28	1	129	129	44258	761	A	0|0|4|129,0|0|4|129,1|30|1183|44258,0|0|20|761,0|.28|.,.|A
5HT2cR-ligated-N	10	11	G	1248	1223	25	8	2	1223	6	9	2	293	76	45887	191	.T,A	0	0	1	0	0	0	0	0	32	0	.	8	2	1222	6	9	2	293	76	45855	191	T,A	0|0|8|293,0|0|2|76,1|32|1222|45855,0|0|6|191,0|.9|.,.|T,A
5HT2cR-ligated-N	11	12	T	1252	1170	82	24	4	15	1170	39	0	834	152	491	42429	.	0	0	0	1	0	0	0	0	0	32	.	24	4	15	1169	39	0	834	152	491	42397	.	0|0|24|834,0|0|4|152,0|0|15|491,1|32|1169|42397,0|.39|.,.|.
5HT2cR-ligated-N	12	13	A	1258	1230	28	1230	3	1	1	23	0	45870	113	38	37	.	1	0	0	0	0	0	32	0	0	0	.	1229	3	1	1	23	0	45838	113	38	37	.	1|32|1229|45838,0|0|3|113,0|0|1|38,0|0|1|37,0|.23|.,.|.
5HT2cR-ligated-N	13	14	T	1262	1192	70	11	4	35	1192	20	4	383	151	1253	44588	.G,G,CG,C	0	0	0	1	0	0	0	0	0	33	.	11	4	35	1191	20	4	383	151	1253	44555	G,G,CG,C	0|0|11|383,0|0|4|151,0|0|35|1253,1|33|1191|44555,0|.20|.,.|G,G,CG,C
5HT2cR-ligated-N	14	15	G	1308	1262	46	5	1	1262	19	21	1	187	37	47768	624	.T	0	0	1	0	0	0	0	0	38	0	.	5	1	1261	19	21	1	187	37	47730	624	T	0|0|5|187,0|0|1|37,1|38|1261|47730,0|0|19|624,0|.21|.,.|T
5HT2cR-ligated-N	15	16	T	1316	1205	111	23	3	30	1205	55	0	770	114	1042	45747	.	0	0	0	1	0	0	0	0	0	38	.	23	3	30	1204	55	0	770	114	1042	45709	.	0|0|23|770,0|0|3|114,0|0|30|1042,1|38|1204|45709,0|.55|.,.|.
5HT2cR-ligated-N	16	17	A	1326	1305	21	1305	1	1	2	17	8	49265	39	2	77	.T,T,G,T,T,G,T,T	1	0	0	0	0	0	38	0	0	0	.	1304	1	1	2	17	8	49227	39	2	77	T,T,G,T,T,G,T,T	1|38|1304|49227,0|0|1|39,0|0|1|2,0|0|2|77,0|.17|.,.|T,T,G,T,T,G,T,T
5HT2cR-ligated-N	17	18	G	1360	1300	60	11	9	1300	22	18	1	351	272	49244	852	.T	0	0	1	0	0	0	0	0	38	0	.	11	9	1299	22	18	1	351	272	49206	852	T	0|0|11|351,0|0|9|272,1|38|1299|49206,0|0|22|852,0|.18|.,.|T
5HT2cR-ligated-N	18	19	C	1362	1353	9	2	1353	0	3	4	2	18	51544	0	115	.A,A	0	1	0	0	0	0	0	38	0	0	.	2	1352	0	3	4	2	18	51506	0	115	A,A	0|0|2|18,1|38|1352|51506,0|0|0|0,0|0|3|115,0|.4|.,.|A,A
5HT2cR-ligated-N	19	20	A	1362	1355	7	1355	1	0	1	5	0	51405	2	0	14	.	1	0	0	0	0	0	38	0	0	0	.	1354	1	0	1	5	0	51367	2	0	14	.	1|38|1354|51367,0|0|1|2,0|0|0|0,0|0|1|14,0|.5|.,.|.
5HT2cR-ligated-N	20	21	N	1362	0	1362	1322	0	1	8	31	0	49748	0	39	240	.	1	0	0	0	0	0	38	0	0	0	.	1321	0	1	8	31	0	49710	0	39	240	.	1|38|1321|49710,0|0|0|0,0|0|1|39,0|0|8|240,0|.31|.,.|.
5HT2cR-ligated-N	21	22	T	1365	1312	53	16	6	19	1312	12	3	545	206	731	49852	.A,A,A	0	0	0	1	0	0	0	0	0	37	.	16	6	19	1311	12	3	545	206	731	49815	A,A,A	0|0|16|545,0|0|6|206,0|0|19|731,1|37|1311|49815,0|.12|.,.|A,A,A
5HT2cR-ligated-N	22	23	N	1365	0	1365	1343	6	0	2	14	0	51013	157	0	78	.	1	0	0	0	0	0	38	0	0	0	.	1342	6	0	2	14	0	50975	157	0	78	.	1|38|1342|50975,0|0|6|157,0|0|0|0,0|0|2|78,0|.14|.,.|.
5HT2cR-ligated-N	23	24	C	1373	1362	11	0	1362	0	1	10	3	0	51843	0	38	.G,G,G	0	1	0	0	0	0	0	38	0	0	.	0	1361	0	1	10	3	0	51805	0	38	G,G,G	0|0|0|0,1|38|1361|51805,0|0|0|0,0|0|1|38,0|.10|.,.|G,G,G
5HT2cR-ligated-N	24	25	G	1380	1319	61	9	3	1319	26	23	0	345	115	50075	995	.	0	0	1	0	0	0	0	0	38	0	.	9	3	1318	26	23	0	345	115	50037	995	.	0|0|9|345,0|0|3|115,1|38|1318|50037,0|0|26|995,0|.23|.,.|.
5HT2cR-ligated-N	25	26	T	1380	1232	148	110	4	13	1232	21	3	4037	125	458	46335	.AATCCG,A,A	0	0	0	1	0	0	0	0	0	39	.	110	4	13	1231	21	3	4037	125	458	46296	AATCCG,A,A	0|0|110|4037,0|0|4|125,0|0|13|458,1|39|1231|46296,0|.21|.,.|AATCCG,A,A
5HT2cR-ligated-N	26	27	N	1380	0	1380	1360	1	1	3	15	0	51696	39	37	117	.	1	0	0	0	0	0	39	0	0	0	.	1359	1	1	3	15	0	51657	39	37	117	.	1|39|1359|51657,0|0|1|39,0|0|1|37,0|0|3|117,0|.15|.,.|.
5HT2cR-ligated-N	27	28	N	1380	0	1380	1353	17	0	4	6	0	51516	607	0	153	.	1	0	0	0	0	0	39	0	0	0	.	1352	17	0	4	6	0	51477	607	0	153	.	1|39|1352|51477,0|0|17|607,0|0|0|0,0|0|4|153,0|.6|.,.|.
5HT2cR-ligated-N	28	29	T	1391	1282	109	13	68	21	1282	7	0	477	2525	777	48236	.	0	0	0	1	0	0	0	0	0	38	.	13	68	21	1281	7	0	477	2525	777	48198	.	0|0|13|477,0|0|68|2525,0|0|21|777,1|38|1281|48198,0|.7|.,.|.
5HT2cR-ligated-N	29	30	C	1398	1390	8	0	1390	0	3	5	0	0	53150	0	117	.	0	1	0	0	0	0	0	39	0	0	.	0	1389	0	3	5	0	0	53111	0	117	.	0|0|0|0,1|39|1389|53111,0|0|0|0,0|0|3|117,0|.5|.,.|.
5HT2cR-ligated-N	30	31	C	1400	1395	5	2	1395	0	0	3	3	55	53417	0	0	.TA,A,TA	0	1	0	0	0	0	0	39	0	0	.	2	1394	0	0	3	3	55	53378	0	0	TA,A,TA	0|0|2|55,1|39|1394|53378,0|0|0|0,0|0|0|0,0|.3|.,.|TA,A,TA
5HT2cR-ligated-N	31	32	T	1406	1325	81	23	6	13	1325	39	6	849	227	498	50828	.ATTGAGCATAGC,A,A,A,A,A	0	0	0	1	0	0	0	0	0	39	.	23	6	13	1324	39	6	849	227	498	50789	ATTGAGCATAGC,A,A,A,A,A	0|0|23|849,0|0|6|227,0|0|13|498,1|39|1324|50789,0|.39|.,.|ATTGAGCATAGC,A,A,A,A,A
5HT2cR-ligated-N	32	33	N	1406	0	1406	1355	12	1	5	33	0	51841	460	38	118	.	1	0	0	0	0	0	39	0	0	0	.	1354	12	1	5	33	0	51802	460	38	118	.	1|39|1354|51802,0|0|12|460,0|0|1|38,0|0|5|118,0|.33|.,.|.
5HT2cR-ligated-N	33	34	T	1412	1343	69	19	4	12	1343	34	0	729	156	436	51455	.	0	0	0	1	0	0	0	0	0	39	.	19	4	12	1342	34	0	729	156	436	51416	.	0|0|19|729,0|0|4|156,0|0|12|436,1|39|1342|51416,0|.34|.,.|.
5HT2cR-ligated-N	34	35	T	1415	1301	114	34	8	64	1301	8	4	1308	308	2460	49824	.GAGCATAGCC,G,GAGCATAGCC,GAGCATAGCC	0	0	0	1	0	0	0	0	0	39	.	34	8	64	1300	8	4	1308	308	2460	49785	GAGCATAGCC,G,GAGCATAGCC,GAGCATAGCC	0|0|34|1308,0|0|8|308,0|0|64|2460,1|39|1300|49785,0|.8|.,.|GAGCATAGCC,G,GAGCATAGCC,GAGCATAGCC
5HT2cR-ligated-N	35	36	G	1464	1419	45	14	7	1419	9	15	1	539	233	54040	316	.AGCATAGCC	0	0	1	0	0	0	0	0	39	0	.	14	7	1418	9	15	1	539	233	54001	316	AGCATAGCC	0|0|14|539,0|0|7|233,1|39|1418|54001,0|0|9|316,0|.15|.,.|AGCATAGCC
5HT2cR-ligated-N	36	37	A	1469	1454	15	1454	0	2	4	9	0	55154	0	41	149	.	1	0	0	0	0	0	33	0	0	0	.	1453	0	2	4	9	0	55121	0	41	149	.	1|33|1453|55121,0|0|0|0,0|0|2|41,0|0|4|149,0|.9|.,.|.
5HT2cR-ligated-N	37	38	G	1477	1423	54	10	11	1423	14	19	3	344	363	54012	524	.CATAGC,TGAGC,CATAGCC	0	0	1	0	0	0	0	0	38	0	.	10	11	1422	14	19	3	344	363	53974	524	CATAGC,TGAGC,CATAGCC	0|0|10|344,0|0|11|363,1|38|1422|53974,0|0|14|524,0|.19|.,.|CATAGC,TGAGC,CATAGCC
5HT2cR-ligated-N	38	39	C	1484	1458	26	2	1458	2	2	20	0	6	55374	75	76	.	0	1	0	0	0	0	0	39	0	0	.	2	1457	2	2	20	0	6	55335	75	76	.	0|0|2|6,1|39|1457|55335,0|0|2|75,0|0|2|76,0|.20|.,.|.
5HT2cR-ligated-N	39	40	A	1490	1403	87	1403	1	2	11	73	4	53426	2	76	417	.G,T,G,G	0	0	0	0	1	0	0	0	0	0	.	1403	1	2	11	72	4	53426	2	76	417	G,T,G,G	0|0|1403|53426,0|0|1|2,0|0|2|76,0|0|11|417,1|.72|.,.|G,T,G,G
5HT2cR-ligated-N	40	41	T	1491	1334	157	19	5	50	1334	83	6	732	192	1836	50748	.G,AGCC,AGCCGAGC,G,G,AGCC	0	0	0	0	1	0	0	0	0	0	.	19	5	50	1334	82	6	732	192	1836	50748	G,AGCC,AGCCGAGC,G,G,AGCC	0|0|19|732,0|0|5|192,0|0|50|1836,0|0|1334|50748,1|.82|.,.|G,AGCC,AGCCGAGC,G,G,AGCC
5HT2cR-ligated-N	41	42	A	1493	1450	43	1450	0	1	1	41	1	55013	0	39	38	.GCCGAAATT	2	0	0	0	0	0	71	0	0	0	.	1448	0	1	1	41	1	54942	0	39	38	GCCGAAATT	2|71|1448|54942,0|0|0|0,0|0|1|39,0|0|1|38,0|.41|.,.|GCCGAAATT
5HT2cR-ligated-N	42	43	G	1499	1419	80	7	17	1419	7	49	14	266	630	53825	267	.C,CC,C,CCGAAA,C,C,CCACA,C,CC,CCGAAA,C,CCGAAA,CC,C	0	0	2	0	0	0	0	0	70	0	.	7	17	1417	7	49	14	266	630	53755	267	C,CC,C,CCGAAA,C,C,CCACA,C,CC,CCGAAA,C,CCGAAA,CC,C	0|0|7|266,0|0|17|630,2|70|1417|53755,0|0|7|267,0|.49|.,.|C,CC,C,CCGAAA,C,C,CCACA,C,CC,CCGAAA,C,CCGAAA,CC,C
5HT2cR-ligated-N	43	44	C	1512	1431	81	1	1431	3	2	75	18	38	54149	19	74	.CG,CA,CCTTGAGCATAG,CA,CCA,CGCCG,CATAG,A,CAGCCTTAGT,A,CTGGATAG,G,CGCATAG,CAG,CATAG,CGCTG,CG,A	0	3	0	0	0	0	0	106	0	0	.	1	1428	3	2	75	18	38	54043	19	74	CG,CA,CCTTGAGCATAG,CA,CCA,CGCCG,CATAG,A,CAGCCTTAGT,A,CTGGATAG,G,CGCATAG,CAG,CATAG,CGCTG,CG,A	0|0|1|38,3|106|1428|54043,0|0|3|19,0|0|2|74,0|.75|.,.|CG,CA,CCTTGAGCATAG,CA,CCA,CGCCG,CATAG,A,CAGCCTTAGT,A,CTGGATAG,G,CGCATAG,CAG,CATAG,CGCTG,CG,A
5HT2cR-ligated-N	44	45	C	1539	1477	62	3	1477	6	3	50	55	114	55926	120	116	.ATA,A,TA,AT,A,GA,CATA,GG,CCTTTGAGCATAGCCGCTGCAAT,AT,G,ATA,CA,A,G,ATAGCCT,G,ACA,A,G,A,A,T,GA,GGTACGACTCATATA,GAGCAGGTCGACGT,G,GT,GACTCACTATA,AA,G,G,GAGCATAGCCG,G,GAGCA,AAA,A,A,A,AT,GGTTACCATTCG,ACTAT,GCT,GACTCATATA,G,ATACG,GACTCACTATA,A,G,G,G,T,GA,GCT,GA	0	12	0	0	0	0	0	430	0	0	.	3	1465	6	3	50	55	114	55496	120	116	ATA,A,TA,AT,A,GA,CATA,GG,CCTTTGAGCATAGCCGCTGCAAT,AT,G,ATA,CA,A,G,ATAGCCT,G,ACA,A,G,A,A,T,GA,GGTACGACTCATATA,GAGCAGGTCGACGT,G,GT,GACTCACTATA,AA,G,G,GAGCATAGCCG,G,GAGCA,AAA,A,A,A,AT,GGTTACCATTCG,ACTAT,GCT,GACTCATATA,G,ATACG,GACTCACTATA,A,G,G,G,T,GA,GCT,GA	0|0|3|114,12|430|1465|55496,0|0|6|120,0|0|3|116,0|.50|.,.|ATA,A,TA,AT,A,GA,CATA,GG,CCTTTGAGCATAGCCGCTGCAAT,AT,G,ATA,CA,A,G,ATAGCCT,G,ACA,A,G,A,A,T,GA,GGTACGACTCATATA,GAGCAGGTCGACGT,G,GT,GACTCACTATA,AA,G,G,GAGCATAGCCG,G,GAGCA,AAA,A,A,A,AT,GGTTACCATTCG,ACTAT,GCT,GACTCATATA,G,ATACG,GACTCACTATA,A,G,G,G,T,GA,GCT,GA
5HT2cR-ligated-N	45	46	G	2966	2838	128	15	13	2838	13	87	8	577	499	103893	502	.C,ACTCACTATA,CC,CGACTCACTATA,CC,A,CC,GTTTCAA	0	0	240	0	0	0	0	0	9069	0	.	15	13	2598	13	87	8	577	499	94824	502	C,ACTCACTATA,CC,CGACTCACTATA,CC,A,CC,GTTTCAA	0|0|15|577,0|0|13|499,240|9069|2598|94824,0|0|13|502,0|.87|.,.|C,ACTCACTATA,CC,CGACTCACTATA,CC,A,CC,GTTTCAA
5HT2cR-ligated-N	46	47	G	2998	2901	97	5	2	2901	48	42	5	189	77	106364	1786	.AACAGCC,T,T,AGCC,T	0	0	253	0	0	0	0	0	9497	0	.	5	2	2648	48	42	5	189	77	96867	1786	AACAGCC,T,T,AGCC,T	0|0|5|189,0|0|2|77,253|9497|2648|96867,0|0|48|1786,0|.42|.,.|AACAGCC,T,T,AGCC,T
5HT2cR-ligated-N	47	48	T	3020	2876	144	10	11	13	2876	110	1	318	399	395	103405	.CAA	0	1	0	254	0	0	0	16	0	8964	.	10	10	13	2622	110	1	318	383	395	94441	CAA	0|0|10|318,1|16|10|383,0|0|13|395,254|8964|2622|94441,0|.110|.,.|CAA
5HT2cR-ligated-N	48	49	T	3142	2943	199	136	8	18	2943	37	1	4834	292	607	107682	.ATAGG	0	0	0	263	0	0	0	0	0	9657	.	136	8	18	2680	37	1	4834	292	607	98025	ATAGG	0|0|136|4834,0|0|8|292,0|0|18|607,263|9657|2680|98025,0|.37|.,.|ATAGG
5HT2cR-ligated-N	49	50	T	3202	2958	244	123	8	86	2958	27	1	4551	251	3099	110159	.A	0	0	0	264	0	0	0	0	0	9849	.	123	8	86	2694	27	1	4551	251	3099	100310	A	0|0|123|4551,0|0|8|251,0|0|86|3099,264|9849|2694|100310,0|.27|.,.|A
5HT2cR-ligated-N	50	51	C	3225	3203	22	4	3203	1	2	15	0	59	120872	39	15	.	0	267	0	0	0	0	0	10011	0	0	.	4	2936	1	2	15	0	59	110861	39	15	.	0|0|4|59,267|10011|2936|110861,0|0|1|39,0|0|2|15,0|.15|.,.|.
5HT2cR-ligated-N	51	52	A	3229	3154	75	3154	14	0	7	54	1	119486	505	0	270	.G	251	10	0	5	3	0	9465	359	0	193	.	2903	4	0	2	51	1	110021	146	0	77	G	251|9465|2903|110021,10|359|4|146,0|0|0|0,5|193|2|77,3|.51|.,.|G
5HT2cR-ligated-N	52	53	A	3241	3198	43	3198	5	2	18	18	0	120571	155	75	617	.	261	3	2	3	1	0	9754	114	75	116	.	2937	2	0	15	17	0	110817	41	0	501	.	261|9754|2937|110817,3|114|2|41,2|75|0|0,3|116|15|501,1|.17|.,.|.
5HT2cR-ligated-N	53	54	T	3264	3085	179	52	12	23	3085	92	0	1974	460	839	116511	.	1	0	0	270	5	0	39	0	0	10120	.	51	12	23	2815	87	0	1935	460	839	106391	.	1|39|51|1935,0|0|12|460,0|0|23|839,270|10120|2815|106391,5|.87|.,.|.
5HT2cR-ligated-N	54	55	T	3277	3083	194	93	8	77	3083	16	2	3475	270	2914	116571	.CG,G	1	1	1	274	0	0	39	39	16	10379	.	92	7	76	2809	16	2	3436	231	2898	106192	CG,G	1|39|92|3436,1|39|7|231,1|16|76|2898,274|10379|2809|106192,0|.16|.,.|CG,G
5HT2cR-ligated-N	55	56	C	3284	3256	28	0	3256	3	6	19	3	0	122853	18	195	.AAT,AAT,AAT	0	274	0	4	0	0	0	10317	0	154	.	0	2982	3	2	19	3	0	112536	18	41	AAT,AAT,AAT	0|0|0|0,274|10317|2982|112536,0|0|3|18,4|154|2|41,0|.19|.,.|AAT,AAT,AAT
5HT2cR-ligated-N	56	57	G	3299	3239	60	5	7	3239	20	28	0	190	172	120891	691	.	0	0	281	0	0	0	0	0	10080	0	.	5	7	2958	20	28	0	190	172	110811	691	.	0|0|5|190,0|0|7|172,281|10080|2958|110811,0|0|20|691,0|.28|.,.|.
5HT2cR-ligated-N	57	58	C	3305	3284	21	1	3284	2	5	13	0	38	122540	77	155	.	0	283	2	1	0	0	0	10154	77	39	.	1	3001	0	4	13	0	38	112386	0	116	.	0|0|1|38,283|10154|3001|112386,2|77|0|0,1|39|4|116,0|.13|.,.|.
5HT2cR-ligated-N	58	59	G	3487	3436	51	7	0	3436	14	30	3	261	0	127876	534	.CGT,C,T	3	0	285	0	0	0	112	0	10250	0	.	4	0	3151	14	30	3	149	0	117626	534	CGT,C,T	3|112|4|149,0|0|0|0,285|10250|3151|117626,0|0|14|534,0|.30|.,.|CGT,C,T
5HT2cR-ligated-N	59	60	G	3496	3467	29	3	1	3467	10	15	1	79	39	129008	382	.A	0	0	288	0	0	0	0	0	10225	0	.	3	1	3179	10	15	1	79	39	118783	382	A	0|0|3|79,0|0|1|39,288|10225|3179|118783,0|0|10|382,0|.15|.,.|A
5HT2cR-ligated-N	60	61	A	3497	3409	88	3409	15	7	16	50	0	126730	477	211	563	.	262	9	6	11	2	0	9306	327	199	408	.	3147	6	1	5	48	0	117424	150	12	155	.	262|9306|3147|117424,9|327|6|150,6|199|1|12,11|408|5|155,2|.48|.,.|.
5HT2cR-ligated-N	61	62	C	3501	3418	83	5	3418	0	1	77	2	149	127127	0	38	.A,G	4	284	0	1	2	0	147	10266	0	38	.	1	3134	0	0	75	2	2	116861	0	0	A,G	4|147|1|2,284|10266|3134|116861,0|0|0|0,1|38|0|0,2|.75|.,.|A,G
5HT2cR-ligated-N	62	63	T	3505	3291	214	120	1	48	3291	45	2	4478	38	1781	123580	.	2	0	0	290	1	2	76	0	0	10622	A,A	118	1	48	3001	44	0	4402	38	1781	112958	.	2|76|118|4402,0|0|1|38,0|0|48|1781,290|10622|3001|112958,1|.44|.,A,A|.
5HT2cR-ligated-N	63	64	A	3525	3470	55	3470	9	4	4	38	0	131945	342	95	155	.	281	8	1	4	2	0	10590	305	16	155	.	3189	1	3	0	36	0	121355	37	79	0	.	281|10590|3189|121355,8|305|1|37,1|16|3|79,4|155|0|0,2|.36|.,.|.
5HT2cR-ligated-N	64	65	A	3529	3484	45	3484	7	16	8	14	1	131428	245	586	274	.G	283	5	1	8	1	0	10513	169	37	274	.	3201	2	15	0	13	1	120915	76	549	0	G	283|10513|3201|120915,5|169|2|76,1|37|15|549,8|274|0|0,1|.13|.,.|G
5HT2cR-ligated-N	65	66	G	3597	3495	102	17	13	3495	32	40	0	595	492	131301	1204	.	4	0	290	1	4	0	131	0	10694	16	.	13	13	3205	31	36	0	464	492	120607	1188	.	4|131|13|464,0|0|13|492,290|10694|3205|120607,1|16|31|1188,4|.36|.,.|.
5HT2cR-ligated-N	66	67	G	3596	3486	110	15	53	3486	35	7	1	538	1990	130889	1340	.A	0	1	298	0	0	0	0	39	10919	0	.	15	52	3188	35	7	1	538	1951	119970	1340	A	0|0|15|538,1|39|52|1951,298|10919|3188|119970,0|0|35|1340,0|.7|.,.|A
5HT2cR-ligated-N	67	68	C	3599	3575	24	1	3575	5	3	15	1	2	134579	157	112	.CAT	0	293	4	2	1	0	0	10731	155	74	.	1	3282	1	1	14	1	2	123848	2	38	CAT	0|0|1|2,293|10731|3282|123848,4|155|1|2,2|74|1|38,1|.14|.,.|CAT
5HT2cR-ligated-N	68	69	C	3616	3534	82	0	3534	1	4	77	0	0	133549	2	120	.	0	294	0	2	5	0	0	10924	0	76	.	0	3240	1	2	72	0	0	122625	2	44	.	0|0|0|0,294|10924|3240|122625,0|0|1|2,2|76|2|44,5|.72|.,.|.
5HT2cR-ligated-N	69	70	A	3623	3507	116	3507	22	8	6	80	0	133089	671	272	232	.	270	19	2	4	7	0	10157	594	67	156	.	3237	3	6	2	73	0	122932	77	205	76	.	270|10157|3237|122932,19|594|3|77,2|67|6|205,4|156|2|76,7|.73|.,.|.
5HT2cR-ligated-N	70	71	T	3629	3333	296	86	18	99	3333	93	0	3287	648	3749	126277	.	0	0	1	298	5	0	0	0	39	11168	.	86	18	98	3035	88	0	3287	648	3710	115109	.	0|0|86|3287,0|0|18|648,1|39|98|3710,298|11168|3035|115109,5|.88|.,.|.
5HT2cR-ligated-N	71	72	C	3670	3638	32	1	3638	10	1	20	0	16	137896	372	39	.	1	298	9	0	1	0	16	11207	333	0	.	0	3340	1	1	19	0	0	126689	39	39	.	1|16|0|0,298|11207|3340|126689,9|333|1|39,0|0|1|39,1|.19|.,.|.
5HT2cR-ligated-N	72	73	A	3674	3614	60	3614	23	2	10	25	5	137542	825	76	362	.T,T,T,T,T	283	21	1	3	3	0	10673	810	38	114	.	3331	2	1	7	22	5	126869	15	38	248	T,T,T,T,T	283|10673|3331|126869,21|810|2|15,1|38|1|38,3|114|7|248,3|.22|.,.|T,T,T,T,T
5HT2cR-ligated-N	73	74	T	3672	3379	293	47	3	171	3379	72	5	1745	111	6527	128777	.C,C,C,C,C	2	1	0	307	3	0	72	37	0	11688	.	45	2	171	3072	69	5	1673	74	6527	117089	C,C,C,C,C	2|72|45|1673,1|37|2|74,0|0|171|6527,307|11688|3072|117089,3|.69|.,.|C,C,C,C,C
5HT2cR-ligated-N	74	75	G	3688	3569	119	9	7	3569	26	77	1	345	269	135737	958	.C	0	0	309	0	7	0	0	0	11708	0	.	9	7	3260	26	70	1	345	269	124029	958	C	0|0|9|345,0|0|7|269,309|11708|3260|124029,0|0|26|958,7|.70|.,.|C
5HT2cR-ligated-N	75	76	A	3689	3618	71	3618	10	5	12	44	0	137581	384	135	431	.	283	10	0	10	13	0	10499	384	0	390	.	3335	0	5	2	31	0	127082	0	135	41	.	283|10499|3335|127082,10|384|0|0,0|0|5|135,10|390|2|41,13|.31|.,.|.
5HT2cR-ligated-N	76	77	A	3691	3594	97	3594	3	7	23	64	0	136247	95	231	870	.	292	2	0	15	7	0	10725	56	0	561	.	3302	1	7	8	57	0	125522	39	231	309	.	292|10725|3302|125522,2|56|1|39,0|0|7|231,15|561|8|309,7|.57|.,.|.
5HT2cR-ligated-N	77	78	G	3696	3578	118	12	11	3578	21	74	3	459	417	135684	809	.A,A,A	0	0	312	0	4	0	0	0	11671	0	.	12	11	3266	21	70	3	459	417	124013	809	A,A,A	0|0|12|459,0|0|11|417,312|11671|3266|124013,0|0|21|809,4|.70|.,.|A,A,A
5HT2cR-ligated-N	78	79	A	3698	3614	84	3614	12	4	14	54	2	136997	436	152	479	.T,T	287	11	2	9	9	0	10702	397	77	325	.	3327	1	2	5	45	2	126295	39	75	154	T,T	287|10702|3327|126295,11|397|1|39,2|77|2|75,9|325|5|154,9|.45|.,.|T,T
5HT2cR-ligated-N	79	80	T	3698	3450	248	73	10	27	3450	138	1	2756	382	1032	131642	.A	1	0	0	308	9	0	37	0	0	11677	.	72	10	27	3142	129	1	2719	382	1032	119965	A	1|37|72|2719,0|0|10|382,0|0|27|1032,308|11677|3142|119965,9|.129|.,.|A
5HT2cR-ligated-N	80	81	T	3705	3425	280	66	7	143	3425	64	0	2452	246	5430	130966	.	1	0	0	317	4	0	38	0	0	12067	.	65	7	143	3108	60	0	2414	246	5430	118899	.	1|38|65|2414,0|0|7|246,0|0|143|5430,317|12067|3108|118899,4|.60|.,.|.
5HT2cR-ligated-N	81	82	G	3715	3613	102	9	19	3613	13	61	1	342	692	137535	500	.A	1	0	324	0	1	0	39	0	12166	0	.	8	19	3289	13	60	1	303	692	125369	500	A	1|39|8|303,0|0|19|692,324|12166|3289|125369,0|0|13|500,1|.60|.,.|A
5HT2cR-ligated-N	82	83	C	3719	3634	85	6	3634	3	9	67	1	231	138247	113	316	.	0	320	2	2	5	1	0	11991	76	74	T	6	3314	1	7	62	0	231	126256	37	242	.	0|0|6|231,320|11991|3314|126256,2|76|1|37,2|74|7|242,5|.62|.,T|.
5HT2cR-ligated-N	83	84	T	3711	3395	316	88	4	65	3395	159	4	3385	154	2454	129846	.G,G,G,G	0	1	0	318	12	0	0	38	0	12160	.	88	3	65	3077	147	4	3385	116	2454	117686	G,G,G,G	0|0|88|3385,1|38|3|116,0|0|65|2454,318|12160|3077|117686,12|.147|.,.|G,G,G,G
5HT2cR-ligated-N	84	85	A	3717	3554	163	3554	19	11	8	125	2	135636	724	369	251	.T,T	311	12	1	2	10	0	11832	459	38	78	.	3243	7	10	6	115	2	123804	265	331	173	T,T	311|11832|3243|123804,12|459|7|265,1|38|10|331,2|78|6|173,10|.115|.,.|T,T
5HT2cR-ligated-N	85	86	T	3726	3500	226	47	12	52	3500	115	1	1806	454	1968	133834	.A	3	1	0	338	2	0	116	37	0	12841	.	44	11	52	3162	113	1	1690	417	1968	120993	A	3|116|44|1690,1|37|11|417,0|0|52|1968,338|12841|3162|120993,2|.113|.,.|A
5HT2cR-ligated-N	86	87	T	3727	3443	284	50	8	119	3443	107	5	1907	290	4518	131803	.A,A,A,A,A	0	1	0	343	1	0	0	20	0	13082	.	50	7	119	3100	106	5	1907	270	4518	118721	A,A,A,A,A	0|0|50|1907,1|20|7|270,0|0|119|4518,343|13082|3100|118721,1|.106|.,.|A,A,A,A,A
5HT2cR-ligated-N	87	88	G	3732	3497	235	25	3	3497	59	148	12	954	114	133705	2234	.T,T,T,T,T,T,T,T,T,T,T,T	0	0	342	1	2	0	0	0	13093	39	.	25	3	3155	58	146	12	954	114	120612	2195	T,T,T,T,T,T,T,T,T,T,T,T	0|0|25|954,0|0|3|114,342|13093|3155|120612,1|39|58|2195,2|.146|.,.|T,T,T,T,T,T,T,T,T,T,T,T
5HT2cR-ligated-N	88	89	T	3732	3563	169	24	7	1	3563	137	1	925	243	39	136187	.AG	0	1	0	343	2	0	0	38	0	13046	.	24	6	1	3220	135	1	925	205	39	123141	AG	0|0|24|925,1|38|6|205,0|0|1|39,343|13046|3220|123141,2|.135|.,.|AG
5HT2cR-ligated-N	89	90	T	3732	3577	155	59	2	13	3577	81	3	2275	78	496	136785	.G,G,G	1	0	0	344	1	0	39	0	0	13123	.	58	2	13	3233	80	3	2236	78	496	123662	G,G,G	1|39|58|2236,0|0|2|78,0|0|13|496,344|13123|3233|123662,1|.80|.,.|G,G,G
5HT2cR-ligated-N	90	91	T	3733	3483	250	10	0	177	3483	63	16	386	0	6667	133667	.G,G,G,G,G,G,G,G,G,G,G,G,G,G,G,G	0	0	0	349	1	0	0	0	0	13347	.	10	0	177	3134	62	16	386	0	6667	120320	G,G,G,G,G,G,G,G,G,G,G,G,G,G,G,G	0|0|10|386,0|0|0|0,0|0|177|6667,349|13347|3134|120320,1|.62|.,.|G,G,G,G,G,G,G,G,G,G,G,G,G,G,G,G
5HT2cR-ligated-N	91	92	G	4066	3951	115	3	4	3951	42	66	0	117	153	150056	1586	.	0	0	350	2	1	0	0	0	13014	53	.	3	4	3601	40	65	0	117	153	137042	1533	.	0|0|3|117,0|0|4|153,350|13014|3601|137042,2|53|40|1533,1|.65|.,.|.
5HT2cR-ligated-N	92	93	G	4066	3986	80	10	11	3986	49	10	2	350	423	150172	1876	.A,TT	0	1	351	1	1	0	0	38	12648	36	.	10	10	3635	48	9	2	350	385	137524	1840	A,TT	0|0|10|350,1|38|10|385,351|12648|3635|137524,1|36|48|1840,1|.9|.,.|A,TT
5HT2cR-ligated-N	93	94	G	4069	4005	64	14	11	4005	32	7	4	537	422	150678	1220	.C,T,T,T	0	0	354	0	1	0	0	0	12969	0	.	14	11	3651	32	6	4	537	422	137709	1220	C,T,T,T	0|0|14|537,0|0|11|422,354|12969|3651|137709,0|0|32|1220,1|.6|.,.|C,T,T,T
5HT2cR-ligated-N	94	95	C	4072	4030	42	10	4030	15	0	17	2	345	152724	534	0	.A,T	1	341	12	0	1	0	38	12762	419	0	.	9	3689	3	0	16	2	307	139962	115	0	A,T	1|38|9|307,341|12762|3689|139962,12|419|3|115,0|0|0|0,1|.16|.,.|A,T
5HT2cR-ligated-N	95	96	A	4071	3997	74	3997	16	7	10	41	3	153258	601	263	387	ATTTTCT,ATTTTCTT	328	14	3	7	4	2	12492	525	113	270	ATTTTCT,ATTTTCT	3669	2	4	3	37	1	140766	76	150	117	T	328|12492|3669|140766,14|525|2|76,3|113|4|150,7|270|3|117,4|.37|.,ATTTTCT,ATTTTCT|T
5HT2cR-ligated-N	96	97	A	4073	4001	72	4001	9	4	19	40	1	152733	344	154	725	.T	335	9	2	9	3	0	12584	344	76	344	.	3666	0	2	10	37	1	140149	0	78	381	T	335|12584|3666|140149,9|344|0|0,2|76|2|78,9|344|10|381,3|.37|.,.|T
5HT2cR-ligated-N	97	98	T	4068	3906	162	20	6	13	3906	123	0	772	233	498	149809	.	0	0	0	358	2	0	0	0	0	13752	.	20	6	13	3548	121	0	772	233	498	136057	.	0|0|20|772,0|0|6|233,0|0|13|498,358|13752|3548|136057,2|.121|.,.|.
5HT2cR-ligated-N	98	99	T	4067	3860	207	100	11	33	3860	63	0	3813	421	1269	148271	.	1	1	0	357	1	0	38	39	0	13758	.	99	10	33	3503	62	0	3775	382	1269	134513	.	1|38|99|3775,1|39|10|382,0|0|33|1269,357|13758|3503|134513,1|.62|.,.|.
5HT2cR-ligated-N	99	100	T	4058	3832	226	99	20	79	3832	28	1	3767	769	3040	147097	.TGGG	0	0	0	360	0	0	0	0	0	13877	.	99	20	79	3472	28	1	3767	769	3040	133220	TGGG	0|0|99|3767,0|0|20|769,0|0|79|3040,360|13877|3472|133220,0|.28|.,.|TGGG
5HT2cR-ligated-N	100	101	C	4063	4013	50	8	4013	1	8	33	0	310	153864	16	309	.	1	344	0	2	15	0	39	13168	0	78	.	7	3669	1	6	18	0	271	140696	16	231	.	1|39|7|271,344|13168|3669|140696,0|0|1|16,2|78|6|231,15|.18|.,.|.
5HT2cR-ligated-N	101	102	T	4057	3754	303	64	8	96	3754	135	1	2463	310	3686	144490	.C	0	0	0	345	18	0	0	0	0	13277	.	64	8	96	3409	117	1	2463	310	3686	131213	C	0|0|64|2463,0|0|8|310,0|0|96|3686,345|13277|3409|131213,18|.117|.,.|C
5HT2cR-ligated-N	102	103	A	4055	3906	149	3906	19	2	7	121	0	149832	724	74	245	.	335	6	0	2	21	0	12844	231	0	77	.	3571	13	2	5	100	0	136988	493	74	168	.	335|12844|3571|136988,6|231|13|493,0|0|2|74,2|77|5|168,21|.100|.,.|.
5HT2cR-ligated-N	103	104	T	4054	3848	206	66	3	116	3848	21	2	2508	116	4438	148073	.C,A	0	0	0	360	4	0	0	0	0	13871	.	66	3	116	3488	17	2	2508	116	4438	134202	C,A	0|0|66|2508,0|0|3|116,0|0|116|4438,360|13871|3488|134202,4|.17|.,.|C,A
5HT2cR-ligated-N	104	105	A	4085	4021	64	4021	16	11	8	29	16	154353	612	419	309	.G,T,G,G,G,G,G,G,T,G,G,G,G,T,T,G	337	15	2	6	4	0	12973	575	76	232	.	3684	1	9	2	25	16	141380	37	343	77	G,T,G,G,G,G,G,G,T,G,G,G,G,T,T,G	337|12973|3684|141380,15|575|1|37,2|76|9|343,6|232|2|77,4|.25|.,.|G,T,G,G,G,G,G,G,T,G,G,G,G,T,T,G
5HT2cR-ligated-N	105	106	G	4134	3963	171	20	16	3963	35	100	1	770	608	151812	1350	.CC	1	1	362	0	1	0	39	39	13931	0	.	19	15	3601	35	99	1	731	569	137881	1350	CC	1|39|19|731,1|39|15|569,362|13931|3601|137881,0|0|35|1350,1|.99|.,.|CC
5HT2cR-ligated-N	106	107	G	4133	4006	127	20	15	4006	58	34	7	768	581	153661	2215	TGA,A,A,A,CTA,A	0	0	367	0	1	1	0	0	14072	0	T	20	15	3639	58	33	6	768	581	139589	2215	GA,A,A,A,CTA,A	0|0|20|768,0|0|15|581,367|14072|3639|139589,0|0|58|2215,1|.33|.,T|GA,A,A,A,CTA,A
5HT2cR-ligated-N	107	108	T	4126	3786	340	298	3	8	3786	31	32	11452	116	282	144399	A,CA,A,A,A,A,A,A,A,AA,A,A,A,A,A,A,A,A,A,A,A,A,A,A,A,AAA,AAAAA,A,AA,A,AA	1	0	0	371	2	2	39	0	0	13934	A,C	297	3	8	3415	29	30	11413	116	282	130465	A,A,A,A,A,A,A,A,AA,A,A,A,A,A,A,A,A,A,A,A,A,A,A,A,AAA,AAAAA,A,AA,A,AA	1|39|297|11413,0|0|3|116,0|0|8|282,371|13934|3415|130465,2|.29|.,A,C|A,A,A,A,A,A,A,A,AA,A,A,A,A,A,A,A,A,A,A,A,A,A,A,A,AAA,AAAAA,A,AA,A,AA
5HT2cR-ligated-N	108	109	A	4142	4098	44	4098	11	1	8	24	0	157076	396	38	309	.	360	10	0	7	5	0	13694	380	0	271	.	3738	1	1	1	19	0	143382	16	38	38	.	360|13694|3738|143382,10|380|1|16,0|0|1|38,7|271|1|38,5|.19|.,.|.
5HT2cR-ligated-N	109	110	A	4138	4066	72	4066	2	5	7	58	1	156322	55	191	268	.	378	0	0	6	2	1	14439	0	0	231	T	3688	2	5	1	56	0	141883	55	191	37	.	378|14439|3688|141883,0|0|2|55,0|0|5|191,6|231|1|37,2|.56|.,T|.
5HT2cR-ligated-N	110	111	A	4139	4014	125	4014	1	4	2	118	4	154316	39	155	76	T,TT,T	385	0	0	0	4	2	14748	0	0	0	T,T	3629	1	4	2	114	2	139568	39	155	76	T,T	385|14748|3629|139568,0|0|1|39,0|0|4|155,0|0|2|76,4|.114|.,T,T|T,T
5HT2cR-ligated-N	111	112	T	4138	3762	376	195	1	13	3762	167	38	7381	38	477	144347	A,A,A,AA,A,A,AAAAAA,AA,AAAA,A,A,AAAAAAAA,A,A,A,AAAAA,AA,AA,A,AAAAA,AAAAA,AAAAAAAAAAAA,A,A,A,A,A,A,A,A,AA,A,A,A,AA,A,AAA	7	0	1	375	8	4	246	0	37	14411	A,A,A,A	188	1	12	3387	159	34	7135	38	440	129936	A,A,A,AAAAAA,AA,AAAA,A,A,AAAAAAAA,A,A,A,AAAAA,AA,AA,A,AAAAA,AAAAA,AAAAAAAAAAAA,A,A,A,A,A,A,A,A,AA,A,A,A,AA,A,AAA	7|246|188|7135,0|0|1|38,1|37|12|440,375|14411|3387|129936,8|.159|.,A,A,A,A|A,A,A,AAAAAA,AA,AAAA,A,A,AAAAAAAA,A,A,A,AAAAA,AA,AA,A,AAAAA,AAAAA,AAAAAAAAAAAA,A,A,A,A,A,A,A,A,AA,A,A,A,AA,A,AAA
5HT2cR-ligated-N	112	113	A	4134	4053	81	4053	4	2	10	65	2	155626	153	77	388	.T,AT	364	3	0	8	18	0	14022	114	0	311	.	3689	1	2	2	47	2	141604	39	77	77	T,AT	364|14022|3689|141604,3|114|1|39,0|0|2|77,8|311|2|77,18|.47|.,.|T,AT
5HT2cR-ligated-N	113	114	A	4131	4084	47	4084	4	3	12	28	7	156611	153	114	461	.T,T,T,AT,T,T,T	375	1	2	9	11	0	14410	39	77	346	.	3709	3	1	3	17	7	142201	114	37	115	T,T,T,AT,T,T,T	375|14410|3709|142201,1|39|3|114,2|77|1|37,9|346|3|115,11|.17|.,.|T,T,T,AT,T,T,T
5HT2cR-ligated-N	114	115	A	4130	4107	23	4107	1	0	12	10	6	156632	38	0	436	ACCT,TT,T,T,T	395	1	0	3	3	1	15134	38	0	116	ACC	3712	0	0	9	7	5	141498	0	0	320	T,TT,T,T,T	395|15134|3712|141498,1|38|0|0,0|0|0|0,3|116|9|320,3|.7|.,ACC|T,TT,T,T,T
5HT2cR-ligated-N	115	116	A	4132	4112	20	4112	2	1	8	9	1	155422	52	39	306	.T	406	0	0	0	2	0	15512	0	0	0	.	3706	2	1	8	7	1	139910	52	39	306	T	406|15512|3706|139910,0|0|2|52,0|0|1|39,0|0|8|306,2|.7|.,.|T
5HT2cR-ligated-N	116	117	C	4124	3991	133	15	3991	0	100	18	60	561	151559	0	3811	T,T,T,T,T,TT,T,TT,T,T,T,T,T,T,T,T,T,T,T,T,T,T,T,T,T,T,TTT,T,T,T,T,TT,T,T,A,T,T,T,T,T,T,T,T,T,T,T,T,T,T,T,T,T,T,T,T,T,T,T,T	7	398	0	2	4	6	266	15189	0	78	T,T,T,T,T,T	8	3593	0	98	14	54	295	136370	0	3733	T,T,TT,T,T,T,T,T,T,T,T,T,T,T,T,T,T,T,T,T,T,TTT,T,T,T,T,TT,T,T,A,T,T,T,T,T,T,T,T,T,T,T,T,T,T,T,T,T,T,T,T,T,T,T,T	7|266|8|295,398|15189|3593|136370,0|0|0|0,2|78|98|3733,4|.14|.,T,T,T,T,T,T|T,T,TT,T,T,T,T,T,T,T,T,T,T,T,T,T,T,T,T,T,T,TTT,T,T,T,T,TT,T,T,A,T,T,T,T,T,T,T,T,T,T,T,T,T,T,T,T,T,T,T,T,T,T,T,T
5HT2cR-ligated-N	117	118	T	4124	3422	702	15	29	1	3422	657	1	573	1110	38	130654	.C	1	2	0	406	7	0	37	77	0	15559	.	14	27	1	3016	650	1	536	1033	38	115095	C	1|37|14|536,2|77|27|1033,0|0|1|38,406|15559|3016|115095,7|.650|.,.|C
5HT2cR-ligated-N	118	119	T	4118	3700	418	8	18	0	3700	392	0	311	694	0	141529	.	2	1	0	408	5	0	78	39	0	15688	.	6	17	0	3292	387	0	233	655	0	125841	.	2|78|6|233,1|39|17|655,0|0|0|0,408|15688|3292|125841,5|.387|.,.|.
5HT2cR-ligated-N	119	120	T	4112	4033	79	19	8	4	4033	48	0	731	307	150	154222	.	2	0	1	412	1	0	78	0	37	15849	.	17	8	3	3621	47	0	653	307	113	138373	.	2|78|17|653,0|0|8|307,1|37|3|113,412|15849|3621|138373,1|.47|.,.|.
5HT2cR-ligated-N	120	121	T	4108	4001	107	61	6	32	4001	8	2	2337	229	1211	153361	.G,A	1	0	0	418	0	0	39	0	0	16083	.	60	6	32	3583	8	2	2298	229	1211	137278	G,A	1|39|60|2298,0|0|6|229,0|0|32|1211,418|16083|3583|137278,0|.8|.,.|G,A
5HT2cR-ligated-N	121	122	T	4103	3860	243	40	6	185	3860	12	12	1537	223	7076	147932	.G,G,G,G,G,G,G,G,G,G,G,G	0	1	0	420	0	0	0	37	0	16167	.	40	5	185	3440	12	12	1537	186	7076	131765	G,G,G,G,G,G,G,G,G,G,G,G	0|0|40|1537,1|37|5|186,0|0|185|7076,420|16167|3440|131765,0|.12|.,.|G,G,G,G,G,G,G,G,G,G,G,G
5HT2cR-ligated-N	122	123	G	4151	4068	83	4	17	4068	29	33	0	152	607	154582	1112	.	0	0	418	3	0	0	0	0	15852	115	.	4	17	3650	26	33	0	152	607	138730	997	.	0|0|4|152,0|0|17|607,418|15852|3650|138730,3|115|26|997,0|.33|.,.|.
5HT2cR-ligated-N	123	124	G	4146	4034	112	12	64	4034	32	4	1	436	2429	152942	1212	.T	0	0	418	2	0	0	0	0	15843	76	.	12	64	3616	30	4	1	436	2429	137099	1136	T	0|0|12|436,0|0|64|2429,418|15843|3616|137099,2|76|30|1136,0|.4|.,.|T
5HT2cR-ligated-N	124	125	C	4145	4108	37	1	4108	16	5	15	0	39	155939	613	188	.	0	401	14	3	2	0	0	15308	536	114	.	1	3707	2	2	13	0	39	140631	77	74	.	0|0|1|39,401|15308|3707|140631,14|536|2|77,3|114|2|74,2|.13|.,.|.
5HT2cR-ligated-N	125	126	C	4142	4122	20	4	4122	2	11	3	3	153	157669	77	421	TA,A	3	412	2	3	1	1	115	15768	77	115	T	1	3710	0	8	2	2	38	141901	0	306	A,A	3|115|1|38,412|15768|3710|141901,2|77|0|0,3|115|8|306,1|.2|.,T|A,A
5HT2cR-ligated-N	126	127	A	4121	4060	61	4060	20	3	10	28	0	155900	735	97	384	.	394	17	1	3	1	0	15107	656	39	115	.	3666	3	2	7	27	0	140793	79	58	269	.	394|15107|3666|140793,17|656|3|79,1|39|2|58,3|115|7|269,1|.27|.,.|.
5HT2cR-ligated-N	127	128	T	4115	3832	283	146	4	90	3832	43	1	5629	154	3455	147161	.	2	0	2	412	1	1	78	0	77	15840	A	144	4	88	3420	42	0	5551	154	3378	131321	.	2|78|144|5551,0|0|4|154,2|77|88|3378,412|15840|3420|131321,1|.42|.,A|.
5HT2cR-ligated-N	128	129	A	4116	4064	52	4064	8	3	10	31	4	156399	307	115	388	.T,T,T,G	386	8	2	10	11	0	14839	307	78	388	.	3678	0	1	0	20	4	141560	0	37	0	T,T,T,G	386|14839|3678|141560,8|307|0|0,2|78|1|37,10|388|0|0,11|.20|.,.|T,T,T,G
5HT2cR-ligated-N	129	130	A	4115	3968	147	3968	5	6	25	111	3	152460	190	232	929	.T,T,T	403	5	2	9	4	0	15449	190	78	351	.	3565	0	4	16	107	3	137011	0	154	578	T,T,T	403|15449|3565|137011,5|190|0|0,2|78|4|154,9|351|16|578,4|.107|.,.|T,T,T
5HT2cR-ligated-N	130	131	G	4124	3961	163	26	2	3961	17	118	0	999	77	151806	653	.	3	0	428	0	3	0	115	0	16391	0	.	23	2	3533	17	115	0	884	77	135415	653	.	3|115|23|884,0|0|2|77,428|16391|3533|135415,0|0|17|653,3|.115|.,.|.
5HT2cR-ligated-N	131	132	A	4119	4054	65	4054	9	11	19	26	0	155691	344	401	730	.	402	9	5	12	6	0	15399	344	190	462	.	3652	0	6	7	20	0	140292	0	211	268	.	402|15399|3652|140292,9|344|0|0,5|190|6|211,12|462|7|268,6|.20|.,.|.
5HT2cR-ligated-N	132	133	A	4121	4069	52	4069	3	4	17	28	4	155942	117	154	652	.TT,T,T,T	428	3	0	7	1	0	16377	117	0	267	.	3641	0	4	10	27	4	139565	0	154	385	TT,T,T,T	428|16377|3641|139565,3|117|0|0,0|0|4|154,7|267|10|385,1|.27|.,.|TT,T,T,T
5HT2cR-ligated-N	133	134	T	4116	3908	208	81	9	46	3908	72	1	3103	344	1750	149161	.AA	0	0	0	438	1	0	0	0	0	16861	.	81	9	46	3470	71	1	3103	344	1750	132300	AA	0|0|81|3103,0|0|9|344,0|0|46|1750,438|16861|3470|132300,1|.71|.,.|AA
5HT2cR-ligated-N	134	135	T	4109	3847	262	55	8	169	3847	30	0	2118	306	6494	147288	.	0	0	0	440	0	0	0	0	0	16875	.	55	8	169	3407	30	0	2118	306	6494	130413	.	0|0|55|2118,0|0|8|306,0|0|169|6494,440|16875|3407|130413,0|.30|.,.|.
5HT2cR-ligated-N	135	136	G	4114	4019	95	13	9	4019	24	49	5	484	342	152231	904	CC,C,C,C	0	0	438	0	4	1	0	0	16757	0	C	13	9	3581	24	45	4	484	342	135474	904	C,C,C,C	0|0|13|484,0|0|9|342,438|16757|3581|135474,0|0|24|904,4|.45|.,C|C,C,C,C
5HT2cR-ligated-N	136	137	C	4108	4058	50	5	4058	1	8	36	0	189	153605	37	306	.	5	427	0	0	10	0	189	16265	0	0	.	0	3631	1	8	26	0	0	137340	37	306	.	5|189|0|0,427|16265|3631|137340,0|0|1|37,0|0|8|306,10|.26|.,.|.
5HT2cR-ligated-N	137	138	A	4095	3997	98	3997	9	12	26	51	3	151280	346	452	970	TTT,TT	391	9	5	11	24	1	14902	346	189	418	T	3606	0	7	15	27	2	136378	0	263	552	TT,TT	391|14902|3606|136378,9|346|0|0,5|189|7|263,11|418|15|552,24|.27|.,T|TT,TT
5HT2cR-ligated-N	138	139	G	4092	3981	111	5	5	3981	27	74	0	190	190	150431	1000	.	0	1	419	0	18	0	0	39	15951	0	.	5	4	3562	27	56	0	190	151	134480	1000	.	0|0|5|190,1|39|4|151,419|15951|3562|134480,0|0|27|1000,18|.56|.,.|.
5HT2cR-ligated-N	139	140	C	4090	4029	61	1	4029	1	2	57	3	39	151928	39	78	.A,A,A	0	429	1	0	7	0	0	16239	39	0	.	1	3600	0	2	50	3	39	135689	0	78	A,A,A	0|0|1|39,429|16239|3600|135689,1|39|0|0,0|0|2|78,7|.50|.,.|A,A,A
5HT2cR-ligated-N	140	141	G	4088	3938	150	59	1	3938	3	87	0	2262	38	150066	115	.	0	0	433	0	2	0	0	0	16374	0	.	59	1	3505	3	85	0	2262	38	133692	115	.	0|0|59|2262,0|0|1|38,433|16374|3505|133692,0|0|3|115,2|.85|.,.|.
5HT2cR-ligated-N	141	142	G	4085	3959	126	12	17	3959	41	56	0	462	644	150124	1563	.	0	0	430	1	2	0	0	0	16237	37	.	12	17	3529	40	54	0	462	644	133887	1526	.	0|0|12|462,0|0|17|644,430|16237|3529|133887,1|37|40|1526,2|.54|.,.|.
5HT2cR-ligated-N	142	143	C	4080	3995	85	5	3995	0	3	77	1	185	150919	0	117	.A	1	429	0	0	4	0	37	16219	0	0	.	4	3566	0	3	73	1	148	134700	0	117	A	1|37|4|148,429|16219|3566|134700,0|0|0|0,0|0|3|117,4|.73|.,.|A
5HT2cR-ligated-N	143	144	T	4081	3751	330	80	1	92	3751	157	1	3032	37	3507	142982	.	0	0	0	416	17	1	0	0	0	15810	A	80	1	92	3335	140	0	3032	37	3507	127172	.	0|0|80|3032,0|0|1|37,0|0|92|3507,416|15810|3335|127172,17|.140|.,A|.
5HT2cR-ligated-N	144	145	A	4081	3960	121	3960	12	7	2	100	0	151300	435	269	54	.	403	7	4	1	17	0	15323	268	153	39	.	3557	5	3	1	83	0	135977	167	116	15	.	403|15323|3557|135977,7|268|5|167,4|153|3|116,1|39|1|15,17|.83|.,.|.
5HT2cR-ligated-N	145	146	T	4077	3773	304	52	7	181	3773	64	0	2004	239	6938	144004	.	0	1	0	426	6	0	0	16	0	16407	.	52	6	181	3347	58	0	2004	223	6938	127597	.	0|0|52|2004,1|16|6|223,0|0|181|6938,426|16407|3347|127597,6|.58|.,.|.
5HT2cR-ligated-N	146	147	G	4074	3938	136	9	38	3938	34	55	0	339	1381	149493	1222	.	1	0	430	0	2	0	38	0	16469	0	.	8	38	3508	34	53	0	301	1381	133024	1222	.	1|38|8|301,0|0|38|1381,430|16469|3508|133024,0|0|34|1222,2|.53|.,.|.
5HT2cR-ligated-N	147	148	C	4069	3961	108	8	3961	1	18	81	0	309	149848	39	665	.	7	421	1	2	2	0	270	16096	39	75	.	1	3540	0	16	79	0	39	133752	0	590	.	7|270|1|39,421|16096|3540|133752,1|39|0|0,2|75|16|590,2|.79|.,.|.
5HT2cR-ligated-N	148	149	T	4066	3788	278	110	12	67	3788	89	2	4112	438	2539	142595	.G,AG	0	0	0	433	0	0	0	0	0	16612	.	110	12	67	3355	89	2	4112	438	2539	125983	G,AG	0|0|110|4112,0|0|12|438,0|0|67|2539,433|16612|3355|125983,0|.89|.,.|G,AG
5HT2cR-ligated-N	149	150	C	4068	4049	19	3	4049	3	1	12	1	94	151893	95	39	.A	0	428	1	0	4	0	0	16366	37	0	.	3	3621	2	1	8	1	94	135527	58	39	A	0|0|3|94,428|16366|3621|135527,1|37|2|58,0|0|1|39,4|.8|.,.|A
5HT2cR-ligated-N	150	151	A	4055	3980	75	3980	17	2	8	48	1	151409	653	56	306	.T	393	16	1	6	7	0	15146	615	37	229	.	3587	1	1	2	41	1	136263	38	19	77	T	393|15146|3587|136263,16|615|1|38,1|37|1|19,6|229|2|77,7|.41|.,.|T
5HT2cR-ligated-N	151	152	A	4042	3976	66	3976	12	1	14	39	1	151001	464	39	513	.T	396	10	0	6	10	0	15122	387	0	230	.	3580	2	1	8	29	1	135879	77	39	283	T	396|15122|3580|135879,10|387|2|77,0|0|1|39,6|230|8|283,10|.29|.,.|T
5HT2cR-ligated-N	152	153	T	4037	3808	229	45	13	104	3808	67	0	1670	492	3920	142998	.	0	1	1	407	14	0	0	39	38	15585	.	45	12	103	3401	53	0	1670	453	3882	127413	.	0|0|45|1670,1|39|12|453,1|38|103|3882,407|15585|3401|127413,14|.53|.,.|.
5HT2cR-ligated-N	153	154	A	4028	3966	62	3966	7	3	23	29	4	145424	245	92	793	T,TC,T	393	5	1	11	15	2	15059	192	38	424	T,T	3573	2	2	12	14	2	130365	53	54	369	C,T	393|15059|3573|130365,5|192|2|53,1|38|2|54,11|424|12|369,15|.14|.,T,T|C,T
5HT2cR-ligated-N	154	155	C	4018	3950	68	3	3950	0	16	49	7	115	146688	0	583	.A,A,AA,T,T,T,T	2	412	0	3	7	0	76	15635	0	117	.	1	3538	0	13	42	7	39	131053	0	466	A,A,AA,T,T,T,T	2|76|1|39,412|15635|3538|131053,0|0|0|0,3|117|13|466,7|.42|.,.|A,A,AA,T,T,T,T
5HT2cR-ligated-N	155	156	T	4005	3779	226	19	14	6	3779	187	1	720	502	202	139142	.C	0	3	0	415	6	0	0	113	0	15765	.	19	11	6	3364	181	1	720	389	202	123377	C	0|0|19|720,3|113|11|389,0|0|6|202,415|15765|3364|123377,6|.181|.,.|C
5HT2cR-ligated-N	156	157	T	4004	3805	199	106	4	34	3805	55	0	3954	129	1214	140985	.	3	0	0	421	1	0	114	0	0	16075	.	103	4	34	3384	54	0	3840	129	1214	124910	.	3|114|103|3840,0|0|4|129,0|0|34|1214,421|16075|3384|124910,1|.54|.,.|.
5HT2cR-ligated-N	157	158	T	3995	3724	271	103	14	138	3724	16	0	3774	520	5085	138366	.	0	0	0	426	0	0	0	0	0	16259	.	103	14	138	3298	16	0	3774	520	5085	122107	.	0|0|103|3774,0|0|14|520,0|0|138|5085,426|16259|3298|122107,0|.16|.,.|.
5HT2cR-ligated-N	158	159	C	3990	3960	30	0	3960	6	11	13	1	0	147345	208	422	.T	0	416	1	8	1	0	0	15797	16	305	.	0	3544	5	3	12	1	0	131548	192	117	T	0|0|0|0,416|15797|3544|131548,1|16|5|192,8|305|3|117,1|.12|.,.|T
5HT2cR-ligated-N	159	160	G	3993	3912	81	7	5	3912	9	60	0	248	156	146804	277	.	1	0	417	1	1	0	39	0	15788	16	.	6	5	3495	8	59	0	209	156	131016	261	.	1|39|6|209,0|0|5|156,417|15788|3495|131016,1|16|8|261,1|.59|.,.|.
5HT2cR-ligated-N	160	161	G	3935	3889	46	12	3	3889	18	13	0	396	116	146334	669	.	0	0	417	1	0	0	0	0	15712	39	.	12	3	3472	17	13	0	396	116	130622	630	.	0|0|12|396,0|0|3|116,417|15712|3472|130622,1|39|17|630,0|.13|.,.|.
5HT2cR-ligated-N	161	162	A	3918	3687	231	3687	9	10	18	194	0	139937	346	375	679	.	383	9	7	12	4	0	14460	346	269	453	.	3304	0	3	6	190	0	125477	0	106	226	.	383|14460|3304|125477,9|346|0|0,7|269|3|106,12|453|6|226,4|.190|.,.|.
5HT2cR-ligated-N	162	163	T	3910	3551	359	89	8	34	3551	228	2	3381	284	1285	135164	.GCTCAA,G	2	1	0	411	2	0	78	16	0	15516	.	87	7	34	3140	226	2	3303	268	1285	119648	GCTCAA,G	2|78|87|3303,1|16|7|268,0|0|34|1285,411|15516|3140|119648,2|.226|.,.|GCTCAA,G
5HT2cR-ligated-N	163	164	T	3894	3638	256	21	6	37	3638	192	1	778	226	1370	138400	.A	0	0	0	411	5	0	0	0	0	15567	.	21	6	37	3227	187	1	778	226	1370	122833	A	0|0|21|778,0|0|6|226,0|0|37|1370,411|15567|3227|122833,5|.187|.,.|A
5HT2cR-ligated-N	164	165	A	3884	3770	114	3770	24	3	31	56	15	143514	915	93	1179	.CTT,T,T,T,T,T,T,T,T,T,T,T,T,T,T	357	14	2	31	12	0	13675	537	54	1179	.	3413	10	1	0	44	15	129839	378	39	0	CTT,T,T,T,T,T,T,T,T,T,T,T,T,T,T	357|13675|3413|129839,14|537|10|378,2|54|1|39,31|1179|0|0,12|.44|.,.|CTT,T,T,T,T,T,T,T,T,T,T,T,T,T,T
5HT2cR-ligated-N	165	166	T	3864	3583	281	30	16	165	3583	70	1	1149	598	6196	135232	.CGGAC	0	0	2	413	3	0	0	0	31	15785	.	30	16	163	3170	67	1	1149	598	6165	119447	CGGAC	0|0|30|1149,0|0|16|598,2|31|163|6165,413|15785|3170|119447,3|.67|.,.|CGGAC
5HT2cR-ligated-N	166	167	G	3860	3734	126	14	3	3734	19	90	1	540	115	141087	685	.A	0	0	414	0	4	0	0	0	15763	0	.	14	3	3320	19	86	1	540	115	125324	685	A	0|0|14|540,0|0|3|115,414|15763|3320|125324,0|0|19|685,4|.86|.,.|A
5HT2cR-ligated-N	167	168	T	3854	3603	251	64	15	83	3603	89	0	2395	571	3088	135215	.	2	0	0	407	9	0	53	0	0	15475	.	62	15	83	3196	80	0	2342	571	3088	119740	.	2|53|62|2342,0|0|15|571,0|0|83|3088,407|15475|3196|119740,9|.80|.,.|.
5HT2cR-ligated-N	168	169	A	3839	3800	39	3800	2	9	8	20	0	141266	55	286	236	.	400	0	4	0	13	0	15283	0	152	0	.	3400	2	5	8	7	0	125983	55	134	236	.	400|15283|3400|125983,0|0|2|55,4|152|5|134,0|0|8|236,13|.7|.,.|.
5HT2cR-ligated-N	169	170	C	3830	3786	44	8	3786	11	3	22	1	306	142918	375	115	.T	5	393	9	1	8	0	191	14940	320	38	.	3	3393	2	2	14	1	115	127978	55	77	T	5|191|3|115,393|14940|3393|127978,9|320|2|55,1|38|2|77,8|.14|.,.|T
5HT2cR-ligated-N	170	171	T	3760	3407	353	60	8	135	3407	150	3	2298	304	5026	128996	.A,A,A	1	0	0	410	5	0	39	0	0	15559	.	59	8	135	2997	145	3	2259	304	5026	113437	A,A,A	1|39|59|2259,0|0|8|304,0|0|135|5026,410|15559|2997|113437,5|.145|.,.|A,A,A
5HT2cR-ligated-N	171	172	G	3748	3531	217	4	13	3531	30	170	1	148	492	134047	1084	.T	1	0	411	0	4	0	39	0	15652	0	.	3	13	3120	30	166	1	109	492	118395	1084	T	1|39|3|109,0|0|13|492,411|15652|3120|118395,0|0|30|1084,4|.166|.,.|T
5HT2cR-ligated-N	172	173	T	3729	3527	202	43	5	37	3527	117	0	1656	179	1367	133047	.	0	0	1	412	2	0	0	0	17	15612	.	43	5	36	3115	115	0	1656	179	1350	117435	.	0|0|43|1656,0|0|5|179,1|17|36|1350,412|15612|3115|117435,2|.115|.,.|.
5HT2cR-ligated-N	173	174	G	3691	3621	70	12	15	3621	28	15	1	437	575	136507	1011	.	0	0	409	0	3	1	0	0	15483	0	A	12	15	3212	28	12	0	437	575	121024	1011	.	0|0|12|437,0|0|15|575,409|15483|3212|121024,0|0|28|1011,3|.12|.,A|.
5HT2cR-ligated-N	174	175	A	3679	3619	60	3619	14	3	23	20	0	136102	536	93	876	.	369	11	0	20	11	0	14023	420	0	763	.	3250	3	3	3	9	0	122079	116	93	113	.	369|14023|3250|122079,11|420|3|116,0|0|3|93,20|763|3|113,11|.9|.,.|.
5HT2cR-ligated-N	175	176	A	3670	3625	45	3625	3	5	18	19	1	133786	69	140	658	.C	391	1	2	5	12	0	14854	39	76	193	.	3234	2	3	13	7	1	118932	30	64	465	C	391|14854|3234|118932,1|39|2|30,2|76|3|64,5|193|13|465,12|.7|.,.|C
5HT2cR-ligated-N	176	177	C	3665	3634	31	7	3634	1	4	19	0	241	136414	37	155	.	7	391	0	0	12	0	241	14828	0	0	.	0	3243	1	4	7	0	0	121586	37	155	.	7|241|0|0,391|14828|3243|121586,0|0|1|37,0|0|4|155,12|.7|.,.|.
5HT2cR-ligated-N	177	178	A	3648	3574	74	3574	23	13	13	25	2	134901	859	446	493	.C,G	361	22	0	6	21	0	13734	844	0	228	.	3213	1	13	7	4	2	121167	15	446	265	C,G	361|13734|3213|121167,22|844|1|15,0|0|13|446,6|228|7|265,21|.4|.,.|C,G
5HT2cR-ligated-N	178	179	A	3635	3597	38	3597	3	5	13	17	0	134537	92	192	450	.	386	2	3	6	13	0	14577	76	116	229	.	3211	1	2	7	4	0	119960	16	76	221	.	386|14577|3211|119960,2|76|1|16,3|116|2|76,6|229|7|221,13|.4|.,.|.
5HT2cR-ligated-N	179	180	C	3622	3596	26	10	3596	2	3	11	1	379	135642	75	114	.A	10	396	0	0	4	0	379	14988	0	0	.	0	3200	2	3	7	1	0	120654	75	114	A	10|379|0|0,396|14988|3200|120654,0|0|2|75,0|0|3|114,4|.7|.,.|A
5HT2cR-ligated-N	180	181	G	3600	3490	110	9	5	3490	57	39	0	301	192	131229	2101	.	2	0	398	0	0	0	56	0	15018	0	.	7	5	3092	57	39	0	245	192	116211	2101	.	2|56|7|245,0|0|5|192,398|15018|3092|116211,0|0|57|2101,0|.39|.,.|.
5HT2cR-ligated-N	181	182	T	3587	3364	223	117	5	65	3364	36	0	4369	189	2407	126311	.	0	0	1	398	0	0	0	0	2	15020	.	117	5	64	2966	36	0	4369	189	2405	111291	.	0|0|117|4369,0|0|5|189,1|2|64|2405,398|15020|2966|111291,0|.36|.,.|.
5HT2cR-ligated-N	182	183	A	3558	3512	46	3512	6	2	15	23	0	131449	223	46	512	.	379	5	0	7	6	0	14269	190	0	268	.	3133	1	2	8	17	0	117180	33	46	244	.	379|14269|3133|117180,5|190|1|33,0|0|2|46,7|268|8|244,6|.17|.,.|.
5HT2cR-ligated-N	183	184	C	3552	3523	29	2	3523	4	2	21	0	51	130430	106	71	.	1	383	3	1	7	0	37	14465	90	39	.	1	3140	1	1	14	0	14	115965	16	32	.	1|37|1|14,383|14465|3140|115965,3|90|1|16,1|39|1|32,7|.14|.,.|.
5HT2cR-ligated-N	184	185	A	3535	3479	56	3479	11	7	11	27	1	130496	417	243	392	.TCATAGC	364	11	2	5	12	0	13749	417	52	189	.	3115	0	5	6	15	1	116747	0	191	203	TCATAGC	364|13749|3115|116747,11|417|0|0,2|52|5|191,5|189|6|203,12|.15|.,.|TCATAGC
5HT2cR-ligated-N	185	186	G	3522	3449	73	1	4	3449	36	32	0	39	142	126957	1240	.	1	0	379	1	13	0	39	0	14228	38	.	0	4	3070	35	19	0	0	142	112729	1202	.	1|39|0|0,0|0|4|142,379|14228|3070|112729,1|38|35|1202,13|.19|.,.|.
5HT2cR-ligated-N	186	187	A	3503	3466	37	3466	5	6	10	16	0	126420	189	204	375	.	361	5	3	7	12	0	13401	189	114	263	.	3105	0	3	3	4	0	113019	0	90	112	.	361|13401|3105|113019,5|189|0|0,3|114|3|90,7|263|3|112,12|.4|.,.|.
5HT2cR-ligated-N	187	188	C	3494	3456	38	7	3456	2	3	26	2	242	125921	54	115	.T,A	7	374	1	1	4	0	242	14057	38	39	.	0	3082	1	2	22	2	0	111864	16	76	T,A	7|242|0|0,374|14057|3082|111864,1|38|1|16,1|39|2|76,4|.22|.,.|T,A
5HT2cR-ligated-N	188	189	G	3479	3393	86	1	7	3393	56	22	1	38	249	123708	2001	.A	0	0	373	1	2	0	0	0	13980	38	.	1	7	3020	55	20	1	38	249	109728	1963	A	0|0|1|38,0|0|7|249,373|13980|3020|109728,1|38|55|1963,2|.20|.,.|A
5HT2cR-ligated-N	189	190	T	3461	3155	306	164	5	106	3155	31	0	5871	165	3779	114246	.	1	0	0	370	1	0	38	0	0	13861	.	163	5	106	2785	30	0	5833	165	3779	100385	.	1|38|163|5833,0|0|5|165,0|0|106|3779,370|13861|2785|100385,1|.30|.,.|.
5HT2cR-ligated-N	190	191	C	3453	3434	19	1	3434	1	3	14	1	17	123303	16	117	.T	0	369	1	0	2	0	0	13794	16	0	.	1	3065	0	3	12	1	17	109509	0	117	T	0|0|1|17,369|13794|3065|109509,1|16|0|0,0|0|3|117,2|.12|.,.|T
5HT2cR-ligated-N	191	192	G	3440	3405	35	6	1	3405	16	12	0	223	16	125707	509	.	0	0	366	1	1	0	0	0	13884	14	.	6	1	3039	15	11	0	223	16	111823	495	.	0|0|6|223,0|0|1|16,366|13884|3039|111823,1|14|15|495,1|.11|.,.|.
5HT2cR-ligated-N	192	193	A	3423	3359	64	3359	9	5	28	22	0	123057	293	115	967	.	337	7	0	15	7	0	12746	263	0	521	.	3022	2	5	13	15	0	110311	30	115	446	.	337|12746|3022|110311,7|263|2|30,0|0|5|115,15|521|13|446,7|.15|.,.|.
5HT2cR-ligated-N	193	194	C	3418	3373	45	16	3373	2	6	21	4	551	125021	49	199	.G,G,G,G	11	352	1	2	0	0	423	13341	16	53	.	5	3021	1	4	21	4	128	111680	33	146	G,G,G,G	11|423|5|128,352|13341|3021|111680,1|16|1|33,2|53|4|146,0|.21|.,.|G,G,G,G
5HT2cR-ligated-N	194	195	T	3398	3126	272	61	9	149	3126	53	1	2244	340	5409	116851	.G	0	0	0	361	1	0	0	0	0	13711	.	61	9	149	2765	52	1	2244	340	5409	103140	G	0|0|61|2244,0|0|9|340,0|0|149|5409,361|13711|2765|103140,1|.52|.,.|G
5HT2cR-ligated-N	195	196	G	3386	3250	136	12	12	3250	29	83	1	464	381	120851	1067	.A	0	0	360	0	0	0	0	0	13671	0	.	12	12	2890	29	83	1	464	381	107180	1067	A	0|0|12|464,0|0|12|381,360|13671|2890|107180,0|0|29|1067,0|.83|.,.|A
5HT2cR-ligated-N	196	197	G	3374	3280	94	5	3	3280	50	36	0	190	115	121149	1830	.	0	0	357	0	0	0	0	0	13522	0	.	5	3	2923	50	36	0	190	115	107627	1830	.	0|0|5|190,0|0|3|115,357|13522|2923|107627,0|0|50|1830,0|.36|.,.|.
5HT2cR-ligated-N	197	198	T	3363	3151	212	98	8	42	3151	64	0	3619	301	1541	117873	.	0	0	0	357	0	0	0	0	0	13576	.	98	8	42	2794	64	0	3619	301	1541	104297	.	0|0|98|3619,0|0|8|301,0|0|42|1541,357|13576|2794|104297,0|.64|.,.|.
5HT2cR-ligated-N	198	199	A	3345	3310	35	3310	3	4	10	18	0	123711	92	112	380	.	337	3	1	10	5	0	12784	92	39	380	.	2973	0	3	0	13	0	110927	0	73	0	.	337|12784|2973|110927,3|92|0|0,1|39|3|73,10|380|0|0,5|.13|.,.|.
5HT2cR-ligated-N	199	200	A	3336	3292	44	3292	3	6	15	20	1	121408	94	181	509	.	338	2	0	10	4	1	12789	78	0	360	C	2954	1	6	5	16	0	108619	16	181	149	.	338|12789|2954|108619,2|78|1|16,0|0|6|181,10|360|5|149,4|.16|.,C|.
5HT2cR-ligated-N	200	201	C	3326	3290	36	12	3290	1	2	21	2	409	122067	15	38	.A,G	10	338	0	0	6	0	379	12841	0	0	.	2	2952	1	2	15	2	30	109226	15	38	A,G	10|379|2|30,338|12841|2952|109226,0|0|1|15,0|0|2|38,6|.15|.,.|A,G
5HT2cR-ligated-N	201	202	A	3314	3239	75	3239	11	3	27	34	6	120864	393	115	941	TT,T,T,T,T	330	9	0	9	5	1	12562	322	0	322	T	2909	2	3	18	29	5	108302	71	115	619	T,T,T,T,T	330|12562|2909|108302,9|322|2|71,0|0|3|115,9|322|18|619,5|.29|.,T|T,T,T,T,T
5HT2cR-ligated-N	202	203	T	3297	3087	210	11	7	14	3087	178	0	406	240	405	111214	.	2	1	0	346	4	0	75	38	0	12945	.	9	6	14	2741	174	0	331	202	405	98269	.	2|75|9|331,1|38|6|202,0|0|14|405,346|12945|2741|98269,4|.174|.,.|.
5HT2cR-ligated-N	203	204	T	3286	3154	132	32	5	41	3154	54	0	1169	180	1414	113300	.	0	0	0	353	0	0	0	0	0	13320	.	32	5	41	2801	54	0	1169	180	1414	99980	.	0|0|32|1169,0|0|5|180,0|0|41|1414,353|13320|2801|99980,0|.54|.,.|.
5HT2cR-ligated-N	204	205	T	3263	3072	191	34	5	142	3072	10	0	1253	187	5042	110845	.	0	0	0	353	0	0	0	0	0	13295	.	34	5	142	2719	10	0	1253	187	5042	97550	.	0|0|34|1253,0|0|5|187,0|0|142|5042,353|13295|2719|97550,0|.10|.,.|.
5HT2cR-ligated-N	205	206	G	3236	3192	44	3	1	3192	17	23	0	69	38	113846	591	.	0	0	350	0	2	0	0	0	13208	0	.	3	1	2842	17	21	0	69	38	100638	591	.	0|0|3|69,0|0|1|38,350|13208|2842|100638,0|0|17|591,2|.21|.,.|.
5HT2cR-ligated-N	206	207	C	3216	3189	27	2	3189	2	9	14	0	67	114860	53	333	.	1	345	1	1	2	0	38	13011	15	38	.	1	2844	1	8	12	0	29	101849	38	295	.	1|38|1|29,345|13011|2844|101849,1|15|1|38,1|38|8|295,2|.12|.,.|.
5HT2cR-ligated-N	207	208	G	3203	3107	96	17	2	3107	62	15	8	601	76	113358	2206	.T,T,T,T,A,A,TT,T	0	0	350	0	0	0	0	0	13187	0	.	17	2	2757	62	15	8	601	76	100171	2206	T,T,T,T,A,A,TT,T	0|0|17|601,0|0|2|76,350|13187|2757|100171,0|0|62|2206,0|.15|.,.|T,T,T,T,A,A,TT,T
5HT2cR-ligated-N	208	209	T	3184	3055	129	23	5	6	3055	95	0	816	166	206	112496	.	1	0	1	348	0	0	37	0	16	13141	.	22	5	5	2707	95	0	779	166	190	99355	.	1|37|22|779,0|0|5|166,1|16|5|190,348|13141|2707|99355,0|.95|.,.|.
5HT2cR-ligated-N	209	210	T	3157	3030	127	49	4	28	3030	46	0	1848	107	1002	111716	.	0	0	0	349	0	0	0	0	0	13127	.	49	4	28	2681	46	0	1848	107	1002	98589	.	0|0|49|1848,0|0|4|107,0|0|28|1002,349|13127|2681|98589,0|.46|.,.|.
5HT2cR-ligated-N	210	211	T	3116	2960	156	38	6	102	2960	10	2	1421	218	3604	106964	.G,A	0	0	1	342	0	0	0	0	15	12795	.	38	6	101	2618	10	2	1421	218	3589	94169	G,A	0|0|38|1421,0|0|6|218,1|15|101|3589,342|12795|2618|94169,0|.10|.,.|G,A
5HT2cR-ligated-N	211	212	G	2939	2912	27	3	2	2912	14	8	0	114	54	104197	462	.	0	0	341	0	0	0	0	0	12729	0	.	3	2	2571	14	8	0	114	54	91468	462	.	0|0|3|114,0|0|2|54,341|12729|2571|91468,0|0|14|462,0|.8|.,.|.
5HT2cR-ligated-N	212	213	A	2913	2885	28	2885	10	1	17	0	0	102357	354	32	641	.	311	9	0	13	0	0	11619	340	0	490	.	2574	1	1	4	0	0	90738	14	32	151	.	311|11619|2574|90738,9|340|1|14,0|0|1|32,13|490|4|151,0|.0|.,.|.
5HT2cR-ligated-N	213	214	T	2891	2737	154	70	5	79	2737	0	0	2346	153	2727	96624	.	0	0	0	330	0	0	0	0	0	12371	.	70	5	79	2407	0	0	2346	153	2727	84253	.	0|0|70|2346,0|0|5|153,0|0|79|2727,330|12371|2407|84253,0|.0|.,.|.
5HT2cR-ligated-N	214	215	C	2877	2869	8	2	2869	5	1	0	0	78	101330	160	19	.	2	324	2	0	0	0	78	12130	53	0	.	0	2545	3	1	0	0	0	89200	107	19	.	2|78|0|0,324|12130|2545|89200,2|53|3|107,0|0|1|19,0|.0|.,.|.
5HT2cR-ligated-N	215	216	G	2832	2828	4	0	0	2828	4	0	0	0	0	99127	65	.	0	0	316	0	0	0	0	0	11722	0	.	0	0	2512	4	0	0	0	0	87405	65	.	0|0|0|0,0|0|0|0,316|11722|2512|87405,0|0|4|65,0|.0|.,.|.
5HT2cR-ligated-N	216	217	G	2754	2754	0	0	0	2754	0	0	0	0	0	95356	0	.	0	0	312	0	0	0	0	0	11453	0	.	0	0	2442	0	0	0	0	0	83903	0	.	0|0|0|0,0|0|0|0,312|11453|2442|83903,0|0|0|0,0|.0|.,.|.
5HT2cR-ligated-N	217	218	G	2635	2635	0	0	0	2635	0	0	0	0	0	91297	0	.	0	0	303	0	0	0	0	0	10860	0	.	0	0	2332	0	0	0	0	0	80437	0	.	0|0|0|0,0|0|0|0,303|10860|2332|80437,0|0|0|0,0|.0|.,.|.
