chrom	start	end	ref	depth	r_depth	a_depth	num_A	num_C	num_G	num_T	num_D	num_I	totQ_A	totQ_C	totQ_G	totQ_T	all_ins	num_F_A	num_F_C	num_F_G	num_F_T	num_F_D	num_F_I	totQ_F_A	totQ_F_C	totQ_F_G	totQ_F_T	all_F_ins	num_R_A	num_R_C	num_R_G	num_R_T	num_R_D	num_R_I	totQ_R_A	totQ_R_C	totQ_R_G	totQ_R_T	all_R_ins	sample_1
5HT2cR-ligated-N	0	1	G	171	171	0	0	0	171	0	0	0	0	0	6125	0	.	0	0	0	0	0	0	0	0	0	0	.	0	0	171	0	0	0	0	0	6125	0	.	0|0|0|0,0|0|0|0,0|0|171|6125,0|0|0|0,0|.0|.,.|.
5HT2cR-ligated-N	1	2	G	171	171	0	0	0	171	0	0	0	0	0	6133	0	.	0	0	0	0	0	0	0	0	0	0	.	0	0	171	0	0	0	0	0	6133	0	.	0|0|0|0,0|0|0|0,0|0|171|6133,0|0|0|0,0|.0|.,.|.
5HT2cR-ligated-N	2	3	C	173	173	0	0	173	0	0	0	0	0	6176	0	0	.	0	0	0	0	0	0	0	0	0	0	.	0	173	0	0	0	0	0	6176	0	0	.	0|0|0|0,0|0|173|6176,0|0|0|0,0|0|0|0,0|.0|.,.|.
5HT2cR-ligated-N	3	4	T	181	121	60	6	0	54	121	0	0	221	0	1908	4421	.	0	0	0	0	0	0	0	0	0	0	.	6	0	54	121	0	0	221	0	1908	4421	.	0|0|6|221,0|0|0|0,0|0|54|1908,0|0|121|4421,0|.0|.,.|.
5HT2cR-ligated-N	4	5	G	303	293	10	0	0	293	4	6	0	0	0	10691	145	.	0	0	0	0	0	0	0	0	0	0	.	0	0	293	4	6	0	0	0	10691	145	.	0|0|0|0,0|0|0|0,0|0|293|10691,0|0|4|145,0|.6|.,.|.
5HT2cR-ligated-N	5	6	G	323	316	7	0	2	316	5	0	0	0	77	11525	190	.	0	0	0	0	0	0	0	0	0	0	.	0	2	316	5	0	0	0	77	11525	190	.	0|0|0|0,0|0|2|77,0|0|316|11525,0|0|5|190,0|.0|.,.|.
5HT2cR-ligated-N	6	7	A	342	340	2	340	1	0	0	1	1	12509	39	0	0	.T	0	0	0	0	0	0	0	0	0	0	.	340	1	0	0	1	1	12509	39	0	0	T	0|0|340|12509,0|0|1|39,0|0|0|0,0|0|0|0,0|.1|.,.|T
5HT2cR-ligated-N	7	8	T	346	296	50	24	5	20	296	1	1	859	186	735	11012	.C	0	0	0	0	0	0	0	0	0	0	.	24	5	20	296	1	1	859	186	735	11012	C	0|0|24|859,0|0|5|186,0|0|20|735,0|0|296|11012,0|.1|.,.|C
5HT2cR-ligated-N	8	9	C	354	353	1	0	353	1	0	0	3	0	13182	39	0	.G,G,G	0	0	0	0	0	0	0	0	0	0	.	0	353	1	0	0	3	0	13182	39	0	G,G,G	0|0|0|0,0|0|353|13182,0|0|1|39,0|0|0|0,0|.0|.,.|G,G,G
5HT2cR-ligated-N	9	10	G	367	340	27	2	3	340	13	9	0	76	115	12820	498	.	0	0	0	0	0	0	0	0	0	0	.	2	3	340	13	9	0	76	115	12820	498	.	0|0|2|76,0|0|3|115,0|0|340|12820,0|0|13|498,0|.9|.,.|.
5HT2cR-ligated-N	10	11	G	371	361	10	0	0	361	6	4	0	0	0	13678	232	.	0	0	0	0	0	0	0	0	0	0	.	0	0	361	6	4	0	0	0	13678	232	.	0|0|0|0,0|0|0|0,0|0|361|13678,0|0|6|232,0|.4|.,.|.
5HT2cR-ligated-N	11	12	T	372	343	29	9	0	6	343	14	0	342	0	214	12745	.	0	0	0	0	0	0	0	0	0	0	.	9	0	6	343	14	0	342	0	214	12745	.	0|0|9|342,0|0|0|0,0|0|6|214,0|0|343|12745,0|.14|.,.|.
5HT2cR-ligated-N	12	13	A	378	371	7	371	0	0	0	7	1	13929	0	0	0	.T	0	0	0	0	0	0	0	0	0	0	.	371	0	0	0	7	1	13929	0	0	0	T	0|0|371|13929,0|0|0|0,0|0|0|0,0|0|0|0,0|.7|.,.|T
5HT2cR-ligated-N	13	14	T	379	351	28	5	0	17	351	6	2	189	0	645	13311	.G,G	0	0	0	0	0	0	0	0	0	0	.	5	0	17	351	6	2	189	0	645	13311	G,G	0|0|5|189,0|0|0|0,0|0|17|645,0|0|351|13311,0|.6|.,.|G,G
5HT2cR-ligated-N	14	15	G	400	384	16	0	2	384	7	7	0	0	76	14600	268	.	0	0	0	0	0	0	0	0	0	0	.	0	2	384	7	7	0	0	76	14600	268	.	0|0|0|0,0|0|2|76,0|0|384|14600,0|0|7|268,0|.7|.,.|.
5HT2cR-ligated-N	15	16	T	404	359	45	5	8	3	359	29	0	190	298	113	13584	.	0	0	0	0	0	0	0	0	0	0	.	5	8	3	359	29	0	190	298	113	13584	.	0|0|5|190,0|0|8|298,0|0|3|113,0|0|359|13584,0|.29|.,.|.
5HT2cR-ligated-N	16	17	A	408	397	11	397	0	0	1	10	3	15056	0	0	37	.T,T,T	0	0	0	0	0	0	0	0	0	0	.	397	0	0	1	10	3	15056	0	0	37	T,T,T	0|0|397|15056,0|0|0|0,0|0|0|0,0|0|1|37,0|.10|.,.|T,T,T
5HT2cR-ligated-N	17	18	G	410	395	15	3	1	395	1	10	0	114	39	14936	37	.	0	0	0	0	0	0	0	0	0	0	.	3	1	395	1	10	0	114	39	14936	37	.	0|0|3|114,0|0|1|39,0|0|395|14936,0|0|1|37,0|.10|.,.|.
5HT2cR-ligated-N	18	19	C	411	358	53	0	358	0	6	47	3	0	13638	0	226	.G,A,A	0	0	0	0	0	0	0	0	0	0	.	0	358	0	6	47	3	0	13638	0	226	G,A,A	0|0|0|0,0|0|358|13638,0|0|0|0,0|0|6|226,0|.47|.,.|G,A,A
5HT2cR-ligated-N	19	20	A	412	347	65	347	0	0	4	61	13	13284	0	0	152	.G,G,G,GT,G,G,G,G,G,G,G,G,G	0	0	0	0	0	0	0	0	0	0	.	347	0	0	4	61	13	13284	0	0	152	G,G,G,GT,G,G,G,G,G,G,G,G,G	0|0|347|13284,0|0|0|0,0|0|0|0,0|0|4|152,0|.61|.,.|G,G,G,GT,G,G,G,G,G,G,G,G,G
5HT2cR-ligated-N	20	21	N	412	0	412	64	19	30	199	100	0	2458	725	1126	7582	.	0	0	0	0	0	0	0	0	0	0	.	64	19	30	199	100	0	2458	725	1126	7582	.	0|0|64|2458,0|0|19|725,0|0|30|1126,0|0|199|7582,0|.100|.,.|.
5HT2cR-ligated-N	21	22	T	420	399	21	0	2	8	399	11	1	0	63	303	15221	.A	0	0	0	0	0	0	0	0	0	0	.	0	2	8	399	11	1	0	63	303	15221	A	0|0|0|0,0|0|2|63,0|0|8|303,0|0|399|15221,0|.11|.,.|A
5HT2cR-ligated-N	22	23	N	420	0	420	415	2	0	1	2	0	15680	78	0	37	.	0	0	0	0	0	0	0	0	0	0	.	415	2	0	1	2	0	15680	78	0	37	.	0|0|415|15680,0|0|2|78,0|0|0|0,0|0|1|37,0|.2|.,.|.
5HT2cR-ligated-N	23	24	C	421	417	4	0	417	0	2	2	1	0	15846	0	78	.G	0	0	0	0	0	0	0	0	0	0	.	0	417	0	2	2	1	0	15846	0	78	G	0|0|0|0,0|0|417|15846,0|0|0|0,0|0|2|78,0|.2|.,.|G
5HT2cR-ligated-N	24	25	G	422	409	13	3	0	409	6	4	0	117	0	15523	233	.	0	0	0	0	0	0	0	0	0	0	.	3	0	409	6	4	0	117	0	15523	233	.	0|0|3|117,0|0|0|0,0|0|409|15523,0|0|6|233,0|.4|.,.|.
5HT2cR-ligated-N	25	26	T	422	368	54	43	2	3	368	6	3	1602	77	96	13985	.A,A,A	0	0	0	0	0	0	0	0	0	0	.	43	2	3	368	6	3	1602	77	96	13985	A,A,A	0|0|43|1602,0|0|2|77,0|0|3|96,0|0|368|13985,0|.6|.,.|A,A,A
5HT2cR-ligated-N	26	27	N	422	0	422	421	0	0	0	1	0	16024	0	0	0	.	0	0	0	0	0	0	0	0	0	0	.	421	0	0	0	1	0	16024	0	0	0	.	0|0|421|16024,0|0|0|0,0|0|0|0,0|0|0|0,0|.1|.,.|.
5HT2cR-ligated-N	27	28	N	422	0	422	407	11	0	1	3	0	15444	418	0	39	.	0	0	0	0	0	0	0	0	0	0	.	407	11	0	1	3	0	15444	418	0	39	.	0|0|407|15444,0|0|11|418,0|0|0|0,0|0|1|39,0|.3|.,.|.
5HT2cR-ligated-N	28	29	T	432	378	54	7	26	8	378	13	1	260	983	301	14320	.C	0	0	0	0	0	0	0	0	0	0	.	7	26	8	378	13	1	260	983	301	14320	C	0|0|7|260,0|0|26|983,0|0|8|301,0|0|378|14320,0|.13|.,.|C
5HT2cR-ligated-N	29	30	C	439	432	7	0	432	1	1	5	0	0	16517	2	38	.	0	0	0	0	0	0	0	0	0	0	.	0	432	1	1	5	0	0	16517	2	38	.	0|0|0|0,0|0|432|16517,0|0|1|2,0|0|1|38,0|.5|.,.|.
5HT2cR-ligated-N	30	31	C	440	434	6	0	434	0	1	5	0	0	16594	0	39	.	0	0	0	0	0	0	0	0	0	0	.	0	434	0	1	5	0	0	16594	0	39	.	0|0|0|0,0|0|434|16594,0|0|0|0,0|0|1|39,0|.5|.,.|.
5HT2cR-ligated-N	31	32	T	444	389	55	11	4	6	389	34	4	420	154	228	14875	.AGC,A,A,A	0	0	0	0	0	0	0	0	0	0	.	11	4	6	389	34	4	420	154	228	14875	AGC,A,A,A	0|0|11|420,0|0|4|154,0|0|6|228,0|0|389|14875,0|.34|.,.|AGC,A,A,A
5HT2cR-ligated-N	32	33	N	444	0	444	406	6	0	1	31	0	15515	230	0	39	.	0	0	0	0	0	0	0	0	0	0	.	406	6	0	1	31	0	15515	230	0	39	.	0|0|406|15515,0|0|6|230,0|0|0|0,0|0|1|39,0|.31|.,.|.
5HT2cR-ligated-N	33	34	T	448	420	28	5	3	4	420	16	1	192	116	152	16084	.AGC	0	0	0	0	0	0	0	0	0	0	.	5	3	4	420	16	1	192	116	152	16084	AGC	0|0|5|192,0|0|3|116,0|0|4|152,0|0|420|16084,0|.16|.,.|AGC
5HT2cR-ligated-N	34	35	T	453	401	52	14	3	23	401	12	0	537	110	884	15351	.	0	0	0	0	0	0	0	0	0	0	.	14	3	23	401	12	0	537	110	884	15351	.	0|0|14|537,0|0|3|110,0|0|23|884,0|0|401|15351,0|.12|.,.|.
5HT2cR-ligated-N	35	36	G	474	445	29	3	1	445	11	14	0	117	38	16943	418	.	0	0	0	0	0	0	0	0	0	0	.	3	1	445	11	14	0	117	38	16943	418	.	0|0|3|117,0|0|1|38,0|0|445|16943,0|0|11|418,0|.14|.,.|.
5HT2cR-ligated-N	36	37	A	476	458	18	458	0	1	7	10	2	17367	0	37	273	.GCAGCC,G	0	0	0	0	0	0	0	0	0	0	.	458	0	1	7	10	2	17367	0	37	273	GCAGCC,G	0|0|458|17367,0|0|0|0,0|0|1|37,0|0|7|273,0|.10|.,.|GCAGCC,G
5HT2cR-ligated-N	37	38	G	481	458	23	2	4	458	5	12	4	78	153	17385	193	.CATAGC,CAGC,C,C	0	0	0	0	0	0	0	0	0	0	.	2	4	458	5	12	4	78	153	17385	193	CATAGC,CAGC,C,C	0|0|2|78,0|0|4|153,0|0|458|17385,0|0|5|193,0|.12|.,.|CATAGC,CAGC,C,C
5HT2cR-ligated-N	38	39	C	485	468	17	0	468	0	0	17	1	0	17825	0	0	.ATAGCCGGTTCCG	0	0	0	0	0	0	0	0	0	0	.	0	468	0	0	17	1	0	17825	0	0	ATAGCCGGTTCCG	0|0|0|0,0|0|468|17825,0|0|0|0,0|0|0|0,0|.17|.,.|ATAGCCGGTTCCG
5HT2cR-ligated-N	39	40	A	487	448	39	448	1	0	2	36	5	17100	39	0	78	.G,G,CC,CCC,G	0	0	0	0	0	0	0	0	0	0	.	448	1	0	2	36	5	17100	39	0	78	G,G,CC,CCC,G	0|0|448|17100,0|0|1|39,0|0|0|0,0|0|2|78,0|.36|.,.|G,G,CC,CCC,G
5HT2cR-ligated-N	40	41	T	489	421	68	7	6	17	421	38	4	264	229	647	15959	.G,AGCC,AGCC,G	0	0	0	0	0	0	0	0	0	0	.	7	6	17	421	38	4	264	229	647	15959	G,AGCC,AGCC,G	0|0|7|264,0|0|6|229,0|0|17|647,0|0|421|15959,0|.38|.,.|G,AGCC,AGCC,G
5HT2cR-ligated-N	41	42	A	499	476	23	476	1	0	0	22	6	17995	37	0	0	.C,T,GCC,G,T,G	0	0	0	0	0	0	0	0	0	0	.	476	1	0	0	22	6	17995	37	0	0	C,T,GCC,G,T,G	0|0|476|17995,0|0|1|37,0|0|0|0,0|0|0|0,0|.22|.,.|C,T,GCC,G,T,G
5HT2cR-ligated-N	42	43	G	501	459	42	2	12	459	2	26	8	77	460	17373	77	.C,C,C,CC,AAA,CC,C,C	0	0	0	0	0	0	0	0	0	0	.	2	12	459	2	26	8	77	460	17373	77	C,C,C,CC,AAA,CC,C,C	0|0|2|77,0|0|12|460,0|0|459|17373,0|0|2|77,0|.26|.,.|C,C,C,CC,AAA,CC,C,C
5HT2cR-ligated-N	43	44	C	511	450	61	3	450	1	1	56	3	112	17038	39	38	.CG,CG,CG	0	0	0	0	0	0	0	0	0	0	.	3	450	1	1	56	3	112	17038	39	38	CG,CG,CG	0|0|3|112,0|0|450|17038,0|0|1|39,0|0|1|38,0|.56|.,.|CG,CG,CG
5HT2cR-ligated-N	44	45	C	529	507	22	1	507	1	3	17	23	38	19117	38	117	.A,G,GTA,ACTAT,ATAGCCAAA,ACTA,AATA,G,ATA,GGTATA,TAGCCGAG,TA,G,GG,G,A,CGG,A,GCT,G,G,GG,G	0	8	0	0	0	0	0	279	0	0	.	1	499	1	3	17	23	38	18838	38	117	A,G,GTA,ACTAT,ATAGCCAAA,ACTA,AATA,G,ATA,GGTATA,TAGCCGAG,TA,G,GG,G,A,CGG,A,GCT,G,G,GG,G	0|0|1|38,8|279|499|18838,0|0|1|38,0|0|3|117,0|.17|.,.|A,G,GTA,ACTAT,ATAGCCAAA,ACTA,AATA,G,ATA,GGTATA,TAGCCGAG,TA,G,GG,G,A,CGG,A,GCT,G,G,GG,G
5HT2cR-ligated-N	45	46	G	1558	1508	50	5	2	1508	6	37	7	191	77	54863	230	.CCA,C,T,CCTC,CC,C,C	0	0	83	0	0	0	0	0	3114	0	.	5	2	1425	6	37	7	191	77	51749	230	CCA,C,T,CCTC,CC,C,C	0|0|5|191,0|0|2|77,83|3114|1425|51749,0|0|6|230,0|.37|.,.|CCA,C,T,CCTC,CC,C,C
5HT2cR-ligated-N	46	47	G	1573	1538	35	4	0	1538	22	9	3	156	0	56277	832	.T,T,T	0	0	89	0	0	0	0	0	3345	0	.	4	0	1449	22	9	3	156	0	52932	832	T,T,T	0|0|4|156,0|0|0|0,89|3345|1449|52932,0|0|22|832,0|.9|.,.|T,T,T
5HT2cR-ligated-N	47	48	T	1589	1537	52	7	3	10	1537	32	2	267	115	281	55649	.GG,AGCA	0	0	0	90	0	0	0	0	0	3206	.	7	3	10	1447	32	2	267	115	281	52443	GG,AGCA	0|0|7|267,0|0|3|115,0|0|10|281,90|3206|1447|52443,0|.32|.,.|GG,AGCA
5HT2cR-ligated-N	48	49	T	1725	1617	108	86	2	6	1617	14	0	3092	71	222	59094	.	0	0	0	90	0	0	0	0	0	3322	.	86	2	6	1527	14	0	3092	71	222	55772	.	0|0|86|3092,0|0|2|71,0|0|6|222,90|3322|1527|55772,0|.14|.,.|.
5HT2cR-ligated-N	49	50	T	1819	1607	212	130	16	62	1607	4	3	4902	609	2273	60076	.A,A,C	0	0	0	90	0	0	0	0	0	3417	.	130	16	62	1517	4	3	4902	609	2273	56659	A,A,C	0|0|130|4902,0|0|16|609,0|0|62|2273,90|3417|1517|56659,0|.4|.,.|A,A,C
5HT2cR-ligated-N	50	51	C	1870	1860	10	0	1860	0	5	5	0	0	70358	0	154	.	0	89	0	2	0	0	0	3389	0	75	.	0	1771	0	3	5	0	0	66969	0	79	.	0|0|0|0,89|3389|1771|66969,0|0|0|0,2|75|3|79,0|.5|.,.|.
5HT2cR-ligated-N	51	52	A	1871	1833	38	1833	8	1	2	27	0	69705	310	36	77	.	81	7	1	2	0	0	3092	271	36	77	.	1752	1	0	0	27	0	66613	39	0	0	.	81|3092|1752|66613,7|271|1|39,1|36|0|0,2|77|0|0,0|.27|.,.|.
5HT2cR-ligated-N	52	53	A	1883	1865	18	1865	1	0	10	7	1	70512	39	0	382	.GC	87	1	0	4	0	0	3301	39	0	155	.	1778	0	0	6	7	1	67211	0	0	227	GC	87|3301|1778|67211,1|39|0|0,0|0|0|0,4|155|6|227,0|.7|.,.|GC
5HT2cR-ligated-N	53	54	T	1904	1778	126	40	8	19	1778	59	0	1457	304	723	67354	.	1	0	0	97	1	0	39	0	0	3690	.	39	8	19	1681	58	0	1418	304	723	63664	.	1|39|39|1418,0|0|8|304,0|0|19|723,97|3690|1681|63664,1|.58|.,.|.
5HT2cR-ligated-N	54	55	T	1911	1758	153	79	6	59	1758	9	1	3003	228	2244	66536	.CAA	1	0	0	100	0	0	38	0	0	3769	.	78	6	59	1658	9	1	2965	228	2244	62767	CAA	1|38|78|2965,0|0|6|228,0|0|59|2244,100|3769|1658|62767,0|.9|.,.|CAA
5HT2cR-ligated-N	55	56	C	1922	1897	25	0	1897	0	5	20	0	0	71697	0	133	.	0	103	0	0	1	0	0	3887	0	0	.	0	1794	0	5	19	0	0	67810	0	133	.	0|0|0|0,103|3887|1794|67810,0|0|0|0,0|0|5|133,1|.19|.,.|.
5HT2cR-ligated-N	56	57	G	1937	1883	54	2	7	1883	14	31	0	78	261	70762	533	.	0	0	103	0	1	0	0	0	3805	0	.	2	7	1780	14	30	0	78	261	66957	533	.	0|0|2|78,0|0|7|261,103|3805|1780|66957,0|0|14|533,1|.30|.,.|.
5HT2cR-ligated-N	57	58	C	1938	1928	10	1	1928	2	1	6	0	38	72563	48	39	.	1	101	2	1	0	0	38	3754	48	39	.	0	1827	0	0	6	0	0	68809	0	0	.	1|38|0|0,101|3754|1827|68809,2|48|0|0,1|39|0|0,0|.6|.,.|.
5HT2cR-ligated-N	58	59	G	2089	2044	45	5	3	2044	17	20	0	183	56	76820	621	.	1	0	104	0	0	0	29	0	3844	0	.	4	3	1940	17	20	0	154	56	72976	621	.	1|29|4|154,0|0|3|56,104|3844|1940|72976,0|0|17|621,0|.20|.,.|.
5HT2cR-ligated-N	59	60	G	2098	2075	23	2	4	2075	9	8	0	77	151	77894	343	.	0	0	108	0	1	0	0	0	3933	0	.	2	4	1967	9	7	0	77	151	73961	343	.	0|0|2|77,0|0|4|151,108|3933|1967|73961,0|0|9|343,1|.7|.,.|.
5HT2cR-ligated-N	60	61	A	2097	2045	52	2045	6	5	11	30	0	76748	203	186	414	.	94	2	5	6	2	0	3403	76	186	225	.	1951	4	0	5	28	0	73345	127	0	189	.	94|3403|1951|73345,2|76|4|127,5|186|0|0,6|225|5|189,2|.28|.,.|.
5HT2cR-ligated-N	61	62	C	2102	2034	68	3	2034	0	0	65	0	114	76190	0	0	.	3	106	0	0	4	0	114	3896	0	0	.	0	1928	0	0	61	0	0	72294	0	0	.	3|114|0|0,106|3896|1928|72294,0|0|0|0,0|0|0|0,4|.61|.,.|.
5HT2cR-ligated-N	62	63	T	2105	1869	236	142	3	42	1869	49	1	5340	85	1593	70865	.A	1	0	0	112	2	0	38	0	0	4065	.	141	3	42	1757	47	1	5302	85	1593	66800	A	1|38|141|5302,0|0|3|85,0|0|42|1593,112|4065|1757|66800,2|.47|.,.|A
5HT2cR-ligated-N	63	64	A	2126	2092	34	2092	3	2	3	26	0	80111	117	77	117	.	108	3	0	3	3	0	4004	117	0	117	.	1984	0	2	0	23	0	76107	0	77	0	.	108|4004|1984|76107,3|117|0|0,0|0|2|77,3|117|0|0,3|.23|.,.|.
5HT2cR-ligated-N	64	65	A	2131	2109	22	2109	3	5	7	7	0	80468	116	186	262	.	111	3	1	5	1	0	4157	116	38	187	.	1998	0	4	2	6	0	76311	0	148	75	.	111|4157|1998|76311,3|116|0|0,1|38|4|148,5|187|2|75,1|.6|.,.|.
5HT2cR-ligated-N	65	66	G	2180	2102	78	12	11	2102	27	28	0	394	422	79902	1034	.	1	0	120	0	0	0	34	0	4458	0	.	11	11	1982	27	28	0	360	422	75444	1034	.	1|34|11|360,0|0|11|422,120|4458|1982|75444,0|0|27|1034,0|.28|.,.|.
5HT2cR-ligated-N	66	67	G	2185	2073	112	8	62	2073	39	3	2	303	2387	78365	1495	.C,C	0	0	121	0	0	0	0	0	4505	0	.	8	62	1952	39	3	2	303	2387	73860	1495	C,C	0|0|8|303,0|0|62|2387,121|4505|1952|73860,0|0|39|1495,0|.3|.,.|C,C
5HT2cR-ligated-N	67	68	C	2188	2157	31	0	2157	2	8	21	0	0	81954	72	295	.	0	117	1	1	2	0	0	4424	39	32	.	0	2040	1	7	19	0	0	77530	33	263	.	0|0|0|0,117|4424|2040|77530,1|39|1|33,1|32|7|263,2|.19|.,.|.
5HT2cR-ligated-N	68	69	C	2200	2103	97	0	2103	0	0	97	0	0	80085	0	0	.	0	123	0	0	1	0	0	4576	0	0	.	0	1980	0	0	96	0	0	75509	0	0	.	0|0|0|0,123|4576|1980|75509,0|0|0|0,0|0|0|0,1|.96|.,.|.
5HT2cR-ligated-N	69	70	A	2202	2067	135	2067	16	3	15	101	1	79068	549	92	543	.T	105	12	1	5	2	0	3958	432	16	171	.	1962	4	2	10	99	1	75110	117	76	372	T	105|3958|1962|75110,12|432|4|117,1|16|2|76,5|171|10|372,2|.99|.,.|T
5HT2cR-ligated-N	70	71	T	2201	1903	298	77	17	77	1903	127	0	2896	650	2905	72859	.	0	0	1	123	2	0	0	0	32	4648	.	77	17	76	1780	125	0	2896	650	2873	68211	.	0|0|77|2896,0|0|17|650,1|32|76|2873,123|4648|1780|68211,2|.125|.,.|.
5HT2cR-ligated-N	71	72	C	2228	2192	36	0	2192	3	0	33	0	0	83682	112	0	.	0	123	3	0	1	0	0	4644	112	0	.	0	2069	0	0	32	0	0	79038	0	0	.	0|0|0|0,123|4644|2069|79038,3|112|0|0,0|0|0|0,1|.32|.,.|.
5HT2cR-ligated-N	72	73	A	2228	2169	59	2169	15	4	5	35	1	83323	515	152	190	.T	111	12	1	2	1	0	4240	461	38	77	.	2058	3	3	3	34	1	79083	54	114	113	T	111|4240|2058|79083,12|461|3|54,1|38|3|114,2|77|3|113,1|.34|.,.|T
5HT2cR-ligated-N	73	74	T	2230	1892	338	49	5	184	1892	100	4	1865	187	7011	72629	.C,C,CAA,C	0	1	0	129	0	0	0	37	0	4937	.	49	4	184	1763	100	4	1865	150	7011	67692	C,C,CAA,C	0|0|49|1865,1|37|4|150,0|0|184|7011,129|4937|1763|67692,0|.100|.,.|C,C,CAA,C
5HT2cR-ligated-N	74	75	G	2246	2127	119	9	4	2127	18	88	0	347	156	81363	696	.	0	0	128	0	2	0	0	0	4892	0	.	9	4	1999	18	86	0	347	156	76471	696	.	0|0|9|347,0|0|4|156,128|4892|1999|76471,0|0|18|696,2|.86|.,.|.
5HT2cR-ligated-N	75	76	A	2246	2164	82	2164	4	6	15	57	0	82978	153	230	554	.	110	4	1	10	5	0	4201	153	39	362	.	2054	0	5	5	52	0	78777	0	191	192	.	110|4201|2054|78777,4|153|0|0,1|39|5|191,10|362|5|192,5|.52|.,.|.
5HT2cR-ligated-N	76	77	A	2250	2159	91	2159	4	4	11	72	1	82674	153	155	426	.CAT	121	0	2	6	3	0	4561	0	78	233	.	2038	4	2	5	69	1	78113	153	77	193	CAT	121|4561|2038|78113,0|0|4|153,2|78|2|77,6|233|5|193,3|.69|.,.|CAT
5HT2cR-ligated-N	77	78	G	2253	2148	105	6	11	2148	9	79	4	230	425	82242	349	.A,A,TT,A	0	0	133	0	1	0	0	0	5012	0	.	6	11	2015	9	78	4	230	425	77230	349	A,A,TT,A	0|0|6|230,0|0|11|425,133|5012|2015|77230,0|0|9|349,1|.78|.,.|A,A,TT,A
5HT2cR-ligated-N	78	79	A	2251	2141	110	2141	10	2	12	86	4	81892	382	77	459	.T,T,T,T	114	8	1	5	5	0	4260	304	39	188	.	2027	2	1	7	81	4	77632	78	38	271	T,T,T,T	114|4260|2027|77632,8|304|2|78,1|39|1|38,5|188|7|271,5|.81|.,.|T,T,T,T
5HT2cR-ligated-N	79	80	T	2252	1926	326	88	19	33	1926	186	3	3385	731	1270	73723	.G,G,GC	0	2	0	127	5	0	0	75	0	4808	.	88	17	33	1799	181	3	3385	656	1270	68915	G,G,GC	0|0|88|3385,2|75|17|656,0|0|33|1270,127|4808|1799|68915,5|.181|.,.|G,G,GC
5HT2cR-ligated-N	80	81	T	2248	1921	327	68	11	141	1921	107	3	2617	422	5398	73799	.C,C,GA	1	1	0	132	2	0	39	39	0	5055	.	67	10	141	1789	105	3	2578	383	5398	68744	C,C,GA	1|39|67|2578,1|39|10|383,0|0|141|5398,132|5055|1789|68744,2|.105|.,.|C,C,GA
5HT2cR-ligated-N	81	82	G	2258	2127	131	9	21	2127	10	91	1	326	803	81429	365	.A	0	0	135	0	2	0	0	0	5125	0	.	9	21	1992	10	89	1	326	803	76304	365	A	0|0|9|326,0|0|21|803,135|5125|1992|76304,0|0|10|365,2|.89|.,.|A
5HT2cR-ligated-N	82	83	C	2261	2155	106	5	2155	1	5	95	3	193	82391	16	192	.TA,A,A	0	131	1	2	4	0	0	4975	16	77	.	5	2024	0	3	91	3	193	77416	0	115	TA,A,A	0|0|5|193,131|4975|2024|77416,1|16|0|0,2|77|3|115,4|.91|.,.|TA,A,A
5HT2cR-ligated-N	83	84	T	2256	1945	311	65	4	38	1945	204	5	2496	155	1453	74683	TGG,G,G,G	0	0	0	130	7	1	0	0	0	4938	TG	65	4	38	1815	197	4	2496	155	1453	69745	G,G,G,G	0|0|65|2496,0|0|4|155,0|0|38|1453,130|4938|1815|69745,7|.197|.,TG|G,G,G,G
5HT2cR-ligated-N	84	85	A	2264	2063	201	2063	16	23	7	155	5	79052	595	886	260	.C,GT,GC,T,T	121	8	3	4	5	0	4562	284	117	153	.	1942	8	20	3	150	5	74490	311	769	107	C,GT,GC,T,T	121|4562|1942|74490,8|284|8|311,3|117|20|769,4|153|3|107,5|.150|.,.|C,GT,GC,T,T
5HT2cR-ligated-N	85	86	T	2269	1983	286	44	24	26	1983	192	3	1694	925	991	75928	.TA,GC,A	0	0	0	147	1	0	0	0	0	5579	.	44	24	26	1836	191	3	1694	925	991	70349	TA,GC,A	0|0|44|1694,0|0|24|925,0|0|26|991,147|5579|1836|70349,1|.191|.,.|TA,GC,A
5HT2cR-ligated-N	86	87	T	2268	1981	287	41	3	101	1981	142	2	1583	115	3823	75957	.A,C	0	0	0	147	1	0	0	0	0	5607	.	41	3	101	1834	141	2	1583	115	3823	70350	A,C	0|0|41|1583,0|0|3|115,0|0|101|3823,147|5607|1834|70350,1|.141|.,.|A,C
5HT2cR-ligated-N	87	88	G	2277	2030	247	36	4	2030	41	166	22	1359	154	77736	1573	.T,AGCAGAGCCGCCCT,T,C,T,T,C,C,T,A,T,T,T,T,T,T,T,T,T,T,T,TT	1	0	146	0	1	0	37	0	5549	0	.	35	4	1884	41	165	22	1322	154	72187	1573	T,AGCAGAGCCGCCCT,T,C,T,T,C,C,T,A,T,T,T,T,T,T,T,T,T,T,T,TT	1|37|35|1322,0|0|4|154,146|5549|1884|72187,0|0|41|1573,1|.165|.,.|T,AGCAGAGCCGCCCT,T,C,T,T,C,C,T,A,T,T,T,T,T,T,T,T,T,T,T,TT
5HT2cR-ligated-N	88	89	T	2284	2046	238	31	7	6	2046	194	2	1189	269	230	78358	.A,G	0	0	0	148	1	0	0	0	0	5660	.	31	7	6	1898	193	2	1189	269	230	72698	A,G	0|0|31|1189,0|0|7|269,0|0|6|230,148|5660|1898|72698,1|.193|.,.|A,G
5HT2cR-ligated-N	89	90	T	2285	2103	182	38	5	17	2103	122	2	1467	193	643	80494	.G,G	0	0	0	149	1	0	0	0	0	5670	.	38	5	17	1954	121	2	1467	193	643	74824	G,G	0|0|38|1467,0|0|5|193,0|0|17|643,149|5670|1954|74824,1|.121|.,.|G,G
5HT2cR-ligated-N	90	91	T	2286	2021	265	8	3	156	2021	98	10	307	114	5888	77638	.A,G,GG,TTG,G,G,G,G,G,G	0	1	1	148	0	0	0	39	37	5692	.	8	2	155	1873	98	10	307	75	5851	71946	A,G,GG,TTG,G,G,G,G,G,G	0|0|8|307,1|39|2|75,1|37|155|5851,148|5692|1873|71946,0|.98|.,.|A,G,GG,TTG,G,G,G,G,G,G
5HT2cR-ligated-N	91	92	G	2640	2530	110	8	7	2530	23	72	2	272	268	96352	855	.T,T	0	0	150	1	1	0	0	0	5627	15	.	8	7	2380	22	71	2	272	268	90725	840	T,T	0|0|8|272,0|0|7|268,150|5627|2380|90725,1|15|22|840,1|.71|.,.|T,T
5HT2cR-ligated-N	92	93	G	2646	2555	91	7	7	2555	59	18	1	269	269	96920	2253	.A	1	0	151	0	1	0	38	0	5625	0	.	6	7	2404	59	17	1	231	269	91295	2253	A	1|38|6|231,0|0|7|269,151|5625|2404|91295,0|0|59|2253,1|.17|.,.|A
5HT2cR-ligated-N	93	94	G	2644	2579	65	9	12	2579	37	7	5	347	437	97726	1419	.T,T,C,T,T	1	0	152	0	0	0	38	0	5579	0	.	8	12	2427	37	7	5	309	437	92147	1419	T,T,C,T,T	1|38|8|309,0|0|12|437,152|5579|2427|92147,0|0|37|1419,0|.7|.,.|T,T,C,T,T
5HT2cR-ligated-N	94	95	C	2650	2604	46	4	2604	9	1	32	1	153	99056	343	33	.A	1	143	5	1	1	0	38	5425	190	33	.	3	2461	4	0	31	1	115	93631	153	0	A	1|38|3|115,143|5425|2461|93631,5|190|4|153,1|33|0|0,1|.31|.,.|A
5HT2cR-ligated-N	95	96	A	2642	2551	91	2551	16	5	15	55	1	97917	571	190	571	.TAG	132	13	2	2	3	0	5024	492	77	77	.	2419	3	3	13	52	1	92893	79	113	494	TAG	132|5024|2419|92893,13|492|3|79,2|77|3|113,2|77|13|494,3|.52|.,.|TAG
5HT2cR-ligated-N	96	97	A	2646	2555	91	2555	8	6	24	53	3	97888	304	228	923	TT,T	130	8	0	13	2	1	4901	304	0	500	T	2425	0	6	11	51	2	92987	0	228	423	T,T	130|4901|2425|92987,8|304|0|0,0|0|6|228,13|500|11|423,2|.51|.,T|T,T
5HT2cR-ligated-N	97	98	T	2650	2451	199	17	4	15	2451	163	1	654	155	576	94009	.G	2	0	0	152	1	0	73	0	0	5838	.	15	4	15	2299	162	1	581	155	576	88171	G	2|73|15|581,0|0|4|155,0|0|15|576,152|5838|2299|88171,1|.162|.,.|G
5HT2cR-ligated-N	98	99	T	2654	2400	254	104	12	33	2400	105	0	3974	438	1278	92112	.	0	2	0	154	0	0	0	77	0	5922	.	104	10	33	2246	105	0	3974	361	1278	86190	.	0|0|104|3974,2|77|10|361,0|0|33|1278,154|5922|2246|86190,0|.105|.,.|.
5HT2cR-ligated-N	99	100	T	2657	2403	254	99	16	98	2403	41	2	3792	612	3755	92165	TCGGGA	0	0	0	155	1	1	0	0	0	5964	TCGGG	99	16	98	2248	40	1	3792	612	3755	86201	A	0|0|99|3792,0|0|16|612,0|0|98|3755,155|5964|2248|86201,1|.40|.,TCGGG|A
5HT2cR-ligated-N	100	101	C	2672	2624	48	6	2624	0	10	32	8	232	100575	0	385	AATTA,A,A,AA,TA,A,AA	1	146	0	1	9	1	38	5596	0	39	AATT	5	2478	0	9	23	7	194	94979	0	346	A,A,A,AA,TA,A,AA	1|38|5|194,146|5596|2478|94979,0|0|0|0,1|39|9|346,9|.23|.,AATT|A,A,A,AA,TA,A,AA
5HT2cR-ligated-N	101	102	T	2667	2354	313	83	2	86	2354	142	0	3202	77	3301	90520	.	0	0	0	141	16	0	0	0	0	5421	.	83	2	86	2213	126	0	3202	77	3301	85099	.	0|0|83|3202,0|0|2|77,0|0|86|3301,141|5421|2213|85099,16|.126|.,.|.
5HT2cR-ligated-N	102	103	A	2676	2522	154	2522	33	3	5	113	0	96861	1272	116	193	.	132	5	0	0	18	0	5065	195	0	0	.	2390	28	3	5	95	0	91796	1077	116	193	.	132|5065|2390|91796,5|195|28|1077,0|0|3|116,0|0|5|193,18|.95|.,.|.
5HT2cR-ligated-N	103	104	T	2681	2464	217	83	10	93	2464	31	4	3199	382	3560	94722	.G,G,G,A	0	0	0	153	1	0	0	0	0	5905	.	83	10	93	2311	30	4	3199	382	3560	88817	G,G,G,A	0|0|83|3199,0|0|10|382,0|0|93|3560,153|5905|2311|88817,1|.30|.,.|G,G,G,A
5HT2cR-ligated-N	104	105	A	2689	2630	59	2630	11	11	3	34	11	100916	419	422	117	TG,G,G,G,G,G,T,G,G,G	137	11	2	2	2	1	5285	419	76	78	T	2493	0	9	1	32	10	95631	0	346	39	G,G,G,G,G,G,T,G,G,G	137|5285|2493|95631,11|419|0|0,2|76|9|346,2|78|1|39,2|.32|.,T|G,G,G,G,G,G,T,G,G,G
5HT2cR-ligated-N	105	106	G	2733	2514	219	15	10	2514	49	145	0	576	377	96214	1878	.	0	0	152	1	0	0	0	0	5850	39	.	15	10	2362	48	145	0	576	377	90364	1839	.	0|0|15|576,0|0|10|377,152|5850|2362|90364,1|39|48|1839,0|.145|.,.|.
5HT2cR-ligated-N	106	107	G	2735	2575	160	30	14	2575	58	58	8	1130	534	98795	2210	.A,AA,A,AA,A,AA,AA,AAAA	0	0	153	1	0	0	0	0	5858	38	.	30	14	2422	57	58	8	1130	534	92937	2172	A,AA,A,AA,A,AA,AA,AAAA	0|0|30|1130,0|0|14|534,153|5858|2422|92937,1|38|57|2172,0|.58|.,.|A,AA,A,AA,A,AA,AA,AAAA
5HT2cR-ligated-N	107	108	T	2727	2294	433	365	5	15	2294	48	53	14037	181	578	87620	A,TTCA,A,A,A,A,A,A,AAA,A,A,AAAAAAA,AA,A,A,A,A,A,A,A,A,A,A,A,A,A,A,A,A,AAAAAAAAAA,A,A,AAA,AAAAAA,A,AA,A,A,A,A,A,A,A,A,A,AA,A,A,A,A,A,A	2	0	0	154	1	2	77	0	0	5766	A,TTC	363	5	15	2140	47	51	13960	181	578	81854	A,A,A,A,A,A,A,AAA,A,A,AAAAAAA,AA,A,A,A,A,A,A,A,A,A,A,A,A,A,A,A,A,AAAAAAAAAA,A,A,AAA,AAAAAA,A,AA,A,A,A,A,A,A,A,A,A,AA,A,A,A,A,A,A	2|77|363|13960,0|0|5|181,0|0|15|578,154|5766|2140|81854,1|.47|.,A,TTC|A,A,A,A,A,A,A,AAA,A,A,AAAAAAA,AA,A,A,A,A,A,A,A,A,A,A,A,A,A,A,A,A,AAAAAAAAAA,A,A,AAA,AAAAAA,A,AA,A,A,A,A,A,A,A,A,A,AA,A,A,A,A,A,A
5HT2cR-ligated-N	108	109	A	2765	2729	36	2729	5	0	4	27	1	104748	191	0	155	.G	156	5	0	4	3	0	5952	191	0	155	.	2573	0	0	0	24	1	98796	0	0	0	G	156|5952|2573|98796,5|191|0|0,0|0|0|0,4|155|0|0,3|.24|.,.|G
5HT2cR-ligated-N	109	110	A	2761	2698	63	2698	2	2	3	56	0	103630	78	77	114	.	167	2	1	2	0	0	6355	78	39	75	.	2531	0	1	1	56	0	97275	0	38	39	.	167|6355|2531|97275,2|78|0|0,1|39|1|38,2|75|1|39,0|.56|.,.|.
5HT2cR-ligated-N	110	111	A	2761	2615	146	2615	0	1	7	138	2	100555	0	39	267	TT	170	0	0	3	1	1	6493	0	0	116	T	2445	0	1	4	137	1	94062	0	39	151	T	170|6493|2445|94062,0|0|0|0,0|0|1|39,3|116|4|151,1|.137|.,T|T
5HT2cR-ligated-N	111	112	T	2756	2316	440	219	2	8	2316	211	24	8318	77	305	88908	A,AA,A,AA,A,AA,A,A,A,A,AAAAA,AAAAAAA,A,A,A,A,A,AA,AAAAAA,A,A,AA,AAAA	7	0	0	162	7	2	271	0	0	6204	A,A	212	2	8	2154	204	22	8047	77	305	82704	A,A,AA,A,AA,A,A,A,A,AAAAA,AAAAAAA,A,A,A,A,A,AA,AAAAAA,A,A,AA,AAAA	7|271|212|8047,0|0|2|77,0|0|8|305,162|6204|2154|82704,7|.204|.,A,A|A,A,AA,A,AA,A,A,A,A,AAAAA,AAAAAAA,A,A,A,A,A,AA,AAAAAA,A,A,AA,AAAA
5HT2cR-ligated-N	112	113	A	2763	2703	60	2703	0	2	6	52	1	103673	0	77	228	.	155	0	0	4	17	1	5946	0	0	150	G	2548	0	2	2	35	0	97727	0	77	78	.	155|5946|2548|97727,0|0|0|0,0|0|2|77,4|150|2|78,17|.35|.,G|.
5HT2cR-ligated-N	113	114	A	2758	2715	43	2715	1	4	12	26	6	104046	38	155	457	.ATAAT,AT,T,AAAAAAAT,T,T	160	1	1	4	10	0	6145	38	39	153	.	2555	0	3	8	16	6	97901	0	116	304	ATAAT,AT,T,AAAAAAAT,T,T	160|6145|2555|97901,1|38|0|0,1|39|3|116,4|153|8|304,10|.16|.,.|ATAAT,AT,T,AAAAAAAT,T,T
5HT2cR-ligated-N	114	115	A	2759	2743	16	2743	0	1	7	8	0	104562	0	38	265	.	177	0	0	3	3	0	6769	0	0	116	.	2566	0	1	4	5	0	97793	0	38	149	.	177|6769|2566|97793,0|0|0|0,0|0|1|38,3|116|4|149,3|.5|.,.|.
5HT2cR-ligated-N	115	116	A	2764	2743	21	2743	5	1	6	9	2	103718	189	38	226	.C,T	189	0	0	2	0	0	7224	0	0	74	.	2554	5	1	4	9	2	96494	189	38	152	C,T	189|7224|2554|96494,0|0|5|189,0|0|1|38,2|74|4|152,0|.9|.,.|C,T
5HT2cR-ligated-N	116	117	C	2755	2650	105	10	2650	0	77	18	23	380	100586	0	2927	TT,TT,T,T,TT,T,T,T,T,T,T,T,T,T,A,T,TT,T,T,T,T,T	4	188	0	0	2	5	151	7148	0	0	TT,TT,T,T,T	6	2462	0	77	16	18	229	93438	0	2927	T,T,T,T,T,T,T,T,T,T,A,T,TT,T,T,T,T,T	4|151|6|229,188|7148|2462|93438,0|0|0|0,0|0|77|2927,2|.16|.,TT,TT,T,T,T|T,T,T,T,T,T,T,T,T,T,A,T,TT,T,T,T,T,T
5HT2cR-ligated-N	117	118	T	2752	1972	780	12	15	2	1972	751	1	443	578	60	75166	.AAA	1	0	0	195	2	0	38	0	0	7472	.	11	15	2	1777	749	1	405	578	60	67694	AAA	1|38|11|405,0|0|15|578,0|0|2|60,195|7472|1777|67694,2|.749|.,.|AAA
5HT2cR-ligated-N	118	119	T	2752	2252	500	13	25	5	2252	457	1	498	961	170	85959	.GAG	1	0	0	199	1	0	38	0	0	7642	.	12	25	5	2053	456	1	460	961	170	78317	GAG	1|38|12|460,0|0|25|961,0|0|5|170,199|7642|2053|78317,1|.456|.,.|GAG
5HT2cR-ligated-N	119	120	T	2741	2609	132	27	8	5	2609	92	1	1034	308	168	99575	.G	0	0	0	201	0	0	0	0	0	7721	.	27	8	5	2408	92	1	1034	308	168	91854	G	0|0|27|1034,0|0|8|308,0|0|5|168,201|7721|2408|91854,0|.92|.,.|G
5HT2cR-ligated-N	120	121	T	2723	2628	95	48	5	32	2628	10	2	1845	193	1223	100493	.A,A	0	1	0	200	0	0	0	39	0	7701	.	48	4	32	2428	10	2	1845	154	1223	92792	A,A	0|0|48|1845,1|39|4|154,0|0|32|1223,200|7701|2428|92792,0|.10|.,.|A,A
5HT2cR-ligated-N	121	122	T	2709	2462	247	33	5	183	2462	26	4	1269	186	6961	94248	.G,G,G,G	0	0	0	200	1	0	0	0	0	7703	.	33	5	183	2262	25	4	1269	186	6961	86545	G,G,G,G	0|0|33|1269,0|0|5|186,0|0|183|6961,200|7703|2262|86545,1|.25|.,.|G,G,G,G
5HT2cR-ligated-N	122	123	G	2808	2707	101	5	11	2707	29	56	0	189	415	103114	1114	.	0	0	197	2	1	0	0	0	7477	76	.	5	11	2510	27	55	0	189	415	95637	1038	.	0|0|5|189,0|0|11|415,197|7477|2510|95637,2|76|27|1038,1|.55|.,.|.
5HT2cR-ligated-N	123	124	G	2800	2685	115	5	77	2685	31	2	3	189	2938	101933	1155	.C,T,T	1	3	194	0	0	0	38	113	7344	0	.	4	74	2491	31	2	3	151	2825	94589	1155	C,T,T	1|38|4|151,3|113|74|2825,194|7344|2491|94589,0|0|31|1155,0|.2|.,.|C,T,T
5HT2cR-ligated-N	124	125	C	2801	2784	17	3	2784	8	1	5	1	113	105779	305	39	.A	2	190	7	0	1	0	75	7270	266	0	.	1	2594	1	1	4	1	38	98509	39	39	A	2|75|1|38,190|7270|2594|98509,7|266|1|39,0|0|1|39,1|.4|.,.|A
5HT2cR-ligated-N	125	126	C	2800	2784	16	8	2784	0	6	2	4	266	106555	0	231	ACA,A,T	6	191	0	1	2	1	209	7355	0	39	A	2	2593	0	5	0	3	57	99200	0	192	CA,A,T	6|209|2|57,191|7355|2593|99200,0|0|0|0,1|39|5|192,2|.0|.,A|CA,A,T
5HT2cR-ligated-N	126	127	A	2768	2697	71	2697	14	1	18	38	1	103585	544	39	693	.TAAGAATGGCAGCGGCTATGCCGCTGCAATTC	170	10	0	2	3	0	6482	390	0	78	.	2527	4	1	16	35	1	97103	154	39	615	TAAGAATGGCAGCGGCTATGCCGCTGCAATTC	170|6482|2527|97103,10|390|4|154,0|0|1|39,2|78|16|615,3|.35|.,.|TAAGAATGGCAGCGGCTATGCCGCTGCAATTC
5HT2cR-ligated-N	127	128	T	2751	2396	355	178	8	99	2396	70	0	6859	306	3779	91919	.	0	0	2	179	3	0	0	0	74	6893	.	178	8	97	2217	67	0	6859	306	3705	85026	.	0|0|178|6859,0|0|8|306,2|74|97|3705,179|6893|2217|85026,3|.67|.,.|.
5HT2cR-ligated-N	128	129	A	2752	2708	44	2708	5	2	4	33	1	104200	191	77	152	.AG	168	5	0	4	9	0	6451	191	0	152	.	2540	0	2	0	24	1	97749	0	77	0	AG	168|6451|2540|97749,5|191|0|0,0|0|2|77,4|152|0|0,9|.24|.,.|AG
5HT2cR-ligated-N	129	130	A	2747	2604	143	2604	4	4	17	118	0	100054	153	132	656	.	175	3	2	7	5	0	6663	115	76	269	.	2429	1	2	10	113	0	93391	38	56	387	.	175|6663|2429|93391,3|115|1|38,2|76|2|56,7|269|10|387,5|.113|.,.|.
5HT2cR-ligated-N	130	131	G	2757	2562	195	26	4	2562	24	141	1	999	154	98025	921	.A	0	0	196	0	7	0	0	0	7402	0	.	26	4	2366	24	134	1	999	154	90623	921	A	0|0|26|999,0|0|4|154,196|7402|2366|90623,0|0|24|921,7|.134|.,.|A
5HT2cR-ligated-N	131	132	A	2761	2704	57	2704	13	6	9	29	0	103798	498	230	344	.	183	8	5	4	6	0	6964	305	193	155	.	2521	5	1	5	23	0	96834	193	37	189	.	183|6964|2521|96834,8|305|5|193,5|193|1|37,4|155|5|189,6|.23|.,.|.
5HT2cR-ligated-N	132	133	A	2763	2721	42	2721	3	2	11	26	1	104253	115	77	416	.G	199	3	0	3	5	0	7566	115	0	114	.	2522	0	2	8	21	1	96687	0	77	302	G	199|7566|2522|96687,3|115|0|0,0|0|2|77,3|114|8|302,5|.21|.,.|G
5HT2cR-ligated-N	133	134	T	2757	2475	282	83	5	64	2475	130	1	3188	192	2455	94370	.C	2	0	0	206	6	0	70	0	0	7858	.	81	5	64	2269	124	1	3118	192	2455	86512	C	2|70|81|3118,0|0|5|192,0|0|64|2455,206|7858|2269|86512,6|.124|.,.|C
5HT2cR-ligated-N	134	135	T	2752	2384	368	88	4	226	2384	50	1	3381	150	8639	91033	.C	0	0	0	213	4	0	0	0	0	8121	.	88	4	226	2171	46	1	3381	150	8639	82912	C	0|0|88|3381,0|0|4|150,0|0|226|8639,213|8121|2171|82912,4|.46|.,.|C
5HT2cR-ligated-N	135	136	G	2771	2668	103	6	13	2668	25	59	3	194	492	100840	939	AAAT,T	1	0	211	0	5	1	6	0	8037	0	AAA	5	13	2457	25	54	2	188	492	92803	939	T,T	1|6|5|188,0|0|13|492,211|8037|2457|92803,0|0|25|939,5|.54|.,AAA|T,T
5HT2cR-ligated-N	136	137	C	2764	2722	42	3	2722	0	7	32	1	115	102915	0	266	.G	2	208	0	0	7	0	76	7894	0	0	.	1	2514	0	7	25	1	39	95021	0	266	G	2|76|1|39,208|7894|2514|95021,0|0|0|0,0|0|7|266,7|.25|.,.|G
5HT2cR-ligated-N	137	138	A	2755	2677	78	2677	9	6	18	45	2	101256	339	226	688	CGC	184	9	2	5	14	1	7003	339	76	194	C	2493	0	4	13	31	1	94253	0	150	494	GC	184|7003|2493|94253,9|339|0|0,2|76|4|150,5|194|13|494,14|.31|.,C|GC
5HT2cR-ligated-N	138	139	G	2750	2654	96	3	4	2654	27	62	1	112	150	100303	1023	.T	0	0	197	0	17	0	0	0	7485	0	.	3	4	2457	27	45	1	112	150	92818	1023	T	0|0|3|112,0|0|4|150,197|7485|2457|92818,0|0|27|1023,17|.45|.,.|T
5HT2cR-ligated-N	139	140	C	2740	2682	58	0	2682	2	2	54	2	0	101113	77	75	.A,A	0	196	2	1	14	0	0	7407	77	37	.	0	2486	0	1	40	2	0	93706	0	38	A,A	0|0|0|0,196|7407|2486|93706,2|77|0|0,1|37|1|38,14|.40|.,.|A,A
5HT2cR-ligated-N	140	141	G	2758	2597	161	74	2	2597	10	75	0	2822	75	99079	380	.	0	0	214	0	0	0	0	0	8096	0	.	74	2	2383	10	75	0	2822	75	90983	380	.	0|0|74|2822,0|0|2|75,214|8096|2383|90983,0|0|10|380,0|.75|.,.|.
5HT2cR-ligated-N	141	142	G	2754	2637	117	12	14	2637	23	68	0	460	535	100220	877	.	1	0	213	0	0	0	38	0	8019	0	.	11	14	2424	23	68	0	422	535	92201	877	.	1|38|11|422,0|0|14|535,213|8019|2424|92201,0|0|23|877,0|.68|.,.|.
5HT2cR-ligated-N	142	143	C	2753	2615	138	12	2615	1	3	122	2	453	99017	37	116	.G,GA	2	207	1	1	3	0	75	7775	37	39	.	10	2408	0	2	119	2	378	91242	0	77	G,GA	2|75|10|378,207|7775|2408|91242,1|37|0|0,1|39|2|77,3|.119|.,.|G,GA
5HT2cR-ligated-N	143	144	T	2739	2337	402	89	4	64	2337	245	1	3403	155	2448	89221	.	0	0	0	202	12	1	0	0	0	7606	C	89	4	64	2135	233	0	3403	155	2448	81615	.	0|0|89|3403,0|0|4|155,0|0|64|2448,202|7606|2135|81615,12|.233|.,C|.
5HT2cR-ligated-N	144	145	A	2736	2577	159	2577	21	7	3	128	4	98580	801	271	114	.T,GC,GCAGCAGCAGC,GC	186	12	2	2	10	0	7056	456	78	75	.	2391	9	5	1	118	4	91524	345	193	39	T,GC,GCAGCAGCAGC,GC	186|7056|2391|91524,12|456|9|345,2|78|5|193,2|75|1|39,10|.118|.,.|T,GC,GCAGCAGCAGC,GC
5HT2cR-ligated-N	145	146	T	2728	2350	378	54	7	208	2350	109	0	2068	263	7949	89908	.	0	0	0	210	2	0	0	0	0	8054	.	54	7	208	2140	107	0	2068	263	7949	81854	.	0|0|54|2068,0|0|7|263,0|0|208|7949,210|8054|2140|81854,2|.107|.,.|.
5HT2cR-ligated-N	146	147	G	2732	2588	144	6	34	2588	26	78	1	225	1289	98701	992	.	0	0	213	0	1	1	0	0	8134	0	AA	6	34	2375	26	77	0	225	1289	90567	992	.	0|0|6|225,0|0|34|1289,213|8134|2375|90567,0|0|26|992,1|.77|.,AA|.
5HT2cR-ligated-N	147	148	C	2729	2581	148	8	2581	2	15	123	1	305	98095	77	578	.A	7	201	2	1	1	0	266	7674	77	38	.	1	2380	0	14	122	1	39	90421	0	540	A	7|266|1|39,201|7674|2380|90421,2|77|0|0,1|38|14|540,1|.122|.,.|A
5HT2cR-ligated-N	148	149	T	2715	2323	392	131	15	80	2323	166	1	4937	576	3033	88295	.G	1	0	0	207	4	0	39	0	0	7920	.	130	15	80	2116	162	1	4898	576	3033	80375	G	1|39|130|4898,0|0|15|576,0|0|80|3033,207|7920|2116|80375,4|.162|.,.|G
5HT2cR-ligated-N	149	150	C	2719	2697	22	5	2697	0	0	17	1	187	102398	0	0	.A	2	207	0	0	4	0	75	7927	0	0	.	3	2490	0	0	13	1	112	94471	0	0	A	2|75|3|112,207|7927|2490|94471,0|0|0|0,0|0|0|0,4|.13|.,.|A
5HT2cR-ligated-N	150	151	A	2708	2594	114	2594	15	3	12	84	0	99203	568	113	441	.	173	15	0	7	14	0	6598	568	0	272	.	2421	0	3	5	70	0	92605	0	113	169	.	173|6598|2421|92605,15|568|0|0,0|0|3|113,7|272|5|169,14|.70|.,.|.
5HT2cR-ligated-N	151	152	A	2700	2598	102	2598	14	5	10	73	0	98914	538	191	365	.	180	9	0	3	18	0	6852	347	0	117	.	2418	5	5	7	55	0	92062	191	191	248	.	180|6852|2418|92062,9|347|5|191,0|0|5|191,3|117|7|248,18|.55|.,.|.
5HT2cR-ligated-N	152	153	T	2696	2389	307	49	25	122	2389	111	3	1866	946	4608	90300	.C,C,C	1	0	0	194	16	0	39	0	0	7416	.	48	25	122	2195	95	3	1827	946	4608	82884	C,C,C	1|39|48|1827,0|0|25|946,0|0|122|4608,194|7416|2195|82884,16|.95|.,.|C,C,C
5HT2cR-ligated-N	153	154	A	2689	2631	58	2631	1	3	12	42	0	97992	37	93	455	.	186	0	1	10	15	0	7050	0	39	381	.	2445	1	2	2	27	0	90942	37	54	74	.	186|7050|2445|90942,0|0|1|37,1|39|2|54,10|381|2|74,15|.27|.,.|.
5HT2cR-ligated-N	154	155	C	2684	2578	106	2	2578	0	16	88	6	78	96678	0	611	T,TT,A,A,AA	0	194	0	5	14	2	0	7303	0	195	T,T	2	2384	0	11	74	4	78	89375	0	416	T,A,A,AA	0|0|2|78,194|7303|2384|89375,0|0|0|0,5|195|11|416,14|.74|.,T,T|T,A,A,AA
5HT2cR-ligated-N	155	156	T	2661	2338	323	30	7	7	2338	279	0	1119	265	240	87484	.	1	1	0	199	10	0	39	39	0	7600	.	29	6	7	2139	269	0	1080	226	240	79884	.	1|39|29|1080,1|39|6|226,0|0|7|240,199|7600|2139|79884,10|.269|.,.|.
5HT2cR-ligated-N	156	157	T	2639	2416	223	75	13	26	2416	109	1	2768	496	957	90498	.GAGC	1	0	0	205	5	0	39	0	0	7791	.	74	13	26	2211	104	1	2729	496	957	82707	GAGC	1|39|74|2729,0|0|13|496,0|0|26|957,205|7791|2211|82707,5|.104|.,.|GAGC
5HT2cR-ligated-N	157	158	T	2619	2340	279	99	18	132	2340	30	0	3709	682	4936	87606	.	1	0	0	208	2	0	37	0	0	7936	.	98	18	132	2132	28	0	3672	682	4936	79670	.	1|37|98|3672,0|0|18|682,0|0|132|4936,208|7936|2132|79670,2|.28|.,.|.
5HT2cR-ligated-N	158	159	C	2615	2590	25	1	2590	2	11	11	3	37	96964	78	423	GG,AATACTT	1	200	0	9	2	1	37	7553	0	345	G	0	2390	2	2	9	2	0	89411	78	78	G,AATACTT	1|37|0|0,200|7553|2390|89411,0|0|2|78,9|345|2|78,2|.9|.,G|G,AATACTT
5HT2cR-ligated-N	159	160	G	2634	2539	95	3	8	2539	19	65	0	114	279	96085	696	.	0	0	210	0	0	0	0	0	7949	0	.	3	8	2329	19	65	0	114	279	88136	696	.	0|0|3|114,0|0|8|279,210|7949|2329|88136,0|0|19|696,0|.65|.,.|.
5HT2cR-ligated-N	160	161	G	2617	2554	63	10	4	2554	24	25	0	383	152	96745	903	.	0	0	211	0	0	0	0	0	7913	0	.	10	4	2343	24	25	0	383	152	88832	903	.	0|0|10|383,0|0|4|152,211|7913|2343|88832,0|0|24|903,0|.25|.,.|.
5HT2cR-ligated-N	161	162	A	2598	2338	260	2338	6	6	10	238	2	88953	226	223	379	.C,C	185	6	6	9	3	0	6998	226	223	340	.	2153	0	0	1	235	2	81955	0	0	39	C,C	185|6998|2153|81955,6|226|0|0,6|223|0|0,9|340|1|39,3|.235|.,.|C,C
5HT2cR-ligated-N	162	163	T	2580	2146	434	99	8	38	2146	289	1	3741	307	1442	81881	.A	1	0	0	205	3	0	37	0	0	7739	.	98	8	38	1941	286	1	3704	307	1442	74142	A	1|37|98|3704,0|0|8|307,0|0|38|1442,205|7739|1941|74142,3|.286|.,.|A
5HT2cR-ligated-N	163	164	T	2559	2232	327	28	6	37	2232	256	2	1083	226	1421	84926	.CGG,CGG	0	0	1	203	5	0	0	0	37	7687	.	28	6	36	2029	251	2	1083	226	1384	77239	CGG,CGG	0|0|28|1083,0|0|6|226,1|37|36|1384,203|7687|2029|77239,5|.251|.,.|CGG,CGG
5HT2cR-ligated-N	164	165	A	2563	2428	135	2428	24	7	23	81	19	92721	913	264	882	.C,T,T,T,T,T,T,T,T,T,T,T,T,T,T,T,T,T,T	172	9	1	20	9	0	6574	346	37	767	.	2256	15	6	3	72	19	86147	567	227	115	C,T,T,T,T,T,T,T,T,T,T,T,T,T,T,T,T,T,T	172|6574|2256|86147,9|346|15|567,1|37|6|227,20|767|3|115,9|.72|.,.|C,T,T,T,T,T,T,T,T,T,T,T,T,T,T,T,T,T,T
5HT2cR-ligated-N	165	166	T	2549	2244	305	35	22	143	2244	105	0	1350	822	5459	85257	.	0	0	0	207	4	0	0	0	0	7891	.	35	22	143	2037	101	0	1350	822	5459	77366	.	0|0|35|1350,0|0|22|822,0|0|143|5459,207|7891|2037|77366,4|.101|.,.|.
5HT2cR-ligated-N	166	167	G	2542	2368	174	11	6	2368	28	129	0	396	232	90074	1071	.	2	0	205	0	4	0	76	0	7852	0	.	9	6	2163	28	125	0	320	232	82222	1071	.	2|76|9|320,0|0|6|232,205|7852|2163|82222,0|0|28|1071,4|.125|.,.|.
5HT2cR-ligated-N	167	168	T	2541	2287	254	53	18	87	2287	96	3	2019	683	3266	86645	GAAA,AG	1	0	0	208	2	1	31	0	0	7880	GA	52	18	87	2079	94	2	1988	683	3266	78765	AA,AG	1|31|52|1988,0|0|18|683,0|0|87|3266,208|7880|2079|78765,2|.94|.,GA|AA,AG
5HT2cR-ligated-N	168	169	A	2527	2493	34	2493	1	2	3	28	0	93956	37	78	42	.	195	0	2	1	13	0	7419	0	78	24	.	2298	1	0	2	15	0	86537	37	0	18	.	195|7419|2298|86537,0|0|1|37,2|78|0|0,1|24|2|18,13|.15|.,.|.
5HT2cR-ligated-N	169	170	C	2523	2480	43	4	2480	7	3	29	1	155	94027	265	114	.GG	2	199	6	0	5	0	77	7605	227	0	.	2	2281	1	3	24	1	78	86422	38	114	GG	2|77|2|78,199|7605|2281|86422,6|227|1|38,0|0|3|114,5|.24|.,.|GG
5HT2cR-ligated-N	170	171	T	2480	2034	446	68	12	158	2034	208	2	2597	465	6048	77343	.A,A	1	1	0	206	2	0	37	39	0	7867	.	67	11	158	1828	206	2	2560	426	6048	69476	A,A	1|37|67|2560,1|39|11|426,0|0|158|6048,206|7867|1828|69476,2|.206|.,.|A,A
5HT2cR-ligated-N	171	172	G	2468	2188	280	12	21	2188	28	219	7	442	808	83488	1034	.T,TAC,AACTCGGTAGGTAC,C,AC,T,T	1	0	208	0	1	0	39	0	7929	0	.	11	21	1980	28	218	7	403	808	75559	1034	T,TAC,AACTCGGTAGGTAC,C,AC,T,T	1|39|11|403,0|0|21|808,208|7929|1980|75559,0|0|28|1034,1|.218|.,.|T,TAC,AACTCGGTAGGTAC,C,AC,T,T
5HT2cR-ligated-N	172	173	T	2456	2210	246	65	5	53	2210	123	1	2482	189	1983	83996	.A	0	0	0	209	2	0	0	0	0	7959	.	65	5	53	2001	121	1	2482	189	1983	76037	A	0|0|65|2482,0|0|5|189,0|0|53|1983,209|7959|2001|76037,2|.121|.,.|A
5HT2cR-ligated-N	173	174	G	2446	2370	76	17	15	2370	24	20	1	654	571	89971	921	.	1	0	210	0	1	1	37	0	7976	0	A	16	15	2160	24	19	0	617	571	81995	921	.	1|37|16|617,0|0|15|571,210|7976|2160|81995,0|0|24|921,1|.19|.,A|.
5HT2cR-ligated-N	174	175	A	2431	2377	54	2377	16	2	16	20	0	90190	581	77	612	.	172	12	0	11	15	0	6545	432	0	423	.	2205	4	2	5	5	0	83645	149	77	189	.	172|6545|2205|83645,12|432|4|149,0|0|2|77,11|423|5|189,15|.5|.,.|.
5HT2cR-ligated-N	175	176	A	2430	2392	38	2392	5	3	13	17	0	89267	195	113	493	.	188	4	2	5	11	0	7178	156	76	188	.	2204	1	1	8	6	0	82089	39	37	305	.	188|7178|2204|82089,4|156|1|39,2|76|1|37,5|188|8|305,11|.6|.,.|.
5HT2cR-ligated-N	176	177	C	2426	2406	20	1	2406	0	2	17	1	38	91181	0	76	.	1	199	0	0	10	1	38	7621	0	0	A	0	2207	0	2	7	0	0	83560	0	76	.	1|38|0|0,199|7621|2207|83560,0|0|0|0,0|0|2|76,10|.7|.,A|.
5HT2cR-ligated-N	177	178	A	2411	2361	50	2361	8	8	8	26	0	89636	287	298	284	.	179	7	1	6	18	0	6822	270	38	229	.	2182	1	7	2	8	0	82814	17	260	55	.	179|6822|2182|82814,7|270|1|17,1|38|7|260,6|229|2|55,18|.8|.,.|.
5HT2cR-ligated-N	178	179	A	2396	2357	39	2357	7	4	5	23	0	88994	241	128	188	.	188	5	1	2	15	0	7197	190	38	76	.	2169	2	3	3	8	0	81797	51	90	112	.	188|7197|2169|81797,5|190|2|51,1|38|3|90,2|76|3|112,15|.8|.,.|.
5HT2cR-ligated-N	179	180	C	2389	2360	29	6	2360	0	5	18	5	225	89469	0	191	AT,A,A,AA	6	198	0	0	7	1	225	7561	0	0	A	0	2162	0	5	11	4	0	81908	0	191	T,A,A,AA	6|225|0|0,198|7561|2162|81908,0|0|0|0,0|0|5|191,7|.11|.,A|T,A,A,AA
5HT2cR-ligated-N	180	181	G	2368	2219	149	13	9	2219	64	63	0	493	345	83942	2343	.	1	0	206	0	3	0	39	0	7783	0	.	12	9	2013	64	60	0	454	345	76159	2343	.	1|39|12|454,0|0|9|345,206|7783|2013|76159,0|0|64|2343,3|.60|.,.|.
5HT2cR-ligated-N	181	182	T	2352	2046	306	174	10	54	2046	68	0	6632	380	2035	77117	.	1	0	0	206	2	0	38	0	0	7730	.	173	10	54	1840	66	0	6594	380	2035	69387	.	1|38|173|6594,0|0|10|380,0|0|54|2035,206|7730|1840|69387,2|.66|.,.|.
5HT2cR-ligated-N	182	183	A	2330	2281	49	2281	10	2	5	32	2	86088	354	55	168	.T,C	184	9	1	2	12	0	6977	315	39	76	.	2097	1	1	3	20	2	79111	39	16	92	T,C	184|6977|2097|79111,9|315|1|39,1|39|1|16,2|76|3|92,12|.20|.,.|T,C
5HT2cR-ligated-N	183	184	C	2324	2291	33	2	2291	4	2	25	0	76	85607	152	76	.	1	196	4	0	9	0	38	7418	152	0	.	1	2095	0	2	16	0	38	78189	0	76	.	1|38|1|38,196|7418|2095|78189,4|152|0|0,0|0|2|76,9|.16|.,.|.
5HT2cR-ligated-N	184	185	A	2308	2249	59	2249	15	2	12	30	3	85221	556	76	460	.C,C,T	180	15	0	5	10	0	6791	556	0	193	.	2069	0	2	7	20	3	78430	0	76	267	C,C,T	180|6791|2069|78430,15|556|0|0,0|0|2|76,5|193|7|267,10|.20|.,.|C,C,T
5HT2cR-ligated-N	185	186	G	2301	2226	75	2	5	2226	33	35	1	76	189	83143	1264	.T	0	0	199	0	11	0	0	0	7506	0	.	2	5	2027	33	24	1	76	189	75637	1264	T	0|0|2|76,0|0|5|189,199|7506|2027|75637,0|0|33|1264,11|.24|.,.|T
5HT2cR-ligated-N	186	187	A	2286	2242	44	2242	3	1	20	20	0	83329	115	37	763	.	181	3	1	11	11	0	6820	115	37	421	.	2061	0	0	9	9	0	76509	0	0	342	.	181|6820|2061|76509,3|115|0|0,1|37|0|0,11|421|9|342,11|.9|.,.|.
5HT2cR-ligated-N	187	188	C	2279	2223	56	4	2223	0	2	50	5	128	82782	0	75	TA,T,A,A	4	198	0	0	5	1	128	7484	0	0	T	0	2025	0	2	45	4	0	75298	0	75	A,T,A,A	4|128|0|0,198|7484|2025|75298,0|0|0|0,0|0|2|75,5|.45|.,T|A,T,A,A
5HT2cR-ligated-N	188	189	G	2266	2142	124	7	1	2142	70	46	0	262	37	79558	2581	.	1	0	203	0	1	0	39	0	7590	0	.	6	1	1939	70	45	0	223	37	71968	2581	.	1|39|6|223,0|0|1|37,203|7590|1939|71968,0|0|70|2581,1|.45|.,.|.
5HT2cR-ligated-N	189	190	T	2246	1847	399	237	0	93	1847	69	0	8800	0	3390	67837	.	1	0	0	200	1	0	38	0	0	7426	.	236	0	93	1647	68	0	8762	0	3390	60411	.	1|38|236|8762,0|0|0|0,0|0|93|3390,200|7426|1647|60411,1|.68|.,.|.
5HT2cR-ligated-N	190	191	C	2233	2197	36	3	2197	2	4	27	0	113	80671	69	129	.	0	200	0	1	1	0	0	7492	0	14	.	3	1997	2	3	26	0	113	73179	69	115	.	0|0|3|113,200|7492|1997|73179,0|0|2|69,1|14|3|115,1|.26|.,.|.
5HT2cR-ligated-N	191	192	G	2225	2164	61	7	1	2164	24	29	3	266	37	80867	844	.T,T,T	0	0	201	0	0	0	0	0	7563	0	.	7	1	1963	24	29	3	266	37	73304	844	T,T,T	0|0|7|266,0|0|1|37,201|7563|1963|73304,0|0|24|844,0|.29|.,.|T,T,T
5HT2cR-ligated-N	192	193	A	2214	2146	68	2146	5	3	29	31	0	79257	188	79	1081	.	175	5	1	17	3	0	6534	188	34	645	.	1971	0	2	12	28	0	72723	0	45	436	.	175|6534|1971|72723,5|188|0|0,1|34|2|45,17|645|12|436,3|.28|.,.|.
5HT2cR-ligated-N	193	194	C	2200	2131	69	17	2131	3	7	42	11	622	79479	94	261	AG,G,G,G,G,G,G,G,G,G	13	182	0	2	4	1	490	6801	0	77	A	4	1949	3	5	38	10	132	72678	94	184	G,G,G,G,G,G,G,G,G,G	13|490|4|132,182|6801|1949|72678,0|0|3|94,2|77|5|184,4|.38|.,A|G,G,G,G,G,G,G,G,G,G
5HT2cR-ligated-N	194	195	T	2182	1839	343	50	18	187	1839	88	1	1899	641	6990	68907	.G	4	1	0	192	2	0	154	36	0	7228	.	46	17	187	1647	86	1	1745	605	6990	61679	G	4|154|46|1745,1|36|17|605,0|0|187|6990,192|7228|1647|61679,2|.86|.,.|G
5HT2cR-ligated-N	195	196	G	2174	2014	160	8	7	2014	36	109	0	264	262	75140	1333	.	0	0	199	0	0	0	0	0	7458	0	.	8	7	1815	36	109	0	264	262	67682	1333	.	0|0|8|264,0|0|7|262,199|7458|1815|67682,0|0|36|1333,0|.109|.,.|.
5HT2cR-ligated-N	196	197	G	2164	2070	94	11	1	2070	29	53	0	401	37	76914	1105	.	1	0	198	0	0	0	38	0	7483	0	.	10	1	1872	29	53	0	363	37	69431	1105	.	1|38|10|363,0|0|1|37,198|7483|1872|69431,0|0|29|1105,0|.53|.,.|.
5HT2cR-ligated-N	197	198	T	2154	1896	258	118	9	70	1896	61	1	4445	312	2598	70891	.G	0	0	0	199	0	0	0	0	0	7516	.	118	9	70	1697	61	1	4445	312	2598	63375	G	0|0|118|4445,0|0|9|312,0|0|70|2598,199|7516|1697|63375,0|.61|.,.|G
5HT2cR-ligated-N	198	199	A	2127	2079	48	2079	11	3	9	25	0	77823	419	115	320	.	171	11	1	7	9	0	6468	419	38	266	.	1908	0	2	2	16	0	71355	0	77	54	.	171|6468|1908|71355,11|419|0|0,1|38|2|77,7|266|2|54,9|.16|.,.|.
5HT2cR-ligated-N	199	200	A	2114	2078	36	2078	8	2	9	17	2	77091	258	76	323	CAC	183	6	1	6	3	1	6996	226	37	234	C	1895	2	1	3	14	1	70095	32	39	89	AC	183|6996|1895|70095,6|226|2|32,1|37|1|39,6|234|3|89,3|.14|.,C|AC
5HT2cR-ligated-N	200	201	C	2105	2087	18	3	2087	0	0	15	3	113	77999	0	0	AA,A	3	192	0	0	4	1	113	7332	0	0	A	0	1895	0	0	11	2	0	70667	0	0	A,A	3|113|0|0,192|7332|1895|70667,0|0|0|0,0|0|0|0,4|.11|.,A|A,A
5HT2cR-ligated-N	201	202	A	2092	2034	58	2034	11	2	13	32	4	76370	423	76	499	T,TT,T	180	11	0	3	4	2	6901	423	0	116	T,T	1854	0	2	10	28	2	69469	0	76	383	T,T	180|6901|1854|69469,11|423|0|0,0|0|2|76,3|116|10|383,4|.28|.,T,T|T,T
5HT2cR-ligated-N	202	203	T	2077	1873	204	5	9	8	1873	182	2	188	332	264	68258	.G,CC	1	0	0	193	4	0	38	0	0	7363	.	4	9	8	1680	178	2	150	332	264	60895	G,CC	1|38|4|150,0|0|9|332,0|0|8|264,193|7363|1680|60895,4|.178|.,.|G,CC
5HT2cR-ligated-N	203	204	T	2058	1911	147	35	4	42	1911	66	0	1211	151	1527	69873	.	0	0	1	197	0	0	0	0	38	7515	.	35	4	41	1714	66	0	1211	151	1489	62358	.	0|0|35|1211,0|0|4|151,1|38|41|1489,197|7515|1714|62358,0|.66|.,.|.
5HT2cR-ligated-N	204	205	T	2047	1880	167	27	14	120	1880	6	0	982	491	4263	68725	.	0	0	0	198	0	0	0	0	0	7562	.	27	14	120	1682	6	0	982	491	4263	61163	.	0|0|27|982,0|0|14|491,0|0|120|4263,198|7562|1682|61163,0|.6|.,.|.
5HT2cR-ligated-N	205	206	G	2020	1985	35	4	2	1985	15	14	0	124	75	71446	481	.	0	0	197	0	1	0	0	0	7410	0	.	4	2	1788	15	13	0	124	75	64036	481	.	0|0|4|124,0|0|2|75,197|7410|1788|64036,0|0|15|481,1|.13|.,.|.
5HT2cR-ligated-N	206	207	C	2000	1982	18	3	1982	0	8	7	0	116	71872	0	258	.	2	195	0	0	1	0	78	7379	0	0	.	1	1787	0	8	6	0	38	64493	0	258	.	2|78|1|38,195|7379|1787|64493,0|0|0|0,0|0|8|258,1|.6|.,.|.
5HT2cR-ligated-N	207	208	G	1987	1869	118	19	2	1869	79	18	8	710	54	68587	2919	.T,T,T,T,T,T,T,T	0	0	198	0	0	0	0	0	7474	0	.	19	2	1671	79	18	8	710	54	61113	2919	T,T,T,T,T,T,T,T	0|0|19|710,0|0|2|54,198|7474|1671|61113,0|0|79|2919,0|.18|.,.|T,T,T,T,T,T,T,T
5HT2cR-ligated-N	208	209	T	1959	1821	138	26	6	7	1821	99	0	956	228	234	67676	.	0	0	0	198	0	0	0	0	0	7457	.	26	6	7	1623	99	0	956	228	234	60219	.	0|0|26|956,0|0|6|228,0|0|7|234,198|7457|1623|60219,0|.99|.,.|.
5HT2cR-ligated-N	209	210	T	1935	1821	114	42	5	15	1821	52	0	1552	146	564	67603	.	0	0	0	198	0	0	0	0	0	7481	.	42	5	15	1623	52	0	1552	146	564	60122	.	0|0|42|1552,0|0|5|146,0|0|15|564,198|7481|1623|60122,0|.52|.,.|.
5HT2cR-ligated-N	210	211	T	1911	1774	137	32	9	85	1774	11	0	1201	306	2969	64558	.	0	0	0	198	0	0	0	0	0	7456	.	32	9	85	1576	11	0	1201	306	2969	57102	.	0|0|32|1201,0|0|9|306,0|0|85|2969,198|7456|1576|57102,0|.11|.,.|.
5HT2cR-ligated-N	211	212	G	1810	1771	39	1	7	1771	24	7	0	39	260	64082	887	.	0	0	197	1	0	0	0	0	7421	39	.	1	7	1574	23	7	0	39	260	56661	848	.	0|0|1|39,0|0|7|260,197|7421|1574|56661,1|39|23|848,0|.7|.,.|.
5HT2cR-ligated-N	212	213	A	1784	1745	39	1745	16	0	22	1	0	62773	604	0	766	.	160	16	0	14	0	0	6055	604	0	532	.	1585	0	0	8	1	0	56718	0	0	234	.	160|6055|1585|56718,16|604|0|0,0|0|0|0,14|532|8|234,0|.1|.,.|.
5HT2cR-ligated-N	213	214	T	1770	1602	168	72	5	88	1602	3	0	2502	162	3089	57308	.	2	0	0	187	0	0	77	0	0	7084	.	70	5	88	1415	3	0	2425	162	3089	50224	.	2|77|70|2425,0|0|5|162,0|0|88|3089,187|7084|1415|50224,0|.3|.,.|.
5HT2cR-ligated-N	214	215	C	1752	1744	8	5	1744	2	1	0	0	189	62147	56	37	.	5	181	0	0	0	0	189	6829	0	0	.	0	1563	2	1	0	0	0	55318	56	37	.	5|189|0|0,181|6829|1563|55318,0|0|2|56,0|0|1|37,0|.0|.,.|.
5HT2cR-ligated-N	215	216	G	1702	1700	2	0	0	1700	2	0	0	0	0	60284	36	.	0	0	180	0	0	0	0	0	6730	0	.	0	0	1520	2	0	0	0	0	53554	36	.	0|0|0|0,0|0|0|0,180|6730|1520|53554,0|0|2|36,0|.0|.,.|.
5HT2cR-ligated-N	216	217	G	1647	1647	0	0	0	1647	0	0	0	0	0	58072	0	.	0	0	176	0	0	0	0	0	6522	0	.	0	0	1471	0	0	0	0	0	51550	0	.	0|0|0|0,0|0|0|0,176|6522|1471|51550,0|0|0|0,0|.0|.,.|.
5HT2cR-ligated-N	217	218	G	1564	1564	0	0	0	1564	0	0	0	0	0	55254	0	.	0	0	166	0	0	0	0	0	6046	0	.	0	0	1398	0	0	0	0	0	49208	0	.	0|0|0|0,0|0|0|0,166|6046|1398|49208,0|0|0|0,0|.0|.,.|.
