chrom	start	end	ref	depth	r_depth	a_depth	num_A	num_C	num_G	num_T	num_D	num_I	totQ_A	totQ_C	totQ_G	totQ_T	all_ins	num_F_A	num_F_C	num_F_G	num_F_T	num_F_D	num_F_I	totQ_F_A	totQ_F_C	totQ_F_G	totQ_F_T	all_F_ins	num_R_A	num_R_C	num_R_G	num_R_T	num_R_D	num_R_I	totQ_R_A	totQ_R_C	totQ_R_G	totQ_R_T	all_R_ins	sample_1
5HT2cR-ligated-N	0	1	G	2380	2380	0	0	0	2380	0	0	0	0	0	91715	0	.	0	0	0	0	0	0	0	0	0	0	.	0	0	2380	0	0	0	0	0	91715	0	.	0|0|0|0,0|0|0|0,0|0|2380|91715,0|0|0|0,0|.0|.,.|.
5HT2cR-ligated-N	1	2	G	2380	2380	0	0	0	2380	0	0	0	0	0	92085	0	.	0	0	0	0	0	0	0	0	0	0	.	0	0	2380	0	0	0	0	0	92085	0	.	0|0|0|0,0|0|0|0,0|0|2380|92085,0|0|0|0,0|.0|.,.|.
5HT2cR-ligated-N	2	3	C	2380	2380	0	0	2380	0	0	0	0	0	91874	0	0	.	0	0	0	0	0	0	0	0	0	0	.	0	2380	0	0	0	0	0	91874	0	0	.	0|0|0|0,0|0|2380|91874,0|0|0|0,0|0|0|0,0|.0|.,.|.
5HT2cR-ligated-N	3	4	T	2717	2715	2	0	1	1	2715	0	0	0	38	17	105090	.	0	0	0	0	0	0	0	0	0	0	.	0	1	1	2715	0	0	0	38	17	105090	.	0|0|0|0,0|0|1|38,0|0|1|17,0|0|2715|105090,0|.0|.,.|.
5HT2cR-ligated-N	4	5	G	2953	2825	128	1	0	2825	0	127	0	20	0	107876	0	.	0	0	0	0	0	0	0	0	0	0	.	1	0	2825	0	127	0	20	0	107876	0	.	0|0|1|20,0|0|0|0,0|0|2825|107876,0|0|0|0,0|.127|.,.|.
5HT2cR-ligated-N	5	6	G	2953	2953	0	0	0	2953	0	0	0	0	0	112927	0	.	0	0	0	0	0	0	0	0	0	0	.	0	0	2953	0	0	0	0	0	112927	0	.	0|0|0|0,0|0|0|0,0|0|2953|112927,0|0|0|0,0|.0|.,.|.
5HT2cR-ligated-N	6	7	A	2953	2952	1	2952	0	1	0	0	0	112708	0	24	0	.	0	0	0	0	0	0	0	0	0	0	.	2952	0	1	0	0	0	112708	0	24	0	.	0|0|2952|112708,0|0|0|0,0|0|1|24,0|0|0|0,0|.0|.,.|.
5HT2cR-ligated-N	7	8	T	2953	2952	1	0	1	0	2952	0	0	0	39	0	112511	.	0	0	0	0	0	0	0	0	0	0	.	0	1	0	2952	0	0	0	39	0	112511	.	0|0|0|0,0|0|1|39,0|0|0|0,0|0|2952|112511,0|.0|.,.|.
5HT2cR-ligated-N	8	9	C	2953	2953	0	0	2953	0	0	0	0	0	112759	0	0	.	0	0	0	0	0	0	0	0	0	0	.	0	2953	0	0	0	0	0	112759	0	0	.	0|0|0|0,0|0|2953|112759,0|0|0|0,0|0|0|0,0|.0|.,.|.
5HT2cR-ligated-N	9	10	G	3190	3190	0	0	0	3190	0	0	0	0	0	123535	0	.	0	0	0	0	0	0	0	0	0	0	.	0	0	3190	0	0	0	0	0	123535	0	.	0|0|0|0,0|0|0|0,0|0|3190|123535,0|0|0|0,0|.0|.,.|.
5HT2cR-ligated-N	10	11	G	3190	2570	620	2	0	2570	618	0	0	47	0	99549	24034	.	0	0	0	0	0	0	0	0	0	0	.	2	0	2570	618	0	0	47	0	99549	24034	.	0|0|2|47,0|0|0|0,0|0|2570|99549,0|0|618|24034,0|.0|.,.|.
5HT2cR-ligated-N	11	12	T	3190	3189	1	0	0	1	3189	0	0	0	0	2	123689	.	0	0	0	0	0	0	0	0	0	0	.	0	0	1	3189	0	0	0	0	2	123689	.	0|0|0|0,0|0|0|0,0|0|1|2,0|0|3189|123689,0|.0|.,.|.
5HT2cR-ligated-N	12	13	A	3190	3190	0	3190	0	0	0	0	0	123822	0	0	0	.	0	0	0	0	0	0	0	0	0	0	.	3190	0	0	0	0	0	123822	0	0	0	.	0|0|3190|123822,0|0|0|0,0|0|0|0,0|0|0|0,0|.0|.,.|.
5HT2cR-ligated-N	13	14	T	3190	3190	0	0	0	0	3190	0	0	0	0	0	123515	.	0	0	0	0	0	0	0	0	0	0	.	0	0	0	3190	0	0	0	0	0	123515	.	0|0|0|0,0|0|0|0,0|0|0|0,0|0|3190|123515,0|.0|.,.|.
5HT2cR-ligated-N	14	15	G	3190	2900	290	290	0	2900	0	0	0	11275	0	112374	0	.	0	0	0	0	0	0	0	0	0	0	.	290	0	2900	0	0	0	11275	0	112374	0	.	0|0|290|11275,0|0|0|0,0|0|2900|112374,0|0|0|0,0|.0|.,.|.
5HT2cR-ligated-N	15	16	T	3190	3062	128	1	0	127	3062	0	0	2	0	4927	118551	.	0	0	0	0	0	0	0	0	0	0	.	1	0	127	3062	0	0	2	0	4927	118551	.	0|0|1|2,0|0|0|0,0|0|127|4927,0|0|3062|118551,0|.0|.,.|.
5HT2cR-ligated-N	16	17	A	3190	3189	1	3189	0	1	0	0	0	123570	0	39	0	.	0	0	0	0	0	0	0	0	0	0	.	3189	0	1	0	0	0	123570	0	39	0	.	0|0|3189|123570,0|0|0|0,0|0|1|39,0|0|0|0,0|.0|.,.|.
5HT2cR-ligated-N	17	18	G	3190	3189	1	0	0	3189	1	0	0	0	0	123315	21	.	0	0	0	0	0	0	0	0	0	0	.	0	0	3189	1	0	0	0	0	123315	21	.	0|0|0|0,0|0|0|0,0|0|3189|123315,0|0|1|21,0|.0|.,.|.
5HT2cR-ligated-N	18	19	C	3190	3190	0	0	3190	0	0	0	0	0	123479	0	0	.	0	0	0	0	0	0	0	0	0	0	.	0	3190	0	0	0	0	0	123479	0	0	.	0|0|0|0,0|0|3190|123479,0|0|0|0,0|0|0|0,0|.0|.,.|.
5HT2cR-ligated-N	19	20	A	3190	3188	2	3188	0	2	0	0	0	123583	0	78	0	.	0	0	0	0	0	0	0	0	0	0	.	3188	0	2	0	0	0	123583	0	78	0	.	0|0|3188|123583,0|0|0|0,0|0|2|78,0|0|0|0,0|.0|.,.|.
5HT2cR-ligated-N	20	21	N	3190	0	3190	3187	0	3	0	0	0	123362	0	94	0	.	0	0	0	0	0	0	0	0	0	0	.	3187	0	3	0	0	0	123362	0	94	0	.	0|0|3187|123362,0|0|0|0,0|0|3|94,0|0|0|0,0|.0|.,.|.
5HT2cR-ligated-N	21	22	T	3190	3190	0	0	0	0	3190	0	0	0	0	0	123011	.	0	0	0	0	0	0	0	0	0	0	.	0	0	0	3190	0	0	0	0	0	123011	.	0|0|0|0,0|0|0|0,0|0|0|0,0|0|3190|123011,0|.0|.,.|.
5HT2cR-ligated-N	22	23	N	3190	0	3190	3188	1	0	1	0	0	122270	8	0	12	.	0	0	0	0	0	0	0	0	0	0	.	3188	1	0	1	0	0	122270	8	0	12	.	0|0|3188|122270,0|0|1|8,0|0|0|0,0|0|1|12,0|.0|.,.|.
5HT2cR-ligated-N	23	24	C	3190	3190	0	0	3190	0	0	0	0	0	121441	0	0	.	0	0	0	0	0	0	0	0	0	0	.	0	3190	0	0	0	0	0	121441	0	0	.	0|0|0|0,0|0|3190|121441,0|0|0|0,0|0|0|0,0|.0|.,.|.
5HT2cR-ligated-N	24	25	G	3190	3189	1	1	0	3189	0	0	0	2	0	123608	0	.	0	0	0	0	0	0	0	0	0	0	.	1	0	3189	0	0	0	2	0	123608	0	.	0|0|1|2,0|0|0|0,0|0|3189|123608,0|0|0|0,0|.0|.,.|.
5HT2cR-ligated-N	25	26	T	3190	3190	0	0	0	0	3190	0	0	0	0	0	123461	.	0	0	0	0	0	0	0	0	0	0	.	0	0	0	3190	0	0	0	0	0	123461	.	0|0|0|0,0|0|0|0,0|0|0|0,0|0|3190|123461,0|.0|.,.|.
5HT2cR-ligated-N	26	27	N	3190	0	3190	3188	0	0	0	2	0	123481	0	0	0	.	0	0	0	0	0	0	0	0	0	0	.	3188	0	0	0	2	0	123481	0	0	0	.	0|0|3188|123481,0|0|0|0,0|0|0|0,0|0|0|0,0|.2|.,.|.
5HT2cR-ligated-N	27	28	N	3190	0	3190	3187	2	0	1	0	0	123295	29	0	39	.	0	0	0	0	0	0	0	0	0	0	.	3187	2	0	1	0	0	123295	29	0	39	.	0|0|3187|123295,0|0|2|29,0|0|0|0,0|0|1|39,0|.0|.,.|.
5HT2cR-ligated-N	28	29	T	3190	3155	35	0	34	1	3155	0	0	0	1299	14	121524	.	0	0	0	0	0	0	0	0	0	0	.	0	34	1	3155	0	0	0	1299	14	121524	.	0|0|0|0,0|0|34|1299,0|0|1|14,0|0|3155|121524,0|.0|.,.|.
5HT2cR-ligated-N	29	30	C	3190	3189	1	0	3189	1	0	0	0	0	123092	2	0	.	0	0	0	0	0	0	0	0	0	0	.	0	3189	1	0	0	0	0	123092	2	0	.	0|0|0|0,0|0|3189|123092,0|0|1|2,0|0|0|0,0|.0|.,.|.
5HT2cR-ligated-N	30	31	C	3190	3188	2	1	3188	0	1	0	0	37	123413	0	39	.	0	0	0	0	0	0	0	0	0	0	.	1	3188	0	1	0	0	37	123413	0	39	.	0|0|1|37,0|0|3188|123413,0|0|0|0,0|0|1|39,0|.0|.,.|.
5HT2cR-ligated-N	31	32	T	3190	3190	0	0	0	0	3190	0	0	0	0	0	123256	.	0	0	0	0	0	0	0	0	0	0	.	0	0	0	3190	0	0	0	0	0	123256	.	0|0|0|0,0|0|0|0,0|0|0|0,0|0|3190|123256,0|.0|.,.|.
5HT2cR-ligated-N	32	33	N	3190	0	3190	3189	0	0	1	0	0	123409	0	0	14	.	0	0	0	0	0	0	0	0	0	0	.	3189	0	0	1	0	0	123409	0	0	14	.	0|0|3189|123409,0|0|0|0,0|0|0|0,0|0|1|14,0|.0|.,.|.
5HT2cR-ligated-N	33	34	T	3190	3190	0	0	0	0	3190	0	0	0	0	0	122939	.	0	0	0	0	0	0	0	0	0	0	.	0	0	0	3190	0	0	0	0	0	122939	.	0|0|0|0,0|0|0|0,0|0|0|0,0|0|3190|122939,0|.0|.,.|.
5HT2cR-ligated-N	34	35	T	3190	3188	2	1	1	0	3188	0	0	39	39	0	123239	.	0	0	0	0	0	0	0	0	0	0	.	1	1	0	3188	0	0	39	39	0	123239	.	0|0|1|39,0|0|1|39,0|0|0|0,0|0|3188|123239,0|.0|.,.|.
5HT2cR-ligated-N	35	36	G	3190	3190	0	0	0	3190	0	0	0	0	0	123379	0	.	0	0	0	0	0	0	0	0	0	0	.	0	0	3190	0	0	0	0	0	123379	0	.	0|0|0|0,0|0|0|0,0|0|3190|123379,0|0|0|0,0|.0|.,.|.
5HT2cR-ligated-N	36	37	A	3190	3190	0	3190	0	0	0	0	0	123475	0	0	0	.	0	0	0	0	0	0	0	0	0	0	.	3190	0	0	0	0	0	123475	0	0	0	.	0|0|3190|123475,0|0|0|0,0|0|0|0,0|0|0|0,0|.0|.,.|.
5HT2cR-ligated-N	37	38	G	3190	3190	0	0	0	3190	0	0	0	0	0	123191	0	.	0	0	0	0	0	0	0	0	0	0	.	0	0	3190	0	0	0	0	0	123191	0	.	0|0|0|0,0|0|0|0,0|0|3190|123191,0|0|0|0,0|.0|.,.|.
5HT2cR-ligated-N	38	39	C	3190	3190	0	0	3190	0	0	0	0	0	123297	0	0	.	0	0	0	0	0	0	0	0	0	0	.	0	3190	0	0	0	0	0	123297	0	0	.	0|0|0|0,0|0|3190|123297,0|0|0|0,0|0|0|0,0|.0|.,.|.
5HT2cR-ligated-N	39	40	A	3190	3156	34	3156	0	0	0	34	0	122317	0	0	0	.	0	0	0	0	0	0	0	0	0	0	.	3156	0	0	0	34	0	122317	0	0	0	.	0|0|3156|122317,0|0|0|0,0|0|0|0,0|0|0|0,0|.34|.,.|.
5HT2cR-ligated-N	40	41	T	3190	2885	305	0	0	271	2885	34	0	0	0	10243	109802	.	0	0	0	0	0	0	0	0	0	0	.	0	0	271	2885	34	0	0	0	10243	109802	.	0|0|0|0,0|0|0|0,0|0|271|10243,0|0|2885|109802,0|.34|.,.|.
5HT2cR-ligated-N	41	42	A	3190	3190	0	3190	0	0	0	0	0	121110	0	0	0	.	0	0	0	0	0	0	0	0	0	0	.	3190	0	0	0	0	0	121110	0	0	0	.	0|0|3190|121110,0|0|0|0,0|0|0|0,0|0|0|0,0|.0|.,.|.
5HT2cR-ligated-N	42	43	G	3190	3189	1	0	1	3189	0	0	0	0	37	120883	0	.	0	0	0	0	0	0	0	0	0	0	.	0	1	3189	0	0	0	0	37	120883	0	.	0|0|0|0,0|0|1|37,0|0|3189|120883,0|0|0|0,0|.0|.,.|.
5HT2cR-ligated-N	43	44	C	3190	3190	0	0	3190	0	0	0	0	0	120833	0	0	.	0	0	0	0	0	0	0	0	0	0	.	0	3190	0	0	0	0	0	120833	0	0	.	0|0|0|0,0|0|3190|120833,0|0|0|0,0|0|0|0,0|.0|.,.|.
5HT2cR-ligated-N	44	45	C	3190	3190	0	0	3190	0	0	0	237	0	120975	0	0	.A,A,A,A,A,A,A,A,A,A,A,A,A,A,A,A,A,A,A,A,A,A,A,A,A,A,A,A,A,A,A,A,A,A,A,A,A,A,A,A,A,A,A,A,A,A,A,A,A,A,A,A,A,A,A,A,A,A,A,A,A,A,A,A,A,A,A,A,A,A,A,A,A,A,A,A,A,A,A,A,A,A,A,A,A,A,A,A,A,A,A,A,A,A,A,A,A,A,A,A,A,A,A,A,A,A,A,A,A,A,A,A,A,A,A,A,A,A,A,A,A,A,A,A,A,A,A,A,A,A,A,A,A,A,A,A,A,A,A,A,A,A,A,A,A,A,A,A,A,A,A,A,A,A,A,A,A,A,A,A,A,A,A,A,A,A,A,A,A,A,A,A,A,A,A,A,A,A,A,A,A,A,A,A,A,A,A,A,A,A,A,A,A,A,A,A,A,A,A,A,A,A,A,A,A,A,A,A,A,A,A,A,A,A,A,A,A,A,A,A,A,A,A,A,A,A,A,A,A,A,A,A,A,A,A,A,A	0	0	0	0	0	0	0	0	0	0	.	0	3190	0	0	0	237	0	120975	0	0	A,A,A,A,A,A,A,A,A,A,A,A,A,A,A,A,A,A,A,A,A,A,A,A,A,A,A,A,A,A,A,A,A,A,A,A,A,A,A,A,A,A,A,A,A,A,A,A,A,A,A,A,A,A,A,A,A,A,A,A,A,A,A,A,A,A,A,A,A,A,A,A,A,A,A,A,A,A,A,A,A,A,A,A,A,A,A,A,A,A,A,A,A,A,A,A,A,A,A,A,A,A,A,A,A,A,A,A,A,A,A,A,A,A,A,A,A,A,A,A,A,A,A,A,A,A,A,A,A,A,A,A,A,A,A,A,A,A,A,A,A,A,A,A,A,A,A,A,A,A,A,A,A,A,A,A,A,A,A,A,A,A,A,A,A,A,A,A,A,A,A,A,A,A,A,A,A,A,A,A,A,A,A,A,A,A,A,A,A,A,A,A,A,A,A,A,A,A,A,A,A,A,A,A,A,A,A,A,A,A,A,A,A,A,A,A,A,A,A,A,A,A,A,A,A,A,A,A,A,A,A,A,A,A,A,A,A	0|0|0|0,0|0|3190|120975,0|0|0|0,0|0|0|0,0|.0|.,.|A,A,A,A,A,A,A,A,A,A,A,A,A,A,A,A,A,A,A,A,A,A,A,A,A,A,A,A,A,A,A,A,A,A,A,A,A,A,A,A,A,A,A,A,A,A,A,A,A,A,A,A,A,A,A,A,A,A,A,A,A,A,A,A,A,A,A,A,A,A,A,A,A,A,A,A,A,A,A,A,A,A,A,A,A,A,A,A,A,A,A,A,A,A,A,A,A,A,A,A,A,A,A,A,A,A,A,A,A,A,A,A,A,A,A,A,A,A,A,A,A,A,A,A,A,A,A,A,A,A,A,A,A,A,A,A,A,A,A,A,A,A,A,A,A,A,A,A,A,A,A,A,A,A,A,A,A,A,A,A,A,A,A,A,A,A,A,A,A,A,A,A,A,A,A,A,A,A,A,A,A,A,A,A,A,A,A,A,A,A,A,A,A,A,A,A,A,A,A,A,A,A,A,A,A,A,A,A,A,A,A,A,A,A,A,A,A,A,A,A,A,A,A,A,A,A,A,A,A,A,A,A,A,A,A,A,A
5HT2cR-ligated-N	45	46	G	4511	4511	0	0	0	4511	0	0	0	0	0	173011	0	.	0	0	334	0	0	0	0	0	12195	0	.	0	0	4177	0	0	0	0	0	160816	0	.	0|0|0|0,0|0|0|0,334|12195|4177|160816,0|0|0|0,0|.0|.,.|.
5HT2cR-ligated-N	46	47	G	4511	4511	0	0	0	4511	0	0	0	0	0	172618	0	.	0	0	334	0	0	0	0	0	11735	0	.	0	0	4177	0	0	0	0	0	160883	0	.	0|0|0|0,0|0|0|0,334|11735|4177|160883,0|0|0|0,0|.0|.,.|.
5HT2cR-ligated-N	47	48	T	4513	4512	1	0	0	1	4512	0	0	0	0	8	173191	.	0	0	0	336	0	0	0	0	0	12086	.	0	0	1	4176	0	0	0	0	8	161105	.	0|0|0|0,0|0|0|0,0|0|1|8,336|12086|4176|161105,0|.0|.,.|.
5HT2cR-ligated-N	48	49	T	4514	4514	0	0	0	0	4514	0	0	0	0	0	173021	.	0	0	0	336	0	0	0	0	0	12146	.	0	0	0	4178	0	0	0	0	0	160875	.	0|0|0|0,0|0|0|0,0|0|0|0,336|12146|4178|160875,0|.0|.,.|.
5HT2cR-ligated-N	49	50	T	4514	4514	0	0	0	0	4514	0	0	0	0	0	172981	.	0	0	0	336	0	0	0	0	0	12412	.	0	0	0	4178	0	0	0	0	0	160569	.	0|0|0|0,0|0|0|0,0|0|0|0,336|12412|4178|160569,0|.0|.,.|.
5HT2cR-ligated-N	50	51	C	4514	4513	1	0	4513	0	0	1	0	0	173164	0	0	.	0	336	0	0	0	0	0	12401	0	0	.	0	4177	0	0	1	0	0	160763	0	0	.	0|0|0|0,336|12401|4177|160763,0|0|0|0,0|0|0|0,0|.1|.,.|.
5HT2cR-ligated-N	51	52	A	4514	3872	642	3872	1	0	0	641	0	149190	24	0	0	.	335	1	0	0	0	0	12349	24	0	0	.	3537	0	0	0	641	0	136841	0	0	0	.	335|12349|3537|136841,1|24|0|0,0|0|0|0,0|0|0|0,0|.641|.,.|.
5HT2cR-ligated-N	52	53	A	4516	4515	1	4515	1	0	0	0	0	170250	2	0	0	.	335	1	0	0	0	0	12626	2	0	0	.	4180	0	0	0	0	0	157624	0	0	0	.	335|12626|4180|157624,1|2|0|0,0|0|0|0,0|0|0|0,0|.0|.,.|.
5HT2cR-ligated-N	53	54	T	4516	4516	0	0	0	0	4516	0	0	0	0	0	169679	.	0	0	0	336	0	0	0	0	0	12635	.	0	0	0	4180	0	0	0	0	0	157044	.	0|0|0|0,0|0|0|0,0|0|0|0,336|12635|4180|157044,0|.0|.,.|.
5HT2cR-ligated-N	54	55	T	4516	4514	2	2	0	0	4514	0	0	75	0	0	169490	.	0	0	0	336	0	0	0	0	0	12686	.	2	0	0	4178	0	0	75	0	0	156804	.	0|0|2|75,0|0|0|0,0|0|0|0,336|12686|4178|156804,0|.0|.,.|.
5HT2cR-ligated-N	55	56	C	4516	4514	2	1	4514	0	1	0	0	2	169922	0	38	.	0	335	0	1	0	0	0	12621	0	38	.	1	4179	0	0	0	0	2	157301	0	0	.	0|0|1|2,335|12621|4179|157301,0|0|0|0,1|38|0|0,0|.0|.,.|.
5HT2cR-ligated-N	56	57	G	4515	4515	0	0	0	4515	0	0	0	0	0	170193	0	.	0	0	336	0	0	0	0	0	12629	0	.	0	0	4179	0	0	0	0	0	157564	0	.	0|0|0|0,0|0|0|0,336|12629|4179|157564,0|0|0|0,0|.0|.,.|.
5HT2cR-ligated-N	57	58	C	4515	4515	0	0	4515	0	0	0	0	0	170071	0	0	.	0	336	0	0	0	0	0	12545	0	0	.	0	4179	0	0	0	0	0	157526	0	0	.	0|0|0|0,336|12545|4179|157526,0|0|0|0,0|0|0|0,0|.0|.,.|.
5HT2cR-ligated-N	58	59	G	4414	4414	0	0	0	4414	0	0	0	0	0	169379	0	.	0	0	336	0	0	0	0	0	12642	0	.	0	0	4078	0	0	0	0	0	156737	0	.	0|0|0|0,0|0|0|0,336|12642|4078|156737,0|0|0|0,0|.0|.,.|.
5HT2cR-ligated-N	59	60	G	4414	4414	0	0	0	4414	0	0	0	0	0	169515	0	.	0	0	336	0	0	0	0	0	12648	0	.	0	0	4078	0	0	0	0	0	156867	0	.	0|0|0|0,0|0|0|0,336|12648|4078|156867,0|0|0|0,0|.0|.,.|.
5HT2cR-ligated-N	60	61	A	4562	4561	1	4561	0	1	0	0	0	174092	0	37	0	.	484	0	0	0	0	0	17525	0	0	0	.	4077	0	1	0	0	0	156567	0	37	0	.	484|17525|4077|156567,0|0|0|0,0|0|1|37,0|0|0|0,0|.0|.,.|.
5HT2cR-ligated-N	61	62	C	4562	4562	0	0	4562	0	0	0	0	0	174823	0	0	.	0	484	0	0	0	0	0	17682	0	0	.	0	4078	0	0	0	0	0	157141	0	0	.	0|0|0|0,484|17682|4078|157141,0|0|0|0,0|0|0|0,0|.0|.,.|.
5HT2cR-ligated-N	62	63	T	4562	4560	2	0	2	0	4560	0	0	0	76	0	175332	.	0	0	0	484	0	0	0	0	0	18171	.	0	2	0	4076	0	0	0	76	0	157161	.	0|0|0|0,0|0|2|76,0|0|0|0,484|18171|4076|157161,0|.0|.,.|.
5HT2cR-ligated-N	63	64	A	4562	4562	0	4562	0	0	0	0	0	176031	0	0	0	.	484	0	0	0	0	0	18364	0	0	0	.	4078	0	0	0	0	0	157667	0	0	0	.	484|18364|4078|157667,0|0|0|0,0|0|0|0,0|0|0|0,0|.0|.,.|.
5HT2cR-ligated-N	64	65	A	4562	4560	2	4560	1	0	1	0	0	175825	21	0	2	.	484	0	0	0	0	0	18333	0	0	0	.	4076	1	0	1	0	0	157492	21	0	2	.	484|18333|4076|157492,0|0|1|21,0|0|0|0,0|0|1|2,0|.0|.,.|.
5HT2cR-ligated-N	65	66	G	4562	4562	0	0	0	4562	0	0	0	0	0	175324	0	.	0	0	484	0	0	0	0	0	18215	0	.	0	0	4078	0	0	0	0	0	157109	0	.	0|0|0|0,0|0|0|0,484|18215|4078|157109,0|0|0|0,0|.0|.,.|.
5HT2cR-ligated-N	66	67	G	4562	4561	1	1	0	4561	0	0	0	37	0	174823	0	.	0	0	484	0	0	0	0	0	18174	0	.	1	0	4077	0	0	0	37	0	156649	0	.	0|0|1|37,0|0|0|0,484|18174|4077|156649,0|0|0|0,0|.0|.,.|.
5HT2cR-ligated-N	67	68	C	4562	4561	1	1	4561	0	0	0	0	3	173717	0	0	.	0	484	0	0	0	0	0	18248	0	0	.	1	4077	0	0	0	0	3	155469	0	0	.	0|0|1|3,484|18248|4077|155469,0|0|0|0,0|0|0|0,0|.0|.,.|.
5HT2cR-ligated-N	68	69	C	4562	4562	0	0	4562	0	0	0	0	0	174644	0	0	.	0	484	0	0	0	0	0	18516	0	0	.	0	4078	0	0	0	0	0	156128	0	0	.	0|0|0|0,484|18516|4078|156128,0|0|0|0,0|0|0|0,0|.0|.,.|.
5HT2cR-ligated-N	69	70	A	4562	4562	0	4562	0	0	0	0	0	175099	0	0	0	.	484	0	0	0	0	0	18351	0	0	0	.	4078	0	0	0	0	0	156748	0	0	0	.	484|18351|4078|156748,0|0|0|0,0|0|0|0,0|0|0|0,0|.0|.,.|.
5HT2cR-ligated-N	70	71	T	4562	4261	301	300	1	0	4261	0	0	11513	38	0	162939	.	0	1	0	483	0	0	0	38	0	18542	.	300	0	0	3778	0	0	11513	0	0	144397	.	0|0|300|11513,1|38|0|0,0|0|0|0,483|18542|3778|144397,0|.0|.,.|.
5HT2cR-ligated-N	71	72	C	4562	4560	2	0	4560	1	1	0	0	0	174416	39	39	.	0	484	0	0	0	0	0	18546	0	0	.	0	4076	1	1	0	0	0	155870	39	39	.	0|0|0|0,484|18546|4076|155870,0|0|1|39,0|0|1|39,0|.0|.,.|.
5HT2cR-ligated-N	72	73	A	4435	4099	336	4099	0	0	336	0	0	157745	0	0	12942	.	148	0	0	336	0	0	5607	0	0	12942	.	3951	0	0	0	0	0	152138	0	0	0	.	148|5607|3951|152138,0|0|0|0,0|0|0|0,336|12942|0|0,0|.0|.,.|.
5HT2cR-ligated-N	73	74	T	4435	4097	338	0	0	0	4097	338	0	0	0	0	157098	.	0	0	0	484	0	0	0	0	0	18610	.	0	0	0	3613	338	0	0	0	0	138488	.	0|0|0|0,0|0|0|0,0|0|0|0,484|18610|3613|138488,0|.338|.,.|.
5HT2cR-ligated-N	74	75	G	4435	4435	0	0	0	4435	0	0	0	0	0	170317	0	.	0	0	484	0	0	0	0	0	18474	0	.	0	0	3951	0	0	0	0	0	151843	0	.	0|0|0|0,0|0|0|0,484|18474|3951|151843,0|0|0|0,0|.0|.,.|.
5HT2cR-ligated-N	75	76	A	4435	4434	1	4434	1	0	0	0	0	170469	2	0	0	.	483	1	0	0	0	0	18379	2	0	0	.	3951	0	0	0	0	0	152090	0	0	0	.	483|18379|3951|152090,1|2|0|0,0|0|0|0,0|0|0|0,0|.0|.,.|.
5HT2cR-ligated-N	76	77	A	4435	4435	0	4435	0	0	0	0	0	170534	0	0	0	.	484	0	0	0	0	0	18404	0	0	0	.	3951	0	0	0	0	0	152130	0	0	0	.	484|18404|3951|152130,0|0|0|0,0|0|0|0,0|0|0|0,0|.0|.,.|.
5HT2cR-ligated-N	77	78	G	4435	4435	0	0	0	4435	0	0	0	0	0	169387	0	.	0	0	484	0	0	0	0	0	18496	0	.	0	0	3951	0	0	0	0	0	150891	0	.	0|0|0|0,0|0|0|0,484|18496|3951|150891,0|0|0|0,0|.0|.,.|.
5HT2cR-ligated-N	78	79	A	4435	4400	35	4400	0	1	0	34	0	168519	0	39	0	.	484	0	0	0	0	0	18482	0	0	0	.	3916	0	1	0	34	0	150037	0	39	0	.	484|18482|3916|150037,0|0|0|0,0|0|1|39,0|0|0|0,0|.34|.,.|.
5HT2cR-ligated-N	79	80	T	4435	4399	36	1	0	1	4399	34	0	2	0	19	167074	.	0	0	1	483	0	0	0	0	19	18629	.	1	0	0	3916	34	0	2	0	0	148445	.	0|0|1|2,0|0|0|0,1|19|0|0,483|18629|3916|148445,0|.34|.,.|.
5HT2cR-ligated-N	80	81	T	4435	4063	372	338	0	0	4063	34	0	13168	0	0	154291	.	0	0	0	484	0	0	0	0	0	18685	.	338	0	0	3579	34	0	13168	0	0	135606	.	0|0|338|13168,0|0|0|0,0|0|0|0,484|18685|3579|135606,0|.34|.,.|.
5HT2cR-ligated-N	81	82	G	4435	4399	36	1	0	4399	1	34	0	37	0	166394	39	.	0	0	484	0	0	0	0	0	18599	0	.	1	0	3915	1	34	0	37	0	147795	39	.	0|0|1|37,0|0|0|0,484|18599|3915|147795,0|0|1|39,0|.34|.,.|.
5HT2cR-ligated-N	82	83	C	4435	4398	37	1	4398	1	1	34	0	16	166707	39	38	.	0	484	0	0	0	0	0	18610	0	0	.	1	3914	1	1	34	0	16	148097	39	38	.	0|0|1|16,484|18610|3914|148097,0|0|1|39,0|0|1|38,0|.34|.,.|.
5HT2cR-ligated-N	83	84	T	4341	4306	35	0	0	1	4306	34	0	0	0	14	163610	.	0	0	0	484	0	0	0	0	0	18721	.	0	0	1	3822	34	0	0	0	14	144889	.	0|0|0|0,0|0|0|0,0|0|1|14,484|18721|3822|144889,0|.34|.,.|.
5HT2cR-ligated-N	84	85	A	4111	4110	1	4110	1	0	0	0	0	157388	2	0	0	.	484	0	0	0	0	0	18597	0	0	0	.	3626	1	0	0	0	0	138791	2	0	0	.	484|18597|3626|138791,0|0|1|2,0|0|0|0,0|0|0|0,0|.0|.,.|.
5HT2cR-ligated-N	85	86	T	4110	4110	0	0	0	0	4110	0	0	0	0	0	156699	.	0	0	0	484	0	0	0	0	0	18703	.	0	0	0	3626	0	0	0	0	0	137996	.	0|0|0|0,0|0|0|0,0|0|0|0,484|18703|3626|137996,0|.0|.,.|.
5HT2cR-ligated-N	86	87	T	4110	4109	1	1	0	0	4109	0	0	4	0	0	156570	.	0	0	0	484	0	0	0	0	0	18689	.	1	0	0	3625	0	0	4	0	0	137881	.	0|0|1|4,0|0|0|0,0|0|0|0,484|18689|3625|137881,0|.0|.,.|.
5HT2cR-ligated-N	87	88	G	3877	3876	1	1	0	3876	0	0	1	21	0	147788	0	.T	1	0	483	0	0	0	21	0	18627	0	.	0	0	3393	0	0	1	0	0	129161	0	T	1|21|0|0,0|0|0|0,483|18627|3393|129161,0|0|0|0,0|.0|.,.|T
5HT2cR-ligated-N	88	89	T	3876	3875	1	0	0	0	3875	1	0	0	0	0	146366	.	0	0	0	484	0	0	0	0	0	18604	.	0	0	0	3391	1	0	0	0	0	127762	.	0|0|0|0,0|0|0|0,0|0|0|0,484|18604|3391|127762,0|.1|.,.|.
5HT2cR-ligated-N	89	90	T	3852	3552	300	0	0	300	3552	0	0	0	0	10034	133885	.	0	0	0	484	0	0	0	0	0	18678	.	0	0	300	3068	0	0	0	0	10034	115207	.	0|0|0|0,0|0|0|0,0|0|300|10034,484|18678|3068|115207,0|.0|.,.|.
5HT2cR-ligated-N	90	91	T	3852	3852	0	0	0	0	3852	0	0	0	0	0	144368	.	0	0	0	484	0	0	0	0	0	18615	.	0	0	0	3368	0	0	0	0	0	125753	.	0|0|0|0,0|0|0|0,0|0|0|0,484|18615|3368|125753,0|.0|.,.|.
5HT2cR-ligated-N	91	92	G	4090	4081	9	1	0	4081	8	0	0	21	0	155129	140	.	0	0	484	0	0	0	0	0	18600	0	.	1	0	3597	8	0	0	21	0	136529	140	.	0|0|1|21,0|0|0|0,484|18600|3597|136529,0|0|8|140,0|.0|.,.|.
5HT2cR-ligated-N	92	93	G	4090	4088	2	2	0	4088	0	0	0	77	0	154714	0	.	0	0	484	0	0	0	0	0	18207	0	.	2	0	3604	0	0	0	77	0	136507	0	.	0|0|2|77,0|0|0|0,484|18207|3604|136507,0|0|0|0,0|.0|.,.|.
5HT2cR-ligated-N	93	94	G	4090	4089	1	0	0	4089	1	0	0	0	0	154132	4	.	0	0	484	0	0	0	0	0	18127	0	.	0	0	3605	1	0	0	0	0	136005	4	.	0|0|0|0,0|0|0|0,484|18127|3605|136005,0|0|1|4,0|.0|.,.|.
5HT2cR-ligated-N	94	95	C	3793	3792	1	0	3792	0	1	0	0	0	143948	0	36	.	0	484	0	0	0	0	0	18632	0	0	.	0	3308	0	1	0	0	0	125316	0	36	.	0|0|0|0,484|18632|3308|125316,0|0|0|0,0|0|1|36,0|.0|.,.|.
5HT2cR-ligated-N	95	96	A	3558	3364	194	3364	0	0	0	194	0	128578	0	0	0	.	484	0	0	0	0	0	18610	0	0	0	.	2880	0	0	0	194	0	109968	0	0	0	.	484|18610|2880|109968,0|0|0|0,0|0|0|0,0|0|0|0,0|.194|.,.|.
5HT2cR-ligated-N	96	97	A	3258	3257	1	3257	0	0	1	0	0	124502	0	0	39	.	484	0	0	0	0	0	18190	0	0	0	.	2773	0	0	1	0	0	106312	0	0	39	.	484|18190|2773|106312,0|0|0|0,0|0|0|0,0|0|1|39,0|.0|.,.|.
5HT2cR-ligated-N	97	98	T	3256	3255	1	0	0	1	3255	0	0	0	0	2	124583	.	0	0	1	483	0	0	0	0	2	18648	.	0	0	0	2772	0	0	0	0	0	105935	.	0|0|0|0,0|0|0|0,1|2|0|0,483|18648|2772|105935,0|.0|.,.|.
5HT2cR-ligated-N	98	99	T	3256	3255	1	1	0	0	3255	0	0	39	0	0	124548	.	0	0	0	484	0	0	0	0	0	18709	.	1	0	0	2771	0	0	39	0	0	105839	.	0|0|1|39,0|0|0|0,0|0|0|0,484|18709|2771|105839,0|.0|.,.|.
5HT2cR-ligated-N	99	100	T	3256	3255	1	0	0	1	3255	0	0	0	0	2	124140	.	0	0	0	484	0	0	0	0	0	18733	.	0	0	1	2771	0	0	0	0	2	105407	.	0|0|0|0,0|0|0|0,0|0|1|2,484|18733|2771|105407,0|.0|.,.|.
5HT2cR-ligated-N	100	101	C	3256	3256	0	0	3256	0	0	0	0	0	124571	0	0	.	0	484	0	0	0	0	0	18676	0	0	.	0	2772	0	0	0	0	0	105895	0	0	.	0|0|0|0,484|18676|2772|105895,0|0|0|0,0|0|0|0,0|.0|.,.|.
5HT2cR-ligated-N	101	102	T	3256	3256	0	0	0	0	3256	0	0	0	0	0	124328	.	0	0	0	484	0	0	0	0	0	18744	.	0	0	0	2772	0	0	0	0	0	105584	.	0|0|0|0,0|0|0|0,0|0|0|0,484|18744|2772|105584,0|.0|.,.|.
5HT2cR-ligated-N	102	103	A	3222	3222	0	3222	0	0	0	0	0	123080	0	0	0	.	484	0	0	0	0	0	18609	0	0	0	.	2738	0	0	0	0	0	104471	0	0	0	.	484|18609|2738|104471,0|0|0|0,0|0|0|0,0|0|0|0,0|.0|.,.|.
5HT2cR-ligated-N	103	104	T	3221	3221	0	0	0	0	3221	0	0	0	0	0	122365	.	0	0	0	484	0	0	0	0	0	18729	.	0	0	0	2737	0	0	0	0	0	103636	.	0|0|0|0,0|0|0|0,0|0|0|0,484|18729|2737|103636,0|.0|.,.|.
5HT2cR-ligated-N	104	105	A	2838	2836	2	2836	0	0	2	0	0	108947	0	0	76	.	484	0	0	0	0	0	18601	0	0	0	.	2352	0	0	2	0	0	90346	0	0	76	.	484|18601|2352|90346,0|0|0|0,0|0|0|0,0|0|2|76,0|.0|.,.|.
5HT2cR-ligated-N	105	106	G	2838	2837	1	0	1	2837	0	0	0	0	37	108689	0	.	0	0	484	0	0	0	0	0	18700	0	.	0	1	2353	0	0	0	0	37	89989	0	.	0|0|0|0,0|0|1|37,484|18700|2353|89989,0|0|0|0,0|.0|.,.|.
5HT2cR-ligated-N	106	107	G	2837	2835	2	0	0	2835	2	0	0	0	0	108037	36	.	0	0	484	0	0	0	0	0	18586	0	.	0	0	2351	2	0	0	0	0	89451	36	.	0|0|0|0,0|0|0|0,484|18586|2351|89451,0|0|2|36,0|.0|.,.|.
5HT2cR-ligated-N	107	108	T	2836	2835	1	0	0	1	2835	0	0	0	0	3	107635	.	0	0	0	484	0	0	0	0	0	18226	.	0	0	1	2351	0	0	0	0	3	89409	.	0|0|0|0,0|0|0|0,0|0|1|3,484|18226|2351|89409,0|.0|.,.|.
5HT2cR-ligated-N	108	109	A	2835	2833	2	2833	0	0	0	2	0	108264	0	0	0	.	484	0	0	0	0	0	18450	0	0	0	.	2349	0	0	0	2	0	89814	0	0	0	.	484|18450|2349|89814,0|0|0|0,0|0|0|0,0|0|0|0,0|.2|.,.|.
5HT2cR-ligated-N	109	110	A	2500	2498	2	2498	0	0	2	0	0	95613	0	0	55	.	484	0	0	0	0	0	18513	0	0	0	.	2014	0	0	2	0	0	77100	0	0	55	.	484|18513|2014|77100,0|0|0|0,0|0|0|0,0|0|2|55,0|.0|.,.|.
5HT2cR-ligated-N	110	111	A	2500	2499	1	2499	0	0	1	0	0	95780	0	0	37	.	484	0	0	0	0	0	18610	0	0	0	.	2015	0	0	1	0	0	77170	0	0	37	.	484|18610|2015|77170,0|0|0|0,0|0|0|0,0|0|1|37,0|.0|.,.|.
5HT2cR-ligated-N	111	112	T	2500	2499	1	1	0	0	2499	0	0	38	0	0	95445	.	0	0	0	484	0	0	0	0	0	18664	.	1	0	0	2015	0	0	38	0	0	76781	.	0|0|1|38,0|0|0|0,0|0|0|0,484|18664|2015|76781,0|.0|.,.|.
5HT2cR-ligated-N	112	113	A	2500	2499	1	2499	0	1	0	0	0	95817	0	37	0	.	484	0	0	0	0	0	18626	0	0	0	.	2015	0	1	0	0	0	77191	0	37	0	.	484|18626|2015|77191,0|0|0|0,0|0|1|37,0|0|0|0,0|.0|.,.|.
5HT2cR-ligated-N	113	114	A	2500	2500	0	2500	0	0	0	0	0	95633	0	0	0	.	484	0	0	0	0	0	18642	0	0	0	.	2016	0	0	0	0	0	76991	0	0	0	.	484|18642|2016|76991,0|0|0|0,0|0|0|0,0|0|0|0,0|.0|.,.|.
5HT2cR-ligated-N	114	115	A	2500	2500	0	2500	0	0	0	0	0	95179	0	0	0	.	484	0	0	0	0	0	18502	0	0	0	.	2016	0	0	0	0	0	76677	0	0	0	.	484|18502|2016|76677,0|0|0|0,0|0|0|0,0|0|0|0,0|.0|.,.|.
5HT2cR-ligated-N	115	116	A	2500	2500	0	2500	0	0	0	0	0	94400	0	0	0	.	484	0	0	0	0	0	18691	0	0	0	.	2016	0	0	0	0	0	75709	0	0	0	.	484|18691|2016|75709,0|0|0|0,0|0|0|0,0|0|0|0,0|.0|.,.|.
5HT2cR-ligated-N	116	117	C	2573	2572	1	1	2572	0	0	0	0	23	96236	0	0	.	0	557	0	0	0	0	0	21171	0	0	.	1	2015	0	0	0	0	23	75065	0	0	.	0|0|1|23,557|21171|2015|75065,0|0|0|0,0|0|0|0,0|.0|.,.|.
5HT2cR-ligated-N	117	118	T	2573	2159	414	0	0	0	2159	414	0	0	0	0	81699	.	0	0	0	557	0	0	0	0	0	21419	.	0	0	0	1602	414	0	0	0	0	60280	.	0|0|0|0,0|0|0|0,0|0|0|0,557|21419|1602|60280,0|.414|.,.|.
5HT2cR-ligated-N	118	119	T	2573	2572	1	0	1	0	2572	0	0	0	4	0	97275	.	0	1	0	556	0	0	0	4	0	21389	.	0	0	0	2016	0	0	0	0	0	75886	.	0|0|0|0,1|4|0|0,0|0|0|0,556|21389|2016|75886,0|.0|.,.|.
5HT2cR-ligated-N	119	120	T	2573	2573	0	0	0	0	2573	0	0	0	0	0	97462	.	0	0	0	557	0	0	0	0	0	21456	.	0	0	0	2016	0	0	0	0	0	76006	.	0|0|0|0,0|0|0|0,0|0|0|0,557|21456|2016|76006,0|.0|.,.|.
5HT2cR-ligated-N	120	121	T	2573	2573	0	0	0	0	2573	0	0	0	0	0	97429	.	0	0	0	557	0	0	0	0	0	21446	.	0	0	0	2016	0	0	0	0	0	75983	.	0|0|0|0,0|0|0|0,0|0|0|0,557|21446|2016|75983,0|.0|.,.|.
5HT2cR-ligated-N	121	122	T	2573	2237	336	0	336	0	2237	0	0	0	12917	0	83975	.	0	336	0	221	0	0	0	12917	0	8444	.	0	0	0	2016	0	0	0	0	0	75531	.	0|0|0|0,336|12917|0|0,0|0|0|0,221|8444|2016|75531,0|.0|.,.|.
5HT2cR-ligated-N	122	123	G	2775	2774	1	1	0	2774	0	0	0	15	0	105332	0	.	0	0	557	0	0	0	0	0	20643	0	.	1	0	2217	0	0	0	15	0	84689	0	.	0|0|1|15,0|0|0|0,557|20643|2217|84689,0|0|0|0,0|.0|.,.|.
5HT2cR-ligated-N	123	124	G	2775	2774	1	1	0	2774	0	0	0	3	0	105035	0	.	0	0	557	0	0	0	0	0	20649	0	.	1	0	2217	0	0	0	3	0	84386	0	.	0|0|1|3,0|0|0|0,557|20649|2217|84386,0|0|0|0,0|.0|.,.|.
5HT2cR-ligated-N	124	125	C	2776	2439	337	337	2439	0	0	0	0	12647	92210	0	0	.	336	221	0	0	0	0	12634	8421	0	0	.	1	2218	0	0	0	0	13	83789	0	0	.	336|12634|1|13,221|8421|2218|83789,0|0|0|0,0|0|0|0,0|.0|.,.|.
5HT2cR-ligated-N	125	126	C	2776	2776	0	0	2776	0	0	0	0	0	105881	0	0	.	0	557	0	0	0	0	0	21123	0	0	.	0	2219	0	0	0	0	0	84758	0	0	.	0|0|0|0,557|21123|2219|84758,0|0|0|0,0|0|0|0,0|.0|.,.|.
5HT2cR-ligated-N	126	127	A	2628	2626	2	2626	0	1	1	0	0	100596	0	38	2	.	409	0	0	0	0	0	15494	0	0	0	.	2217	0	1	1	0	0	85102	0	38	2	.	409|15494|2217|85102,0|0|0|0,0|0|1|38,0|0|1|2,0|.0|.,.|.
5HT2cR-ligated-N	127	128	T	2628	2626	2	1	1	0	2626	0	0	14	39	0	100592	.	0	0	0	409	0	0	0	0	0	15776	.	1	1	0	2217	0	0	14	39	0	84816	.	0|0|1|14,0|0|1|39,0|0|0|0,409|15776|2217|84816,0|.0|.,.|.
5HT2cR-ligated-N	128	129	A	2292	2291	1	2291	0	1	0	0	0	87721	0	39	0	.	73	0	0	0	0	0	2732	0	0	0	.	2218	0	1	0	0	0	84989	0	39	0	.	73|2732|2218|84989,0|0|0|0,0|0|1|39,0|0|0|0,0|.0|.,.|.
5HT2cR-ligated-N	129	130	A	2292	2292	0	2292	0	0	0	0	0	87850	0	0	0	.	73	0	0	0	0	0	2740	0	0	0	.	2219	0	0	0	0	0	85110	0	0	0	.	73|2740|2219|85110,0|0|0|0,0|0|0|0,0|0|0|0,0|.0|.,.|.
5HT2cR-ligated-N	130	131	G	2292	2292	0	0	0	2292	0	0	0	0	0	87600	0	.	0	0	73	0	0	0	0	0	2753	0	.	0	0	2219	0	0	0	0	0	84847	0	.	0|0|0|0,0|0|0|0,73|2753|2219|84847,0|0|0|0,0|.0|.,.|.
5HT2cR-ligated-N	131	132	A	2292	2292	0	2292	0	0	0	0	0	87269	0	0	0	.	73	0	0	0	0	0	2727	0	0	0	.	2219	0	0	0	0	0	84542	0	0	0	.	73|2727|2219|84542,0|0|0|0,0|0|0|0,0|0|0|0,0|.0|.,.|.
5HT2cR-ligated-N	132	133	A	2292	2292	0	2292	0	0	0	0	0	87208	0	0	0	.	73	0	0	0	0	0	2739	0	0	0	.	2219	0	0	0	0	0	84469	0	0	0	.	73|2739|2219|84469,0|0|0|0,0|0|0|0,0|0|0|0,0|.0|.,.|.
5HT2cR-ligated-N	133	134	T	2292	2290	2	1	1	0	2290	0	0	14	37	0	86703	.	0	0	0	73	0	0	0	0	0	2759	.	1	1	0	2217	0	0	14	37	0	83944	.	0|0|1|14,0|0|1|37,0|0|0|0,73|2759|2217|83944,0|.0|.,.|.
5HT2cR-ligated-N	134	135	T	2292	1985	307	0	0	307	1985	0	0	0	0	11714	75377	.	0	0	0	73	0	0	0	0	0	2817	.	0	0	307	1912	0	0	0	0	11714	72560	.	0|0|0|0,0|0|0|0,0|0|307|11714,73|2817|1912|72560,0|.0|.,.|.
5HT2cR-ligated-N	135	136	G	2292	2291	1	0	0	2291	1	0	0	0	0	85036	18	.	0	0	73	0	0	0	0	0	2805	0	.	0	0	2218	1	0	0	0	0	82231	18	.	0|0|0|0,0|0|0|0,73|2805|2218|82231,0|0|1|18,0|.0|.,.|.
5HT2cR-ligated-N	136	137	C	2292	2291	1	0	2291	0	1	0	0	0	85479	0	19	.	0	73	0	0	0	0	0	2771	0	0	.	0	2218	0	1	0	0	0	82708	0	19	.	0|0|0|0,73|2771|2218|82708,0|0|0|0,0|0|1|19,0|.0|.,.|.
5HT2cR-ligated-N	137	138	A	2292	2292	0	2292	0	0	0	0	0	85555	0	0	0	.	73	0	0	0	0	0	2792	0	0	0	.	2219	0	0	0	0	0	82763	0	0	0	.	73|2792|2219|82763,0|0|0|0,0|0|0|0,0|0|0|0,0|.0|.,.|.
5HT2cR-ligated-N	138	139	G	2292	2292	0	0	0	2292	0	0	0	0	0	85644	0	.	0	0	73	0	0	0	0	0	2784	0	.	0	0	2219	0	0	0	0	0	82860	0	.	0|0|0|0,0|0|0|0,73|2784|2219|82860,0|0|0|0,0|.0|.,.|.
5HT2cR-ligated-N	139	140	C	2292	2291	1	0	2291	0	1	0	0	0	85472	0	39	.	0	73	0	0	0	0	0	2822	0	0	.	0	2218	0	1	0	0	0	82650	0	39	.	0|0|0|0,73|2822|2218|82650,0|0|0|0,0|0|1|39,0|.0|.,.|.
5HT2cR-ligated-N	140	141	G	2291	2291	0	0	0	2291	0	0	0	0	0	86317	0	.	0	0	73	0	0	0	0	0	2690	0	.	0	0	2218	0	0	0	0	0	83627	0	.	0|0|0|0,0|0|0|0,73|2690|2218|83627,0|0|0|0,0|.0|.,.|.
5HT2cR-ligated-N	141	142	G	2290	2290	0	0	0	2290	0	0	0	0	0	86050	0	.	0	0	73	0	0	0	0	0	2714	0	.	0	0	2217	0	0	0	0	0	83336	0	.	0|0|0|0,0|0|0|0,73|2714|2217|83336,0|0|0|0,0|.0|.,.|.
5HT2cR-ligated-N	142	143	C	1810	1808	2	0	1808	0	2	0	0	0	68394	0	39	.	0	73	0	0	0	0	0	2750	0	0	.	0	1735	0	2	0	0	0	65644	0	39	.	0|0|0|0,73|2750|1735|65644,0|0|0|0,0|0|2|39,0|.0|.,.|.
5HT2cR-ligated-N	143	144	T	1737	1737	0	0	0	0	1737	0	0	0	0	0	66415	.	0	0	0	0	0	0	0	0	0	0	.	0	0	0	1737	0	0	0	0	0	66415	.	0|0|0|0,0|0|0|0,0|0|0|0,0|0|1737|66415,0|.0|.,.|.
5HT2cR-ligated-N	144	145	A	1737	1737	0	1737	0	0	0	0	0	66525	0	0	0	.	0	0	0	0	0	0	0	0	0	0	.	1737	0	0	0	0	0	66525	0	0	0	.	0|0|1737|66525,0|0|0|0,0|0|0|0,0|0|0|0,0|.0|.,.|.
5HT2cR-ligated-N	145	146	T	1737	1736	1	1	0	0	1736	0	0	39	0	0	66006	.	0	0	0	0	0	0	0	0	0	0	.	1	0	0	1736	0	0	39	0	0	66006	.	0|0|1|39,0|0|0|0,0|0|0|0,0|0|1736|66006,0|.0|.,.|.
5HT2cR-ligated-N	146	147	G	1737	1737	0	0	0	1737	0	0	0	0	0	66119	0	.	0	0	0	0	0	0	0	0	0	0	.	0	0	1737	0	0	0	0	0	66119	0	.	0|0|0|0,0|0|0|0,0|0|1737|66119,0|0|0|0,0|.0|.,.|.
5HT2cR-ligated-N	147	148	C	1737	1737	0	0	1737	0	0	0	0	0	65675	0	0	.	0	0	0	0	0	0	0	0	0	0	.	0	1737	0	0	0	0	0	65675	0	0	.	0|0|0|0,0|0|1737|65675,0|0|0|0,0|0|0|0,0|.0|.,.|.
5HT2cR-ligated-N	148	149	T	1737	1737	0	0	0	0	1737	0	0	0	0	0	65593	.	0	0	0	0	0	0	0	0	0	0	.	0	0	0	1737	0	0	0	0	0	65593	.	0|0|0|0,0|0|0|0,0|0|0|0,0|0|1737|65593,0|.0|.,.|.
5HT2cR-ligated-N	149	150	C	1737	1737	0	0	1737	0	0	0	0	0	65523	0	0	.	0	0	0	0	0	0	0	0	0	0	.	0	1737	0	0	0	0	0	65523	0	0	.	0|0|0|0,0|0|1737|65523,0|0|0|0,0|0|0|0,0|.0|.,.|.
5HT2cR-ligated-N	150	151	A	1737	1737	0	1737	0	0	0	0	0	66070	0	0	0	.	0	0	0	0	0	0	0	0	0	0	.	1737	0	0	0	0	0	66070	0	0	0	.	0|0|1737|66070,0|0|0|0,0|0|0|0,0|0|0|0,0|.0|.,.|.
5HT2cR-ligated-N	151	152	A	1737	1736	1	1736	0	0	1	0	0	65705	0	0	37	.	0	0	0	0	0	0	0	0	0	0	.	1736	0	0	1	0	0	65705	0	0	37	.	0|0|1736|65705,0|0|0|0,0|0|0|0,0|0|1|37,0|.0|.,.|.
5HT2cR-ligated-N	152	153	T	1737	1736	1	0	1	0	1736	0	0	0	14	0	65361	.	0	0	0	0	0	0	0	0	0	0	.	0	1	0	1736	0	0	0	14	0	65361	.	0|0|0|0,0|0|1|14,0|0|0|0,0|0|1736|65361,0|.0|.,.|.
5HT2cR-ligated-N	153	154	A	1737	1736	1	1736	0	0	1	0	0	64445	0	0	13	.	0	0	0	0	0	0	0	0	0	0	.	1736	0	0	1	0	0	64445	0	0	13	.	0|0|1736|64445,0|0|0|0,0|0|0|0,0|0|1|13,0|.0|.,.|.
5HT2cR-ligated-N	154	155	C	1323	1323	0	0	1323	0	0	0	0	0	49472	0	0	.	0	0	0	0	0	0	0	0	0	0	.	0	1323	0	0	0	0	0	49472	0	0	.	0|0|0|0,0|0|1323|49472,0|0|0|0,0|0|0|0,0|.0|.,.|.
5HT2cR-ligated-N	155	156	T	1323	1322	1	1	0	0	1322	0	0	38	0	0	49381	.	0	0	0	0	0	0	0	0	0	0	.	1	0	0	1322	0	0	38	0	0	49381	.	0|0|1|38,0|0|0|0,0|0|0|0,0|0|1322|49381,0|.0|.,.|.
5HT2cR-ligated-N	156	157	T	1323	1323	0	0	0	0	1323	0	0	0	0	0	49388	.	0	0	0	0	0	0	0	0	0	0	.	0	0	0	1323	0	0	0	0	0	49388	.	0|0|0|0,0|0|0|0,0|0|0|0,0|0|1323|49388,0|.0|.,.|.
5HT2cR-ligated-N	157	158	T	1323	1323	0	0	0	0	1323	0	0	0	0	0	48998	.	0	0	0	0	0	0	0	0	0	0	.	0	0	0	1323	0	0	0	0	0	48998	.	0|0|0|0,0|0|0|0,0|0|0|0,0|0|1323|48998,0|.0|.,.|.
5HT2cR-ligated-N	158	159	C	1323	1323	0	0	1323	0	0	0	0	0	49417	0	0	.	0	0	0	0	0	0	0	0	0	0	.	0	1323	0	0	0	0	0	49417	0	0	.	0|0|0|0,0|0|1323|49417,0|0|0|0,0|0|0|0,0|.0|.,.|.
5HT2cR-ligated-N	159	160	G	1325	1323	2	1	0	1323	1	0	0	38	0	49775	18	.	0	0	0	0	0	0	0	0	0	0	.	1	0	1323	1	0	0	38	0	49775	18	.	0|0|1|38,0|0|0|0,0|0|1323|49775,0|0|1|18,0|.0|.,.|.
5HT2cR-ligated-N	160	161	G	1325	1324	1	0	0	1324	1	0	0	0	0	49950	5	.	0	0	0	0	0	0	0	0	0	0	.	0	0	1324	1	0	0	0	0	49950	5	.	0|0|0|0,0|0|0|0,0|0|1324|49950,0|0|1|5,0|.0|.,.|.
5HT2cR-ligated-N	161	162	A	1325	1322	3	1322	0	0	3	0	0	50664	0	0	71	.	0	0	0	0	0	0	0	0	0	0	.	1322	0	0	3	0	0	50664	0	0	71	.	0|0|1322|50664,0|0|0|0,0|0|0|0,0|0|3|71,0|.0|.,.|.
5HT2cR-ligated-N	162	163	T	1562	1562	0	0	0	0	1562	0	0	0	0	0	59798	.	0	0	0	0	0	0	0	0	0	0	.	0	0	0	1562	0	0	0	0	0	59798	.	0|0|0|0,0|0|0|0,0|0|0|0,0|0|1562|59798,0|.0|.,.|.
5HT2cR-ligated-N	163	164	T	1562	1197	365	365	0	0	1197	0	0	14030	0	0	45794	.	0	0	0	0	0	0	0	0	0	0	.	365	0	0	1197	0	0	14030	0	0	45794	.	0|0|365|14030,0|0|0|0,0|0|0|0,0|0|1197|45794,0|.0|.,.|.
5HT2cR-ligated-N	164	165	A	2483	2481	2	2481	0	1	1	0	0	95071	0	13	20	.	0	0	0	0	0	0	0	0	0	0	.	2481	0	1	1	0	0	95071	0	13	20	.	0|0|2481|95071,0|0|0|0,0|0|1|13,0|0|1|20,0|.0|.,.|.
5HT2cR-ligated-N	165	166	T	2483	2402	81	1	0	80	2402	0	0	39	0	3002	91523	.	0	0	0	0	0	0	0	0	0	0	.	1	0	80	2402	0	0	39	0	3002	91523	.	0|0|1|39,0|0|0|0,0|0|80|3002,0|0|2402|91523,0|.0|.,.|.
5HT2cR-ligated-N	166	167	G	2484	2483	1	1	0	2483	0	0	0	17	0	94664	0	.	0	0	0	0	0	0	0	0	0	0	.	1	0	2483	0	0	0	17	0	94664	0	.	0|0|1|17,0|0|0|0,0|0|2483|94664,0|0|0|0,0|.0|.,.|.
5HT2cR-ligated-N	167	168	T	2484	2484	0	0	0	0	2484	0	0	0	0	0	94452	.	0	0	0	0	0	0	0	0	0	0	.	0	0	0	2484	0	0	0	0	0	94452	.	0|0|0|0,0|0|0|0,0|0|0|0,0|0|2484|94452,0|.0|.,.|.
5HT2cR-ligated-N	168	169	A	2484	2483	1	2483	0	1	0	0	0	94064	0	39	0	.	0	0	0	0	0	0	0	0	0	0	.	2483	0	1	0	0	0	94064	0	39	0	.	0|0|2483|94064,0|0|0|0,0|0|1|39,0|0|0|0,0|.0|.,.|.
5HT2cR-ligated-N	169	170	C	2484	2484	0	0	2484	0	0	0	0	0	94738	0	0	.	0	0	0	0	0	0	0	0	0	0	.	0	2484	0	0	0	0	0	94738	0	0	.	0|0|0|0,0|0|2484|94738,0|0|0|0,0|0|0|0,0|.0|.,.|.
5HT2cR-ligated-N	170	171	T	2484	2483	1	0	1	0	2483	0	0	0	38	0	94552	.	0	0	0	0	0	0	0	0	0	0	.	0	1	0	2483	0	0	0	38	0	94552	.	0|0|0|0,0|0|1|38,0|0|0|0,0|0|2483|94552,0|.0|.,.|.
5HT2cR-ligated-N	171	172	G	2290	2289	1	0	0	2289	1	0	0	0	0	87872	2	.	0	0	0	0	0	0	0	0	0	0	.	0	0	2289	1	0	0	0	0	87872	2	.	0|0|0|0,0|0|0|0,0|0|2289|87872,0|0|1|2,0|.0|.,.|.
5HT2cR-ligated-N	172	173	T	2290	2290	0	0	0	0	2290	0	0	0	0	0	87226	.	0	0	0	0	0	0	0	0	0	0	.	0	0	0	2290	0	0	0	0	0	87226	.	0|0|0|0,0|0|0|0,0|0|0|0,0|0|2290|87226,0|.0|.,.|.
5HT2cR-ligated-N	173	174	G	2290	2290	0	0	0	2290	0	0	0	0	0	87312	0	.	0	0	0	0	0	0	0	0	0	0	.	0	0	2290	0	0	0	0	0	87312	0	.	0|0|0|0,0|0|0|0,0|0|2290|87312,0|0|0|0,0|.0|.,.|.
5HT2cR-ligated-N	174	175	A	2290	2290	0	2290	0	0	0	0	0	87453	0	0	0	.	0	0	0	0	0	0	0	0	0	0	.	2290	0	0	0	0	0	87453	0	0	0	.	0|0|2290|87453,0|0|0|0,0|0|0|0,0|0|0|0,0|.0|.,.|.
5HT2cR-ligated-N	175	176	A	2290	2290	0	2290	0	0	0	0	0	85418	0	0	0	.	0	0	0	0	0	0	0	0	0	0	.	2290	0	0	0	0	0	85418	0	0	0	.	0|0|2290|85418,0|0|0|0,0|0|0|0,0|0|0|0,0|.0|.,.|.
5HT2cR-ligated-N	176	177	C	2290	2290	0	0	2290	0	0	0	0	0	86982	0	0	.	0	0	0	0	0	0	0	0	0	0	.	0	2290	0	0	0	0	0	86982	0	0	.	0|0|0|0,0|0|2290|86982,0|0|0|0,0|0|0|0,0|.0|.,.|.
5HT2cR-ligated-N	177	178	A	2290	2290	0	2290	0	0	0	0	0	87329	0	0	0	.	0	0	0	0	0	0	0	0	0	0	.	2290	0	0	0	0	0	87329	0	0	0	.	0|0|2290|87329,0|0|0|0,0|0|0|0,0|0|0|0,0|.0|.,.|.
5HT2cR-ligated-N	178	179	A	2290	2289	1	2289	1	0	0	0	0	86221	12	0	0	.	0	0	0	0	0	0	0	0	0	0	.	2289	1	0	0	0	0	86221	12	0	0	.	0|0|2289|86221,0|0|1|12,0|0|0|0,0|0|0|0,0|.0|.,.|.
5HT2cR-ligated-N	179	180	C	2290	2290	0	0	2290	0	0	0	0	0	86950	0	0	.	0	0	0	0	0	0	0	0	0	0	.	0	2290	0	0	0	0	0	86950	0	0	.	0|0|0|0,0|0|2290|86950,0|0|0|0,0|0|0|0,0|.0|.,.|.
5HT2cR-ligated-N	180	181	G	2290	2289	1	1	0	2289	0	0	0	39	0	87259	0	.	0	0	0	0	0	0	0	0	0	0	.	1	0	2289	0	0	0	39	0	87259	0	.	0|0|1|39,0|0|0|0,0|0|2289|87259,0|0|0|0,0|.0|.,.|.
5HT2cR-ligated-N	181	182	T	2290	2290	0	0	0	0	2290	0	0	0	0	0	86935	.	0	0	0	0	0	0	0	0	0	0	.	0	0	0	2290	0	0	0	0	0	86935	.	0|0|0|0,0|0|0|0,0|0|0|0,0|0|2290|86935,0|.0|.,.|.
5HT2cR-ligated-N	182	183	A	2211	2208	3	2208	2	0	1	0	0	83820	39	0	38	.	1	0	0	0	0	0	35	0	0	0	.	2207	2	0	1	0	0	83785	39	0	38	.	1|35|2207|83785,0|0|2|39,0|0|0|0,0|0|1|38,0|.0|.,.|.
5HT2cR-ligated-N	183	184	C	2211	2211	0	0	2211	0	0	0	0	0	83158	0	0	.	0	1	0	0	0	0	0	32	0	0	.	0	2210	0	0	0	0	0	83126	0	0	.	0|0|0|0,1|32|2210|83126,0|0|0|0,0|0|0|0,0|.0|.,.|.
5HT2cR-ligated-N	184	185	A	2211	2211	0	2211	0	0	0	0	0	84386	0	0	0	.	1	0	0	0	0	0	37	0	0	0	.	2210	0	0	0	0	0	84349	0	0	0	.	1|37|2210|84349,0|0|0|0,0|0|0|0,0|0|0|0,0|.0|.,.|.
5HT2cR-ligated-N	185	186	G	2211	2210	1	1	0	2210	0	0	0	37	0	82678	0	.	0	0	1	0	0	0	0	0	37	0	.	1	0	2209	0	0	0	37	0	82641	0	.	0|0|1|37,0|0|0|0,1|37|2209|82641,0|0|0|0,0|.0|.,.|.
5HT2cR-ligated-N	186	187	A	2211	2211	0	2211	0	0	0	0	0	82014	0	0	0	.	1	0	0	0	0	0	37	0	0	0	.	2210	0	0	0	0	0	81977	0	0	0	.	1|37|2210|81977,0|0|0|0,0|0|0|0,0|0|0|0,0|.0|.,.|.
5HT2cR-ligated-N	187	188	C	2211	2210	1	0	2210	0	1	0	0	0	82041	0	37	.	0	1	0	0	0	0	0	37	0	0	.	0	2209	0	1	0	0	0	82004	0	37	.	0|0|0|0,1|37|2209|82004,0|0|0|0,0|0|1|37,0|.0|.,.|.
5HT2cR-ligated-N	188	189	G	2211	1915	296	0	0	1915	296	0	0	0	0	70898	11166	.	0	0	1	0	0	0	0	0	35	0	.	0	0	1914	296	0	0	0	0	70863	11166	.	0|0|0|0,0|0|0|0,1|35|1914|70863,0|0|296|11166,0|.0|.,.|.
5HT2cR-ligated-N	189	190	T	2211	1834	377	377	0	0	1834	0	0	14100	0	0	67697	.	0	0	0	1	0	0	0	0	0	32	.	377	0	0	1833	0	0	14100	0	0	67665	.	0|0|377|14100,0|0|0|0,0|0|0|0,1|32|1833|67665,0|.0|.,.|.
5HT2cR-ligated-N	190	191	C	2211	2210	1	1	2210	0	0	0	0	3	81424	0	0	.	0	1	0	0	0	0	0	36	0	0	.	1	2209	0	0	0	0	3	81388	0	0	.	0|0|1|3,1|36|2209|81388,0|0|0|0,0|0|0|0,0|.0|.,.|.
5HT2cR-ligated-N	191	192	G	2211	2211	0	0	0	2211	0	0	0	0	0	83256	0	.	0	0	1	0	0	0	0	0	38	0	.	0	0	2210	0	0	0	0	0	83218	0	.	0|0|0|0,0|0|0|0,1|38|2210|83218,0|0|0|0,0|.0|.,.|.
5HT2cR-ligated-N	192	193	A	1904	1904	0	1904	0	0	0	0	0	72119	0	0	0	.	1	0	0	0	0	0	15	0	0	0	.	1903	0	0	0	0	0	72104	0	0	0	.	1|15|1903|72104,0|0|0|0,0|0|0|0,0|0|0|0,0|.0|.,.|.
5HT2cR-ligated-N	193	194	C	1904	1904	0	0	1904	0	0	0	0	0	72657	0	0	.	0	1	0	0	0	0	0	15	0	0	.	0	1903	0	0	0	0	0	72642	0	0	.	0|0|0|0,1|15|1903|72642,0|0|0|0,0|0|0|0,0|.0|.,.|.
5HT2cR-ligated-N	194	195	T	1904	1904	0	0	0	0	1904	0	0	0	0	0	72756	.	0	0	0	1	0	0	0	0	0	13	.	0	0	0	1903	0	0	0	0	0	72743	.	0|0|0|0,0|0|0|0,0|0|0|0,1|13|1903|72743,0|.0|.,.|.
5HT2cR-ligated-N	195	196	G	1904	1903	1	1	0	1903	0	0	0	39	0	72973	0	.	0	0	1	0	0	0	0	0	30	0	.	1	0	1902	0	0	0	39	0	72943	0	.	0|0|1|39,0|0|0|0,1|30|1902|72943,0|0|0|0,0|.0|.,.|.
5HT2cR-ligated-N	196	197	G	1904	1904	0	0	0	1904	0	0	0	0	0	72486	0	.	0	0	1	0	0	0	0	0	15	0	.	0	0	1903	0	0	0	0	0	72471	0	.	0|0|0|0,0|0|0|0,1|15|1903|72471,0|0|0|0,0|.0|.,.|.
5HT2cR-ligated-N	197	198	T	1904	1904	0	0	0	0	1904	0	0	0	0	0	72545	.	0	0	0	1	0	0	0	0	0	16	.	0	0	0	1903	0	0	0	0	0	72529	.	0|0|0|0,0|0|0|0,0|0|0|0,1|16|1903|72529,0|.0|.,.|.
5HT2cR-ligated-N	198	199	A	1904	1904	0	1904	0	0	0	0	0	73118	0	0	0	.	1	0	0	0	0	0	33	0	0	0	.	1903	0	0	0	0	0	73085	0	0	0	.	1|33|1903|73085,0|0|0|0,0|0|0|0,0|0|0|0,0|.0|.,.|.
5HT2cR-ligated-N	199	200	A	1904	1903	1	1903	0	0	1	0	0	72570	0	0	39	.	1	0	0	0	0	0	37	0	0	0	.	1902	0	0	1	0	0	72533	0	0	39	.	1|37|1902|72533,0|0|0|0,0|0|0|0,0|0|1|39,0|.0|.,.|.
5HT2cR-ligated-N	200	201	C	1904	1903	1	1	1903	0	0	0	0	14	72938	0	0	.	0	1	0	0	0	0	0	38	0	0	.	1	1902	0	0	0	0	14	72900	0	0	.	0|0|1|14,1|38|1902|72900,0|0|0|0,0|0|0|0,0|.0|.,.|.
5HT2cR-ligated-N	201	202	A	1904	1904	0	1904	0	0	0	0	0	72776	0	0	0	.	1	0	0	0	0	0	16	0	0	0	.	1903	0	0	0	0	0	72760	0	0	0	.	1|16|1903|72760,0|0|0|0,0|0|0|0,0|0|0|0,0|.0|.,.|.
5HT2cR-ligated-N	202	203	T	1904	1904	0	0	0	0	1904	0	0	0	0	0	71262	.	0	0	0	1	0	0	0	0	0	33	.	0	0	0	1903	0	0	0	0	0	71229	.	0|0|0|0,0|0|0|0,0|0|0|0,1|33|1903|71229,0|.0|.,.|.
5HT2cR-ligated-N	203	204	T	1904	1904	0	0	0	0	1904	0	0	0	0	0	70970	.	0	0	0	1	0	0	0	0	0	38	.	0	0	0	1903	0	0	0	0	0	70932	.	0|0|0|0,0|0|0|0,0|0|0|0,1|38|1903|70932,0|.0|.,.|.
5HT2cR-ligated-N	204	205	T	1904	1903	1	0	0	1	1903	0	0	0	0	2	70568	.	0	0	0	1	0	0	0	0	0	39	.	0	0	1	1902	0	0	0	0	2	70529	.	0|0|0|0,0|0|0|0,0|0|1|2,1|39|1902|70529,0|.0|.,.|.
5HT2cR-ligated-N	205	206	G	1904	1902	2	0	0	1902	1	1	0	0	0	71437	2	.	0	0	1	0	0	0	0	0	39	0	.	0	0	1901	1	1	0	0	0	71398	2	.	0|0|0|0,0|0|0|0,1|39|1901|71398,0|0|1|2,0|.1|.,.|.
5HT2cR-ligated-N	206	207	C	1904	1901	3	1	1901	1	0	1	0	5	71126	37	0	.	0	1	0	0	0	0	0	38	0	0	.	1	1900	1	0	1	0	5	71088	37	0	.	0|0|1|5,1|38|1900|71088,0|0|1|37,0|0|0|0,0|.1|.,.|.
5HT2cR-ligated-N	207	208	G	1904	1904	0	0	0	1904	0	0	0	0	0	72580	0	.	0	0	1	0	0	0	0	0	15	0	.	0	0	1903	0	0	0	0	0	72565	0	.	0|0|0|0,0|0|0|0,1|15|1903|72565,0|0|0|0,0|.0|.,.|.
5HT2cR-ligated-N	208	209	T	1904	1464	440	0	0	0	1464	440	0	0	0	0	56180	.	0	0	0	1	0	0	0	0	0	15	.	0	0	0	1463	440	0	0	0	0	56165	.	0|0|0|0,0|0|0|0,0|0|0|0,1|15|1463|56165,0|.440|.,.|.
5HT2cR-ligated-N	209	210	T	1903	1461	442	0	1	1	1461	440	0	0	13	39	55811	.	0	1	0	0	0	0	0	13	0	0	.	0	0	1	1461	440	0	0	0	39	55811	.	0|0|0|0,1|13|0|0,0|0|1|39,0|0|1461|55811,0|.440|.,.|.
5HT2cR-ligated-N	210	211	T	1902	1901	1	0	1	0	1901	0	0	0	38	0	71111	.	0	0	0	1	0	0	0	0	0	33	.	0	1	0	1900	0	0	0	38	0	71078	.	0|0|0|0,0|0|1|38,0|0|0|0,1|33|1900|71078,0|.0|.,.|.
5HT2cR-ligated-N	211	212	G	1902	1902	0	0	0	1902	0	0	0	0	0	71271	0	.	0	0	1	0	0	0	0	0	32	0	.	0	0	1901	0	0	0	0	0	71239	0	.	0|0|0|0,0|0|0|0,1|32|1901|71239,0|0|0|0,0|.0|.,.|.
5HT2cR-ligated-N	212	213	A	1902	1902	0	1902	0	0	0	0	0	71017	0	0	0	.	1	0	0	0	0	0	16	0	0	0	.	1901	0	0	0	0	0	71001	0	0	0	.	1|16|1901|71001,0|0|0|0,0|0|0|0,0|0|0|0,0|.0|.,.|.
5HT2cR-ligated-N	213	214	T	1902	1537	365	0	1	364	1537	0	0	0	38	13573	56902	.	0	0	0	1	0	0	0	0	0	35	.	0	1	364	1536	0	0	0	38	13573	56867	.	0|0|0|0,0|0|1|38,0|0|364|13573,1|35|1536|56867,0|.0|.,.|.
5HT2cR-ligated-N	214	215	C	1902	1902	0	0	1902	0	0	0	0	0	70878	0	0	.	0	1	0	0	0	0	0	16	0	0	.	0	1901	0	0	0	0	0	70862	0	0	.	0|0|0|0,1|16|1901|70862,0|0|0|0,0|0|0|0,0|.0|.,.|.
5HT2cR-ligated-N	215	216	G	1902	1902	0	0	0	1902	0	0	0	0	0	71528	0	.	0	0	1	0	0	0	0	0	14	0	.	0	0	1901	0	0	0	0	0	71514	0	.	0|0|0|0,0|0|0|0,1|14|1901|71514,0|0|0|0,0|.0|.,.|.
5HT2cR-ligated-N	216	217	G	1902	1902	0	0	0	1902	0	0	0	0	0	71421	0	.	0	0	1	0	0	0	0	0	14	0	.	0	0	1901	0	0	0	0	0	71407	0	.	0|0|0|0,0|0|0|0,1|14|1901|71407,0|0|0|0,0|.0|.,.|.
5HT2cR-ligated-N	217	218	G	1901	1901	0	0	0	1901	0	0	0	0	0	70991	0	.	0	0	1	0	0	0	0	0	32	0	.	0	0	1900	0	0	0	0	0	70959	0	.	0|0|0|0,0|0|0|0,1|32|1900|70959,0|0|0|0,0|.0|.,.|.
