chrom	start	end	ref	depth	r_depth	a_depth	num_A	num_C	num_G	num_T	num_D	num_I	totQ_A	totQ_C	totQ_G	totQ_T	all_ins	num_F_A	num_F_C	num_F_G	num_F_T	num_F_D	num_F_I	totQ_F_A	totQ_F_C	totQ_F_G	totQ_F_T	all_F_ins	num_R_A	num_R_C	num_R_G	num_R_T	num_R_D	num_R_I	totQ_R_A	totQ_R_C	totQ_R_G	totQ_R_T	all_R_ins	sample_1
5HT2cR-ligated-N	0	1	G	1227	1227	0	0	0	1227	0	0	0	0	0	39830	0	.	0	0	747	0	0	0	0	0	24115	0	.	0	0	480	0	0	0	0	0	15715	0	.	0|0|0|0,0|0|0|0,747|24115|480|15715,0|0|0|0,0|.0|.,.|.
5HT2cR-ligated-N	1	2	G	2076	2076	0	0	0	2076	0	0	0	0	0	67609	0	.	0	0	1590	0	0	0	0	0	51770	0	.	0	0	486	0	0	0	0	0	15839	0	.	0|0|0|0,0|0|0|0,1590|51770|486|15839,0|0|0|0,0|.0|.,.|.
5HT2cR-ligated-N	2	3	C	2149	2149	0	0	2149	0	0	0	0	0	70744	0	0	.	0	1662	0	0	0	0	0	54642	0	0	.	0	487	0	0	0	0	0	16102	0	0	.	0|0|0|0,1662|54642|487|16102,0|0|0|0,0|0|0|0,0|.0|.,.|.
5HT2cR-ligated-N	3	4	T	2180	2177	3	1	2	0	2177	0	0	33	64	0	72434	.	1	1	0	1690	0	0	33	35	0	56151	.	0	1	0	487	0	0	0	29	0	16283	.	1|33|0|0,1|35|1|29,0|0|0|0,1690|56151|487|16283,0|.0|.,.|.
5HT2cR-ligated-N	4	5	G	2282	2280	2	0	0	2280	2	0	0	0	0	76341	39	.	0	0	1789	2	0	0	0	0	59778	39	.	0	0	491	0	0	0	0	0	16563	0	.	0|0|0|0,0|0|0|0,1789|59778|491|16563,2|39|0|0,0|.0|.,.|.
5HT2cR-ligated-N	5	6	G	2289	2289	0	0	0	2289	0	0	0	0	0	77108	0	.	0	0	1797	0	0	0	0	0	60416	0	.	0	0	492	0	0	0	0	0	16692	0	.	0|0|0|0,0|0|0|0,1797|60416|492|16692,0|0|0|0,0|.0|.,.|.
5HT2cR-ligated-N	6	7	A	2293	2289	4	2289	0	4	0	0	0	82850	0	64	0	.	1801	0	0	0	0	0	65167	0	0	0	.	488	0	4	0	0	0	17683	0	64	0	.	1801|65167|488|17683,0|0|0|0,0|0|4|64,0|0|0|0,0|.0|.,.|.
5HT2cR-ligated-N	7	8	T	2293	2292	1	0	1	0	2292	0	0	0	19	0	83681	.	0	0	0	1801	0	0	0	0	0	65650	.	0	1	0	491	0	0	0	19	0	18031	.	0|0|0|0,0|0|1|19,0|0|0|0,1801|65650|491|18031,0|.0|.,.|.
5HT2cR-ligated-N	8	9	C	2293	2292	1	0	2292	0	1	0	0	0	84163	0	19	.	0	1801	0	0	0	0	0	66087	0	0	.	0	491	0	1	0	0	0	18076	0	19	.	0|0|0|0,1801|66087|491|18076,0|0|0|0,0|0|1|19,0|.0|.,.|.
5HT2cR-ligated-N	9	10	G	2294	2293	1	1	0	2293	0	0	0	19	0	77335	0	.	1	0	1801	0	0	0	19	0	60698	0	.	0	0	492	0	0	0	0	0	16637	0	.	1|19|0|0,0|0|0|0,1801|60698|492|16637,0|0|0|0,0|.0|.,.|.
5HT2cR-ligated-N	10	11	G	2300	2298	2	1	1	2298	0	0	0	32	34	77825	0	.	0	1	1807	0	0	0	0	34	61158	0	.	1	0	491	0	0	0	32	0	16667	0	.	0|0|1|32,1|34|0|0,1807|61158|491|16667,0|0|0|0,0|.0|.,.|.
5HT2cR-ligated-N	11	12	T	2300	2294	6	0	2	4	2294	0	0	0	49	90	74129	.	0	1	0	1807	0	0	0	33	0	58093	.	0	1	4	487	0	0	0	16	90	16036	.	0|0|0|0,1|33|1|16,0|0|4|90,1807|58093|487|16036,0|.0|.,.|.
5HT2cR-ligated-N	12	13	A	2302	2299	3	2299	3	0	0	0	0	80173	50	0	0	.	1807	3	0	0	0	0	61803	50	0	0	.	492	0	0	0	0	0	18370	0	0	0	.	1807|61803|492|18370,3|50|0|0,0|0|0|0,0|0|0|0,0|.0|.,.|.
5HT2cR-ligated-N	13	14	T	2306	2305	1	1	0	0	2305	0	0	37	0	0	85714	.	1	0	0	1813	0	0	37	0	0	67303	.	0	0	0	492	0	0	0	0	0	18411	.	1|37|0|0,0|0|0|0,0|0|0|0,1813|67303|492|18411,0|.0|.,.|.
5HT2cR-ligated-N	14	15	G	2310	2310	0	0	0	2310	0	0	1	0	0	87183	0	.	0	0	1816	0	0	1	0	0	68609	0	T	0	0	494	0	0	0	0	0	18574	0	.	0|0|0|0,0|0|0|0,1816|68609|494|18574,0|0|0|0,0|.0|.,T|.
5HT2cR-ligated-N	15	16	T	2311	2310	1	1	0	0	2310	0	2	38	0	0	87257	.	1	0	0	1816	0	2	38	0	0	68574	A,A	0	0	0	494	0	0	0	0	0	18683	.	1|38|0|0,0|0|0|0,0|0|0|0,1816|68574|494|18683,0|.0|.,A,A|.
5HT2cR-ligated-N	16	17	A	2312	2303	9	2303	1	3	4	1	6	86833	21	105	135	G,G,GCAG,G,GG	1810	1	3	3	1	5	68235	21	105	97	G,G,GCAG,G,G	493	0	0	1	0	1	18598	0	0	38	G	1810|68235|493|18598,1|21|0|0,3|105|0|0,3|97|1|38,1|.0|.,G,G,GCAG,G,G|G
5HT2cR-ligated-N	17	18	G	2318	2303	15	10	2	2303	2	1	1	383	76	86994	76	.	5	2	1814	2	1	1	190	76	68478	76	C	5	0	489	0	0	0	193	0	18516	0	.	5|190|5|193,2|76|0|0,1814|68478|489|18516,2|76|0|0,1|.0|.,C|.
5HT2cR-ligated-N	18	19	C	2324	2317	7	2	2317	1	1	3	1	43	87802	16	38	.	2	1820	0	1	3	1	43	68980	0	38	A	0	497	1	0	0	0	0	18822	16	0	.	2|43|0|0,1820|68980|497|18822,0|0|1|16,1|38|0|0,3|.0|.,A|.
5HT2cR-ligated-N	19	20	A	2327	2321	6	2321	0	2	0	4	4	87812	0	55	0	.	1824	0	2	0	3	4	69060	0	55	0	G,G,G,G	497	0	0	0	1	0	18752	0	0	0	.	1824|69060|497|18752,0|0|0|0,2|55|0|0,0|0|0|0,3|.1|.,G,G,G,G|.
5HT2cR-ligated-N	20	21	N	2327	0	2327	98	1	2214	8	6	0	3673	38	83916	284	.	80	0	1736	7	6	0	2992	0	65841	246	.	18	1	478	1	0	0	681	38	18075	38	.	80|2992|18|681,0|0|1|38,1736|65841|478|18075,7|246|1|38,6|.0|.,.|.
5HT2cR-ligated-N	21	22	T	2332	2321	11	1	5	0	2321	5	3	38	185	0	87511	.	1	5	0	1825	3	3	38	185	0	68854	A,TTGAGCATAG,A	0	0	0	496	2	0	0	0	0	18657	.	1|38|0|0,5|185|0|0,0|0|0|0,1825|68854|496|18657,3|.2|.,A,TTGAGCATAG,A|.
5HT2cR-ligated-N	22	23	N	2332	0	2332	2324	3	0	0	5	0	88660	117	0	0	.	1826	3	0	0	5	0	69374	117	0	0	.	498	0	0	0	0	0	19286	0	0	0	.	1826|69374|498|19286,3|117|0|0,0|0|0|0,0|0|0|0,5|.0|.,.|.
5HT2cR-ligated-N	23	24	C	2335	2327	8	4	2327	0	2	2	8	112	90049	0	78	G,G,G,A,G,GG,G	1	1832	0	2	2	6	39	70903	0	78	G,G,G,A,G,G	3	495	0	0	0	2	73	19146	0	0	G,G	1|39|3|73,1832|70903|495|19146,0|0|0|0,2|78|0|0,2|.0|.,G,G,G,A,G,G|G,G
5HT2cR-ligated-N	24	25	G	2335	2303	32	24	3	2303	1	4	1	907	95	87184	39	.	16	2	1815	1	3	1	595	78	68741	39	T	8	1	488	0	1	0	312	17	18443	0	.	16|595|8|312,2|78|1|17,1815|68741|488|18443,1|39|0|0,3|.1|.,T|.
5HT2cR-ligated-N	25	26	T	2335	2322	13	1	4	1	2322	7	1	38	150	16	89712	.A	1	3	0	1827	6	0	38	112	0	70762	.	0	1	1	495	1	1	0	38	16	18950	A	1|38|0|0,3|112|1|38,0|0|1|16,1827|70762|495|18950,6|.1|.,.|A
5HT2cR-ligated-N	26	27	N	2335	0	2335	2325	0	2	1	7	0	89956	0	78	39	.	1830	0	1	1	5	0	70887	0	39	39	.	495	0	1	0	2	0	19069	0	39	0	.	1830|70887|495|19069,0|0|0|0,1|39|1|39,1|39|0|0,5|.2|.,.|.
5HT2cR-ligated-N	27	28	N	2335	0	2335	2324	1	0	4	6	0	89707	19	0	151	.	1827	1	0	4	5	0	70559	19	0	151	.	497	0	0	0	1	0	19148	0	0	0	.	1827|70559|497|19148,1|19|0|0,0|0|0|0,4|151|0|0,5|.1|.,.|.
5HT2cR-ligated-N	28	29	T	2353	2343	10	1	2	0	2343	7	3	16	55	0	88424	C,CCC	0	2	0	1845	5	2	0	55	0	69694	C,C	1	0	0	498	2	1	16	0	0	18730	CC	0|0|1|16,2|55|0|0,0|0|0|0,1845|69694|498|18730,5|.2|.,C,C|CC
5HT2cR-ligated-N	29	30	C	2363	2347	16	1	2347	0	2	13	1	39	90877	0	33	.	1	1846	0	0	10	1	39	71568	0	0	TATTGA	0	501	0	2	3	0	0	19309	0	33	.	1|39|0|0,1846|71568|501|19309,0|0|0|0,0|0|2|33,10|.3|.,TATTGA|.
5HT2cR-ligated-N	30	31	C	2365	2359	6	0	2359	2	1	3	1	0	91450	77	39	.	0	1851	2	1	3	1	0	71801	77	39	T	0	508	0	0	0	0	0	19649	0	0	.	0|0|0|0,1851|71801|508|19649,2|77|0|0,1|39|0|0,3|.0|.,T|.
5HT2cR-ligated-N	31	32	T	2375	2366	9	2	1	0	2366	6	6	78	39	0	91762	A,ATTGAGCATAGC,A,A,ATTGAGCATAGCA	2	1	0	1851	5	5	78	39	0	71941	A,ATTGAGCATAGC,A,A,ATTGAGCATAGC	0	0	0	515	1	1	0	0	0	19821	A	2|78|0|0,1|39|0|0,0|0|0|0,1851|71941|515|19821,5|.1|.,A,ATTGAGCATAGC,A,A,ATTGAGCATAGC|A
5HT2cR-ligated-N	32	33	N	2375	0	2375	2365	3	0	3	4	0	91577	93	0	117	.	1851	2	0	2	4	0	71836	78	0	78	.	514	1	0	1	0	0	19741	15	0	39	.	1851|71836|514|19741,2|78|1|15,0|0|0|0,2|78|1|39,4|.0|.,.|.
5HT2cR-ligated-N	33	34	T	2380	2372	8	1	2	1	2372	4	4	39	78	39	92139	TGAGCATAGCC,TGAGCATAGCCTGAGCATAGCCTAGC,TGAGCATAGCC	1	2	1	1855	4	2	39	78	39	72153	TGAGCATAGCC,TGAGCATAGCC	0	0	0	517	0	2	0	0	0	19986	TGAGCATAGCCTAGC,TGAGCATAGCC	1|39|0|0,2|78|0|0,1|39|0|0,1855|72153|517|19986,4|.0|.,TGAGCATAGCC,TGAGCATAGCC|TGAGCATAGCCTAGC,TGAGCATAGCC
5HT2cR-ligated-N	34	35	T	2383	2379	4	0	2	0	2379	2	11	0	78	0	92427	.	0	1	0	1863	2	11	0	39	0	72388	G,G,GAGCATAGCC,GAGCATAGCC,GAGCATAGCC,G,G,GAGCATAGCCA,GAGCATAGCC,G,G	0	1	0	516	0	0	0	39	0	20039	.	0|0|0|0,1|39|1|39,0|0|0|0,1863|72388|516|20039,2|.0|.,G,G,GAGCATAGCC,GAGCATAGCC,GAGCATAGCC,G,G,GAGCATAGCCA,GAGCATAGCC,G,G|.
5HT2cR-ligated-N	35	36	G	2385	2354	31	17	0	2354	9	5	4	656	0	90999	303	.	15	0	1846	4	3	4	578	0	71472	156	A,AGCATAGCCAT,A,A	2	0	508	5	2	0	78	0	19527	147	.	15|578|2|78,0|0|0|0,1846|71472|508|19527,4|156|5|147,3|.2|.,A,AGCATAGCCAT,A,A|.
5HT2cR-ligated-N	36	37	A	2392	2387	5	2387	0	1	1	3	7	91891	0	36	39	G,G,G,G,G,GCATAACCG	1870	0	1	1	2	6	72167	0	36	39	G,G,G,G,G,GCATAACC	517	0	0	0	1	1	19724	0	0	0	G	1870|72167|517|19724,0|0|0|0,1|36|0|0,1|39|0|0,2|.1|.,G,G,G,G,G,GCATAACC|G
5HT2cR-ligated-N	37	38	G	2397	2368	29	20	2	2368	1	6	16	780	78	90774	39	CATAGCC,CATAGC,CATAGC,CATAGCC,CATAGCC,CATAGCC,C,CATAGCC,CATAGC,CATAGC,CATAGCC,CCATAGC,CATAGC,CATAGC,CATAGCC	17	1	1856	0	5	12	663	39	71395	0	CATAGCC,CATAGC,CATAGC,CATAGCC,CATAGCC,CATAGCC,C,CATAGCC,CATAGC,CATAGC,CATAGCC,C	3	1	512	1	1	4	117	39	19379	39	CATAGC,CATAGC,CATAGC,CATAGCC	17|663|3|117,1|39|1|39,1856|71395|512|19379,0|0|1|39,5|.1|.,CATAGCC,CATAGC,CATAGC,CATAGCC,CATAGCC,CATAGCC,C,CATAGCC,CATAGC,CATAGC,CATAGCC,C|CATAGC,CATAGC,CATAGC,CATAGCC
5HT2cR-ligated-N	38	39	C	2404	2386	18	1	2386	0	2	15	2	39	92125	0	77	.	1	1870	0	2	11	2	39	72365	0	77	ATAG,A	0	516	0	0	4	0	0	19760	0	0	.	1|39|0|0,1870|72365|516|19760,0|0|0|0,2|77|0|0,11|.4|.,ATAG,A|.
5HT2cR-ligated-N	39	40	A	2409	2383	26	2383	4	2	1	19	3	92207	86	68	39	T,TAGCCTAGCC	1871	1	2	1	12	2	72463	15	68	39	T,TAGCC	512	3	0	0	7	1	19744	71	0	0	TAGCC	1871|72463|512|19744,1|15|3|71,2|68|0|0,1|39|0|0,12|.7|.,T,TAGCC|TAGCC
5HT2cR-ligated-N	40	41	T	2419	2381	38	1	2	1	2381	34	7	38	78	39	92261	A,A,AGCCAGCC,AGCCGAGC,A,AGCC	1	2	0	1869	24	3	38	78	0	72512	A,A,AGCC	0	0	1	512	10	4	0	0	39	19749	AGCC,AGCCGAGC,A,AGCC	1|38|0|0,2|78|0|0,0|0|1|39,1869|72512|512|19749,24|.10|.,A,A,AGCC|AGCC,AGCCGAGC,A,AGCC
5HT2cR-ligated-N	41	42	A	2423	2396	27	2396	0	0	2	25	2	92477	0	0	78	.	1881	0	0	1	18	2	72767	0	0	39	GCCGGTAGAAATT,G	515	0	0	1	7	0	19710	0	0	39	.	1881|72767|515|19710,0|0|0|0,0|0|0|0,1|39|1|39,18|.7|.,GCCGGTAGAAATT,G|.
5HT2cR-ligated-N	42	43	G	2429	2396	33	8	0	2396	1	24	23	288	0	92334	39	C,C,CCGAGCATAT,CC,CCGAATTGAAA,CCCCC,CCGTATTGAAAC,CC,CCGAAA,CC,CCAAC,C,C,CCGAGCATA,CCAGC,C,CCATAGCCGAAA,C,CCC,CCAGC,CCGAAA,CC	6	0	1880	1	19	19	233	0	72664	39	C,C,CCGAGCATAT,CC,CCGAATTGAAA,CCCCC,CCGTATTGAAAC,CC,CCGAAA,CC,CCAAC,C,C,CCGAGCATA,CCAGC,C,CCATAGCCGAAA,C,C	2	0	516	0	5	4	55	0	19670	0	CC,CCAGC,CCGAAA,CC	6|233|2|55,0|0|0|0,1880|72664|516|19670,1|39|0|0,19|.5|.,C,C,CCGAGCATAT,CC,CCGAATTGAAA,CCCCC,CCGTATTGAAAC,CC,CCGAAA,CC,CCAAC,C,C,CCGAGCATA,CCAGC,C,CCATAGCCGAAA,C,C|CC,CCAGC,CCGAAA,CC
5HT2cR-ligated-N	43	44	C	2436	2364	72	1	2364	0	1	70	13	39	91333	0	39	CAG,ATA,CA,CGCCGCTGCAATT,CGCAAT,CAAATAAAA,CTAG,CGCCGAAAGCATAG,CGAG,CAG,CGGTCGA,CTGTAGCAGTA	0	1854	0	1	56	8	0	71750	0	39	CAG,ATA,CA,CGCCGCTGCAATT,CGCAAT,CAAATAAAA,CTAG,CGCCGAAAG	1	510	0	0	14	5	39	19583	0	0	CATAG,CGAG,CAG,CGGTCGA,CTGTAGCAGTA	0|0|1|39,1854|71750|510|19583,0|0|0|0,1|39|0|0,56|.14|.,CAG,ATA,CA,CGCCGCTGCAATT,CGCAAT,CAAATAAAA,CTAG,CGCCGAAAG|CATAG,CGAG,CAG,CGGTCGA,CTGTAGCAGTA
5HT2cR-ligated-N	44	45	C	2443	2412	31	3	2412	2	1	25	96	116	93339	53	18	T,ACGACTCACTATA,TA,AGCATA,G,TTA,GGCCT,G,A,A,AA,GACTCACTATA,G,A,A,T,CCTATAG,AA,A,ACTATA,A,A,A,AGTACGTAA,AT,G,G,ACCTAT,A,TAAT,G,T,A,ACCCGCGAATTGAA,A,GA,AATAGCG,ATAGCCA,A,G,ATAGGCCAAAAAGTTT,A,A,GCCTAT,GAAACCT,A,GT,GCCTAT,GGGCCGCT,G,G,GAGCAT,G,GT,GCCAAAAAAAA,G,A,A,GTAATACGACTCACTATA,CGCTGCAATTCTT,A,GACCCACTATA,A,G,GAG,G,G,G,G,TTT,A,G,AA,ACGACTCACTATA,A,TTCA,AG,G,GACTCACTATA,G,G,A,A,G,GGCATAA,GA,G,GAAATTGCCCAAAA,CA,TG,A,G,A,A,A	2	1896	1	1	16	77	78	73479	39	18	T,ACGACTCACTATA,TA,AGCATA,G,TTA,GGCCT,G,A,A,AA,GACTCACTATA,G,A,A,T,CCTATAG,AA,A,ACTATA,A,A,A,AGTACGTAA,AT,G,G,ACCTAT,A,TAAT,G,T,A,ACCCGCGAATTGAA,A,GA,AATAGCG,ATAGCCA,A,G,ATAGGCCAAAAAGTTT,A,A,GCCTAT,GAAACCT,A,GT,GCCTAT,GGGCCGCT,G,G,GAGCAT,G,GT,GCCAAAAAAAA,G,A,A,GTAATACGACTCACTATA,CGCTGCAATTCTT,A,GACCCACTATA,A,G,GAG,G,G,G,G,TTT,A,G,AA,ACGACTCACTATA,A,TTCA,A	1	516	1	0	9	19	38	19860	14	0	G,G,GACTCACTATA,G,G,A,A,G,GGCATAA,GA,G,GAAATTGCCCAAAA,CA,TG,A,G,A,A,A	2|78|1|38,1896|73479|516|19860,1|39|1|14,1|18|0|0,16|.9|.,T,ACGACTCACTATA,TA,AGCATA,G,TTA,GGCCT,G,A,A,AA,GACTCACTATA,G,A,A,T,CCTATAG,AA,A,ACTATA,A,A,A,AGTACGTAA,AT,G,G,ACCTAT,A,TAAT,G,T,A,ACCCGCGAATTGAA,A,GA,AATAGCG,ATAGCCA,A,G,ATAGGCCAAAAAGTTT,A,A,GCCTAT,GAAACCT,A,GT,GCCTAT,GGGCCGCT,G,G,GAGCAT,G,GT,GCCAAAAAAAA,G,A,A,GTAATACGACTCACTATA,CGCTGCAATTCTT,A,GACCCACTATA,A,G,GAG,G,G,G,G,TTT,A,G,AA,ACGACTCACTATA,A,TTCA,A|G,G,GACTCACTATA,G,G,A,A,G,GGCATAA,GA,G,GAAATTGCCCAAAA,CA,TG,A,G,A,A,A
5HT2cR-ligated-N	45	46	G	2455	2379	76	2	0	2379	3	71	9	78	0	89853	117	GAT,CT,CA,CAATTCC,C,CCGCTGCAATT,CCC,CATCCGCTGAGCC	1	0	1867	3	53	8	39	0	70568	117	GAT,CT,CA,CAATTCC,C,CCGCTGCAATT,CCC,CAT	1	0	512	0	18	1	39	0	19285	0	CCGCTGAGCC	1|39|1|39,0|0|0|0,1867|70568|512|19285,3|117|0|0,53|.18|.,GAT,CT,CA,CAATTCC,C,CCGCTGCAATT,CCC,CAT|CCGCTGAGCC
5HT2cR-ligated-N	46	47	G	2462	2419	43	2	3	2419	2	36	15	76	115	91365	77	T,T,T,T,T,T,T,T,T,TTT,T,T,T,T	2	3	1899	1	26	10	76	115	71737	39	T,T,T,T,T,T,T,T,T,T	0	0	520	1	10	5	0	0	19628	38	TT,T,T,T,T	2|76|0|0,3|115|0|0,1899|71737|520|19628,1|39|1|38,26|.10|.,T,T,T,T,T,T,T,T,T,T|TT,T,T,T,T
5HT2cR-ligated-N	47	48	T	2463	2374	89	1	2	5	2374	81	0	38	76	143	88810	.	1	1	3	1863	64	0	38	38	91	69686	.	0	1	2	511	17	0	0	38	52	19124	.	1|38|0|0,1|38|1|38,3|91|2|52,1863|69686|511|19124,64|.17|.,.|.
5HT2cR-ligated-N	48	49	T	2463	2437	26	0	2	0	2437	24	0	0	76	0	91936	.	0	1	0	1914	17	0	0	38	0	72174	.	0	1	0	523	7	0	0	38	0	19762	.	0|0|0|0,1|38|1|38,0|0|0|0,1914|72174|523|19762,17|.7|.,.|.
5HT2cR-ligated-N	49	50	T	2464	2438	26	3	0	1	2438	22	1	116	0	38	92303	.	3	0	0	1914	15	1	116	0	0	72449	C	0	0	1	524	7	0	0	0	38	19854	.	3|116|0|0,0|0|0|0,0|0|1|38,1914|72449|524|19854,15|.7|.,C|.
5HT2cR-ligated-N	50	51	C	2465	2434	31	1	2434	3	2	25	2	16	94368	117	28	.AA,A	0	1912	3	0	18	0	0	74187	117	0	.	1	522	0	2	7	2	16	20181	0	28	AA,A	0|0|1|16,1912|74187|522|20181,3|117|0|0,0|0|2|28,18|.7|.,.|AA,A
5HT2cR-ligated-N	51	52	A	2465	2407	58	2407	1	0	0	57	1	93315	39	0	0	.	1888	1	0	0	44	1	73271	39	0	0	GC	519	0	0	0	13	0	20044	0	0	0	.	1888|73271|519|20044,1|39|0|0,0|0|0|0,0|0|0|0,44|.13|.,GC|.
5HT2cR-ligated-N	52	53	A	2472	2448	24	2448	3	1	1	19	1	94288	94	37	39	.T	1921	3	1	1	14	0	74257	94	37	39	.	527	0	0	0	5	1	20031	0	0	0	T	1921|74257|527|20031,3|94|0|0,1|37|0|0,1|39|0|0,14|.5|.,.|T
5HT2cR-ligated-N	53	54	T	2473	2405	68	2	3	0	2405	63	0	58	116	0	93237	.	1	2	0	1895	43	0	20	77	0	73569	.	1	1	0	510	20	0	38	39	0	19668	.	1|20|1|38,2|77|1|39,0|0|0|0,1895|73569|510|19668,43|.20|.,.|.
5HT2cR-ligated-N	54	55	T	2473	2456	17	0	2	0	2456	15	0	0	77	0	95273	.	0	1	0	1928	12	0	0	39	0	74915	.	0	1	0	528	3	0	0	38	0	20358	.	0|0|0|0,1|39|1|38,0|0|0|0,1928|74915|528|20358,12|.3|.,.|.
5HT2cR-ligated-N	55	56	C	2474	2455	19	1	2455	0	4	14	2	39	95194	0	67	.	1	1927	0	0	13	2	39	74882	0	0	G,G	0	528	0	4	1	0	0	20312	0	67	.	1|39|0|0,1927|74882|528|20312,0|0|0|0,0|0|4|67,13|.1|.,G,G|.
5HT2cR-ligated-N	56	57	G	2474	2449	25	0	3	2449	6	16	0	0	94	92085	232	.	0	3	1923	3	12	0	0	94	72450	115	.	0	0	526	3	4	0	0	0	19635	117	.	0|0|0|0,3|94|0|0,1923|72450|526|19635,3|115|3|117,12|.4|.,.|.
5HT2cR-ligated-N	57	58	C	2477	2464	13	0	2464	1	0	12	2	0	93011	39	0	.	0	1933	1	0	10	2	0	73095	39	0	G,G	0	531	0	0	2	0	0	19916	0	0	.	0|0|0|0,1933|73095|531|19916,1|39|0|0,0|0|0|0,10|.2|.,G,G|.
5HT2cR-ligated-N	58	59	G	2477	2448	29	1	3	2448	10	15	0	38	114	92518	379	.	1	3	1919	9	12	0	38	114	72593	342	.	0	0	529	1	3	0	0	0	19925	37	.	1|38|0|0,3|114|0|0,1919|72593|529|19925,9|342|1|37,12|.3|.,.|.
5HT2cR-ligated-N	59	60	G	2482	2455	27	4	4	2455	5	14	0	150	152	92586	190	.	3	4	1926	3	11	0	112	152	72617	114	.	1	0	529	2	3	0	38	0	19969	76	.	3|112|1|38,4|152|0|0,1926|72617|529|19969,3|114|2|76,11|.3|.,.|.
5HT2cR-ligated-N	60	61	A	2485	2466	19	2466	0	5	2	12	0	92915	0	71	76	.	1937	0	1	2	10	0	72965	0	15	76	.	529	0	4	0	2	0	19950	0	56	0	.	1937|72965|529|19950,0|0|0|0,1|15|4|56,2|76|0|0,10|.2|.,.|.
5HT2cR-ligated-N	61	62	C	2490	2451	39	1	2451	0	5	33	0	36	92633	0	190	.	1	1920	0	5	28	0	36	72606	0	190	.	0	531	0	0	5	0	0	20027	0	0	.	1|36|0|0,1920|72606|531|20027,0|0|0|0,5|190|0|0,28|.5|.,.|.
5HT2cR-ligated-N	62	63	T	2489	2482	7	2	2	0	2482	3	1	76	53	0	93979	.A	2	1	0	1947	3	0	76	39	0	73714	.	0	1	0	535	0	1	0	14	0	20265	A	2|76|0|0,1|39|1|14,0|0|0|0,1947|73714|535|20265,3|.0|.,.|A
5HT2cR-ligated-N	63	64	A	2489	2486	3	2486	0	0	0	3	0	96274	0	0	0	.	1950	0	0	0	3	0	75581	0	0	0	.	536	0	0	0	0	0	20693	0	0	0	.	1950|75581|536|20693,0|0|0|0,0|0|0|0,0|0|0|0,3|.0|.,.|.
5HT2cR-ligated-N	64	65	A	2493	2473	20	2473	0	17	0	3	0	95800	0	662	0	.	1940	0	14	0	3	0	75188	0	545	0	.	533	0	3	0	0	0	20612	0	117	0	.	1940|75188|533|20612,0|0|0|0,14|545|3|117,0|0|0|0,3|.0|.,.|.
5HT2cR-ligated-N	65	66	G	2498	2480	18	8	2	2480	4	4	0	260	78	95573	156	.	3	2	1950	3	4	0	117	78	75460	117	.	5	0	530	1	0	0	143	0	20113	39	.	3|117|5|143,2|78|0|0,1950|75460|530|20113,3|117|1|39,4|.0|.,.|.
5HT2cR-ligated-N	66	67	G	2505	2499	6	1	3	2499	1	1	0	39	117	96129	39	.	1	2	1963	1	1	0	39	78	75694	39	.	0	1	536	0	0	0	0	39	20435	0	.	1|39|0|0,2|78|1|39,1963|75694|536|20435,1|39|0|0,1|.0|.,.|.
5HT2cR-ligated-N	67	68	C	2518	2518	0	0	2518	0	0	0	0	0	97020	0	0	.	0	1981	0	0	0	0	0	76725	0	0	.	0	537	0	0	0	0	0	20295	0	0	.	0|0|0|0,1981|76725|537|20295,0|0|0|0,0|0|0|0,0|.0|.,.|.
5HT2cR-ligated-N	68	69	C	2529	2525	4	0	2525	0	3	1	0	0	96698	0	95	.	0	1986	0	2	1	0	0	76981	0	56	.	0	539	0	1	0	0	0	19717	0	39	.	0|0|0|0,1986|76981|539|19717,0|0|0|0,2|56|1|39,1|.0|.,.|.
5HT2cR-ligated-N	69	70	A	2530	2528	2	2528	0	0	0	2	0	97750	0	0	0	.	1989	0	0	0	2	0	76880	0	0	0	.	539	0	0	0	0	0	20870	0	0	0	.	1989|76880|539|20870,0|0|0|0,0|0|0|0,0|0|0|0,2|.0|.,.|.
5HT2cR-ligated-N	70	71	T	2532	2529	3	0	2	0	2529	1	0	0	54	0	95799	.	0	2	0	1989	1	0	0	54	0	75141	.	0	0	0	540	0	0	0	0	0	20658	.	0|0|0|0,2|54|0|0,0|0|0|0,1989|75141|540|20658,1|.0|.,.|.
5HT2cR-ligated-N	71	72	C	2542	2536	6	0	2536	0	5	1	0	0	86747	0	159	.	0	1996	0	5	1	0	0	66994	0	159	.	0	540	0	0	0	0	0	19753	0	0	.	0|0|0|0,1996|66994|540|19753,0|0|0|0,5|159|0|0,1|.0|.,.|.
5HT2cR-ligated-N	72	73	A	2542	2542	0	2542	0	0	0	0	0	98453	0	0	0	.	2002	0	0	0	0	0	77511	0	0	0	.	540	0	0	0	0	0	20942	0	0	0	.	2002|77511|540|20942,0|0|0|0,0|0|0|0,0|0|0|0,0|.0|.,.|.
5HT2cR-ligated-N	73	74	T	2555	2552	3	0	2	1	2552	0	0	0	76	39	98450	.	0	1	1	2012	0	0	0	37	39	77741	.	0	1	0	540	0	0	0	39	0	20709	.	0|0|0|0,1|37|1|39,1|39|0|0,2012|77741|540|20709,0|.0|.,.|.
5HT2cR-ligated-N	74	75	G	2559	2553	6	2	1	2553	3	0	0	78	39	88601	117	.	2	1	2012	3	0	0	78	39	68163	117	.	0	0	541	0	0	0	0	0	20438	0	.	2|78|0|0,1|39|0|0,2012|68163|541|20438,3|117|0|0,0|.0|.,.|.
5HT2cR-ligated-N	75	76	A	2565	2563	2	2563	0	2	0	0	0	99487	0	76	0	.	2026	0	1	0	0	0	78618	0	39	0	.	537	0	1	0	0	0	20869	0	37	0	.	2026|78618|537|20869,0|0|0|0,1|39|1|37,0|0|0|0,0|.0|.,.|.
5HT2cR-ligated-N	76	77	A	2568	2567	1	2567	0	0	1	0	0	99510	0	0	37	.	2029	0	0	1	0	0	78608	0	0	37	.	538	0	0	0	0	0	20902	0	0	0	.	2029|78608|538|20902,0|0|0|0,0|0|0|0,1|37|0|0,0|.0|.,.|.
5HT2cR-ligated-N	77	78	G	2575	2564	11	5	3	2564	3	0	0	85	85	88147	79	.	4	3	2027	1	0	0	46	85	68292	2	.	1	0	537	2	0	0	39	0	19855	77	.	4|46|1|39,3|85|0|0,2027|68292|537|19855,1|2|2|77,0|.0|.,.|.
5HT2cR-ligated-N	78	79	A	2580	2580	0	2580	0	0	0	0	0	100042	0	0	0	.	2041	0	0	0	0	0	79094	0	0	0	.	539	0	0	0	0	0	20948	0	0	0	.	2041|79094|539|20948,0|0|0|0,0|0|0|0,0|0|0|0,0|.0|.,.|.
5HT2cR-ligated-N	79	80	T	2581	2580	1	0	1	0	2580	0	0	0	39	0	94375	.	0	1	0	2041	0	0	0	39	0	73662	.	0	0	0	539	0	0	0	0	0	20713	.	0|0|0|0,1|39|0|0,0|0|0|0,2041|73662|539|20713,0|.0|.,.|.
5HT2cR-ligated-N	80	81	T	2580	2578	2	0	2	0	2578	0	0	0	78	0	100151	.	0	2	0	2039	0	0	0	78	0	79234	.	0	0	0	539	0	0	0	0	0	20917	.	0|0|0|0,2|78|0|0,0|0|0|0,2039|79234|539|20917,0|.0|.,.|.
5HT2cR-ligated-N	81	82	G	2581	2577	4	1	0	2577	3	0	0	4	0	96062	83	.	1	0	2039	2	0	0	4	0	75744	44	.	0	0	538	1	0	0	0	0	20318	39	.	1|4|0|0,0|0|0|0,2039|75744|538|20318,2|44|1|39,0|.0|.,.|.
5HT2cR-ligated-N	82	83	C	2588	2585	3	1	2585	0	2	0	0	39	98096	0	4	.	1	2050	0	1	0	0	39	77535	0	2	.	0	535	0	1	0	0	0	20561	0	2	.	1|39|0|0,2050|77535|535|20561,0|0|0|0,1|2|1|2,0|.0|.,.|.
5HT2cR-ligated-N	83	84	T	2593	2593	0	0	0	0	2593	0	0	0	0	0	100570	.	0	0	0	2056	0	0	0	0	0	79776	.	0	0	0	537	0	0	0	0	0	20794	.	0|0|0|0,0|0|0|0,0|0|0|0,2056|79776|537|20794,0|.0|.,.|.
5HT2cR-ligated-N	84	85	A	2596	2593	3	2593	0	0	3	0	1	84836	0	0	36	.	2055	0	0	3	0	1	63989	0	0	36	T	538	0	0	0	0	0	20847	0	0	0	.	2055|63989|538|20847,0|0|0|0,0|0|0|0,3|36|0|0,0|.0|.,T|.
5HT2cR-ligated-N	85	86	T	2600	2597	3	0	0	0	2597	3	0	0	0	0	100363	.	0	0	0	2059	3	0	0	0	0	79749	.	0	0	0	538	0	0	0	0	0	20614	.	0|0|0|0,0|0|0|0,0|0|0|0,2059|79749|538|20614,3|.0|.,.|.
5HT2cR-ligated-N	86	87	T	2598	2598	0	0	0	0	2598	0	0	0	0	0	100889	.	0	0	0	2062	0	0	0	0	0	80070	.	0	0	0	536	0	0	0	0	0	20819	.	0|0|0|0,0|0|0|0,0|0|0|0,2062|80070|536|20819,0|.0|.,.|.
5HT2cR-ligated-N	87	88	G	2602	2589	13	1	1	2589	10	1	1	5	39	97615	353	.	0	1	2055	9	0	1	0	39	77196	314	C	1	0	534	1	1	0	5	0	20419	39	.	0|0|1|5,1|39|0|0,2055|77196|534|20419,9|314|1|39,0|.1|.,C|.
5HT2cR-ligated-N	88	89	T	2598	2596	2	0	0	1	2596	1	0	0	0	39	100238	.	0	0	1	2062	0	0	0	0	39	79526	.	0	0	0	534	1	0	0	0	0	20712	.	0|0|0|0,0|0|0|0,1|39|0|0,2062|79526|534|20712,0|.1|.,.|.
5HT2cR-ligated-N	89	90	T	2597	2597	0	0	0	0	2597	0	0	0	0	0	100885	.	0	0	0	2064	0	0	0	0	0	80182	.	0	0	0	533	0	0	0	0	0	20703	.	0|0|0|0,0|0|0|0,0|0|0|0,2064|80182|533|20703,0|.0|.,.|.
5HT2cR-ligated-N	90	91	T	2596	2595	1	0	1	0	2595	0	0	0	39	0	100849	.	0	1	0	2063	0	0	0	39	0	80173	.	0	0	0	532	0	0	0	0	0	20676	.	0|0|0|0,1|39|0|0,0|0|0|0,2063|80173|532|20676,0|.0|.,.|.
5HT2cR-ligated-N	91	92	G	2601	2583	18	2	2	2583	8	6	0	40	60	87875	128	.	2	2	2053	6	4	0	40	60	67589	111	.	0	0	530	2	2	0	0	0	20286	17	.	2|40|0|0,2|60|0|0,2053|67589|530|20286,6|111|2|17,4|.2|.,.|.
5HT2cR-ligated-N	92	93	G	2608	2603	5	1	1	2603	3	0	0	3	39	96327	93	.	0	1	2072	2	0	0	0	39	76355	55	.	1	0	531	1	0	0	3	0	19972	38	.	0|0|1|3,1|39|0|0,2072|76355|531|19972,2|55|1|38,0|.0|.,.|.
5HT2cR-ligated-N	93	94	G	2608	2601	7	3	0	2601	4	0	0	117	0	96888	152	.	3	0	2068	4	0	0	117	0	76923	152	.	0	0	533	0	0	0	0	0	19965	0	.	3|117|0|0,0|0|0|0,2068|76923|533|19965,4|152|0|0,0|.0|.,.|.
5HT2cR-ligated-N	94	95	C	2617	2616	1	0	2616	0	1	0	0	0	99402	0	35	.	0	2083	0	0	0	0	0	79378	0	0	.	0	533	0	1	0	0	0	20024	0	35	.	0|0|0|0,2083|79378|533|20024,0|0|0|0,0|0|1|35,0|.0|.,.|.
5HT2cR-ligated-N	95	96	A	2616	2614	2	2614	0	1	0	1	0	99762	0	38	0	.	2081	0	1	0	1	0	79194	0	38	0	.	533	0	0	0	0	0	20568	0	0	0	.	2081|79194|533|20568,0|0|0|0,1|38|0|0,0|0|0|0,1|.0|.,.|.
5HT2cR-ligated-N	96	97	A	2622	2622	0	2622	0	0	0	0	1	98620	0	0	0	.	2090	0	0	0	0	1	78556	0	0	0	T	532	0	0	0	0	0	20064	0	0	0	.	2090|78556|532|20064,0|0|0|0,0|0|0|0,0|0|0|0,0|.0|.,T|.
5HT2cR-ligated-N	97	98	T	2623	2620	3	2	1	0	2620	0	0	8	3	0	100259	.	2	0	0	2089	0	0	8	0	0	79685	.	0	1	0	531	0	0	0	3	0	20574	.	2|8|0|0,0|0|1|3,0|0|0|0,2089|79685|531|20574,0|.0|.,.|.
5HT2cR-ligated-N	98	99	T	2623	2622	1	0	0	0	2622	1	0	0	0	0	101658	.	0	0	0	2090	1	0	0	0	0	81093	.	0	0	0	532	0	0	0	0	0	20565	.	0|0|0|0,0|0|0|0,0|0|0|0,2090|81093|532|20565,1|.0|.,.|.
5HT2cR-ligated-N	99	100	T	2625	2624	1	0	0	0	2624	1	0	0	0	0	101942	.	0	0	0	2092	1	0	0	0	0	81331	.	0	0	0	532	0	0	0	0	0	20611	.	0|0|0|0,0|0|0|0,0|0|0|0,2092|81331|532|20611,1|.0|.,.|.
5HT2cR-ligated-N	100	101	C	2626	2596	30	3	2596	0	25	2	0	116	77746	0	272	.	3	2069	0	21	2	0	116	58008	0	239	.	0	527	0	4	0	0	0	19738	0	33	.	3|116|0|0,2069|58008|527|19738,0|0|0|0,21|239|4|33,2|.0|.,.|.
5HT2cR-ligated-N	101	102	T	2627	2624	3	0	2	0	2624	1	0	0	60	0	101325	.	0	2	0	2094	1	0	0	60	0	80928	.	0	0	0	530	0	0	0	0	0	20397	.	0|0|0|0,2|60|0|0,0|0|0|0,2094|80928|530|20397,1|.0|.,.|.
5HT2cR-ligated-N	102	103	A	2629	2618	11	2618	0	0	10	1	0	78035	0	0	105	.	2089	0	0	8	1	0	58282	0	0	60	.	529	0	0	2	0	0	19753	0	0	45	.	2089|58282|529|19753,0|0|0|0,0|0|0|0,8|60|2|45,1|.0|.,.|.
5HT2cR-ligated-N	103	104	T	2632	2628	4	3	0	0	2628	1	0	57	0	0	100728	.	2	0	0	2099	1	0	43	0	0	80555	.	1	0	0	529	0	0	14	0	0	20173	.	2|43|1|14,0|0|0|0,0|0|0|0,2099|80555|529|20173,1|.0|.,.|.
5HT2cR-ligated-N	104	105	A	2635	2624	11	2624	0	0	9	2	0	81811	0	0	159	.	2097	0	0	6	2	0	61986	0	0	66	.	527	0	0	3	0	0	19825	0	0	93	.	2097|61986|527|19825,0|0|0|0,0|0|0|0,6|66|3|93,2|.0|.,.|.
5HT2cR-ligated-N	105	106	G	2644	2630	14	3	2	2630	7	2	0	80	77	98197	231	.	2	1	2101	7	2	0	41	39	78123	231	.	1	1	529	0	0	0	39	38	20074	0	.	2|41|1|39,1|39|1|38,2101|78123|529|20074,7|231|0|0,2|.0|.,.|.
5HT2cR-ligated-N	106	107	G	2656	2639	17	3	5	2639	8	1	0	78	178	99718	136	.	3	3	2111	6	1	0	78	100	79534	95	.	0	2	528	2	0	0	0	78	20184	41	.	3|78|0|0,3|100|2|78,2111|79534|528|20184,6|95|2|41,1|.0|.,.|.
5HT2cR-ligated-N	107	108	T	2659	2657	2	0	0	0	2657	2	0	0	0	0	100798	.	0	0	0	2126	2	0	0	0	0	80496	.	0	0	0	531	0	0	0	0	0	20302	.	0|0|0|0,0|0|0|0,0|0|0|0,2126|80496|531|20302,2|.0|.,.|.
5HT2cR-ligated-N	108	109	A	2661	2650	11	2650	0	1	6	4	0	97688	0	6	13	.	2118	0	1	6	3	0	77121	0	6	13	.	532	0	0	0	1	0	20567	0	0	0	.	2118|77121|532|20567,0|0|0|0,1|6|0|0,6|13|0|0,3|.1|.,.|.
5HT2cR-ligated-N	109	110	A	2661	2656	5	2656	0	1	1	3	0	102648	0	39	39	.	2125	0	1	0	3	0	82110	0	39	0	.	531	0	0	1	0	0	20538	0	0	39	.	2125|82110|531|20538,0|0|0|0,1|39|0|0,0|0|1|39,3|.0|.,.|.
5HT2cR-ligated-N	110	111	A	2666	2662	4	2662	0	1	0	3	0	102324	0	39	0	.	2131	0	1	0	3	0	81805	0	39	0	.	531	0	0	0	0	0	20519	0	0	0	.	2131|81805|531|20519,0|0|0|0,1|39|0|0,0|0|0|0,3|.0|.,.|.
5HT2cR-ligated-N	111	112	T	2672	2666	6	2	0	1	2666	3	18	41	0	39	99570	AAAAA,A,AA,AAAAAA,AAAAAA,A,AAAAA,A,A,A,AAAA,AAAAAAA,A,A,AA,A,A	2	0	1	2134	3	15	41	0	39	79401	AAAAA,A,AA,AAAAAA,AAAAAA,A,AAAAA,A,A,A,AAAA,AAAAAAA,A,A,A	0	0	0	532	0	3	0	0	0	20169	A,A,A	2|41|0|0,0|0|0|0,1|39|0|0,2134|79401|532|20169,3|.0|.,AAAAA,A,AA,AAAAAA,AAAAAA,A,AAAAA,A,A,A,AAAA,AAAAAAA,A,A,A|A,A,A
5HT2cR-ligated-N	112	113	A	2672	2665	7	2665	0	1	1	5	0	101405	0	38	39	.	2134	0	1	0	5	0	80891	0	38	0	.	531	0	0	1	0	0	20514	0	0	39	.	2134|80891|531|20514,0|0|0|0,1|38|0|0,0|0|1|39,5|.0|.,.|.
5HT2cR-ligated-N	113	114	A	2677	2675	2	2675	0	0	0	2	0	103303	0	0	0	.	2143	0	0	0	2	0	82779	0	0	0	.	532	0	0	0	0	0	20524	0	0	0	.	2143|82779|532|20524,0|0|0|0,0|0|0|0,0|0|0|0,2|.0|.,.|.
5HT2cR-ligated-N	114	115	A	2681	2679	2	2679	0	0	0	2	0	102988	0	0	0	.	2147	0	0	0	2	0	82395	0	0	0	.	532	0	0	0	0	0	20593	0	0	0	.	2147|82395|532|20593,0|0|0|0,0|0|0|0,0|0|0|0,2|.0|.,.|.
5HT2cR-ligated-N	115	116	A	2683	2681	2	2681	0	0	0	2	2	102784	0	0	0	CT	2149	0	0	0	2	1	82170	0	0	0	C	532	0	0	0	0	1	20614	0	0	0	T	2149|82170|532|20614,0|0|0|0,0|0|0|0,0|0|0|0,2|.0|.,C|T
5HT2cR-ligated-N	116	117	C	2686	2673	13	7	2673	0	3	3	20	63	97390	0	112	T,T,T,T,T,T,T,T,T,T,T,T,T,T,T,TT,T,T,T	5	2145	0	2	3	16	59	77952	0	74	T,T,T,T,T,T,T,T,T,T,T,T,T,T,T,T	2	528	0	1	0	4	4	19438	0	38	T,T,T,T	5|59|2|4,2145|77952|528|19438,0|0|0|0,2|74|1|38,3|.0|.,T,T,T,T,T,T,T,T,T,T,T,T,T,T,T,T|T,T,T,T
5HT2cR-ligated-N	117	118	T	2687	2662	25	2	10	1	2662	12	1	40	65	39	96825	.	2	10	1	2133	11	1	40	65	39	76490	C	0	0	0	529	1	0	0	0	0	20335	.	2|40|0|0,10|65|0|0,1|39|0|0,2133|76490|529|20335,11|.1|.,C|.
5HT2cR-ligated-N	118	119	T	2687	2683	4	0	1	0	2683	3	0	0	38	0	103235	.	0	1	0	2155	3	0	0	38	0	82795	.	0	0	0	528	0	0	0	0	0	20440	.	0|0|0|0,1|38|0|0,0|0|0|0,2155|82795|528|20440,3|.0|.,.|.
5HT2cR-ligated-N	119	120	T	2686	2685	1	0	1	0	2685	0	0	0	17	0	104201	.	0	1	0	2159	0	0	0	17	0	83777	.	0	0	0	526	0	0	0	0	0	20424	.	0|0|0|0,1|17|0|0,0|0|0|0,2159|83777|526|20424,0|.0|.,.|.
5HT2cR-ligated-N	120	121	T	2684	2683	1	0	1	0	2683	0	1	0	39	0	103576	.	0	0	0	2160	0	1	0	0	0	83295	C	0	1	0	523	0	0	0	39	0	20281	.	0|0|0|0,0|0|1|39,0|0|0|0,2160|83295|523|20281,0|.0|.,C|.
5HT2cR-ligated-N	121	122	T	2683	2681	2	0	2	0	2681	0	0	0	75	0	102766	.	0	2	0	2157	0	0	0	75	0	82528	.	0	0	0	524	0	0	0	0	0	20238	.	0|0|0|0,2|75|0|0,0|0|0|0,2157|82528|524|20238,0|.0|.,.|.
5HT2cR-ligated-N	122	123	G	2685	2683	2	0	0	2683	2	0	0	0	0	98615	48	.	0	0	2160	1	0	0	0	0	78723	39	.	0	0	523	1	0	0	0	0	19892	9	.	0|0|0|0,0|0|0|0,2160|78723|523|19892,1|39|1|9,0|.0|.,.|.
5HT2cR-ligated-N	123	124	G	2683	2676	7	1	3	2676	3	0	0	3	37	99952	72	.	1	3	2155	3	0	0	3	37	80029	72	.	0	0	521	0	0	0	0	0	19923	0	.	1|3|0|0,3|37|0|0,2155|80029|521|19923,3|72|0|0,0|.0|.,.|.
5HT2cR-ligated-N	124	125	C	2686	2681	5	2	2681	0	3	0	0	5	100664	0	94	.	2	2163	0	2	0	0	5	80988	0	55	.	0	518	0	1	0	0	0	19676	0	39	.	2|5|0|0,2163|80988|518|19676,0|0|0|0,2|55|1|39,0|.0|.,.|.
5HT2cR-ligated-N	125	126	C	2689	2688	1	0	2688	0	1	0	0	0	103351	0	39	.	0	2170	0	1	0	0	0	83548	0	39	.	0	518	0	0	0	0	0	19803	0	0	.	0|0|0|0,2170|83548|518|19803,0|0|0|0,1|39|0|0,0|.0|.,.|.
5HT2cR-ligated-N	126	127	A	2695	2692	3	2692	0	0	3	0	0	101637	0	0	108	.	2172	0	0	3	0	0	82095	0	0	108	.	520	0	0	0	0	0	19542	0	0	0	.	2172|82095|520|19542,0|0|0|0,0|0|0|0,3|108|0|0,0|.0|.,.|.
5HT2cR-ligated-N	127	128	T	2695	2695	0	0	0	0	2695	0	0	0	0	0	102074	.	0	0	0	2176	0	0	0	0	0	82524	.	0	0	0	519	0	0	0	0	0	19550	.	0|0|0|0,0|0|0|0,0|0|0|0,2176|82524|519|19550,0|.0|.,.|.
5HT2cR-ligated-N	128	129	A	2697	2697	0	2697	0	0	0	0	0	102261	0	0	0	.	2178	0	0	0	0	0	82298	0	0	0	.	519	0	0	0	0	0	19963	0	0	0	.	2178|82298|519|19963,0|0|0|0,0|0|0|0,0|0|0|0,0|.0|.,.|.
5HT2cR-ligated-N	129	130	A	2697	2696	1	2696	0	0	0	1	0	104268	0	0	0	.	2178	0	0	0	1	0	84200	0	0	0	.	518	0	0	0	0	0	20068	0	0	0	.	2178|84200|518|20068,0|0|0|0,0|0|0|0,0|0|0|0,1|.0|.,.|.
5HT2cR-ligated-N	130	131	G	2699	2687	12	4	3	2687	3	2	0	134	117	99622	78	.	4	3	2172	2	1	0	134	117	80102	41	.	0	0	515	1	1	0	0	0	19520	37	.	4|134|0|0,3|117|0|0,2172|80102|515|19520,2|41|1|37,1|.1|.,.|.
5HT2cR-ligated-N	131	132	A	2700	2700	0	2700	0	0	0	0	0	102927	0	0	0	.	2183	0	0	0	0	0	82914	0	0	0	.	517	0	0	0	0	0	20013	0	0	0	.	2183|82914|517|20013,0|0|0|0,0|0|0|0,0|0|0|0,0|.0|.,.|.
5HT2cR-ligated-N	132	133	A	2704	2703	1	2703	0	0	1	0	0	104320	0	0	33	.	2186	0	0	1	0	0	84265	0	0	33	.	517	0	0	0	0	0	20055	0	0	0	.	2186|84265|517|20055,0|0|0|0,0|0|0|0,1|33|0|0,0|.0|.,.|.
5HT2cR-ligated-N	133	134	T	2704	2703	1	0	0	1	2703	0	0	0	0	39	102914	.	0	0	1	2186	0	0	0	0	39	82939	.	0	0	0	517	0	0	0	0	0	19975	.	0|0|0|0,0|0|0|0,1|39|0|0,2186|82939|517|19975,0|.0|.,.|.
5HT2cR-ligated-N	134	135	T	2701	2700	1	0	0	1	2700	0	0	0	0	15	103859	.	0	0	1	2185	0	0	0	0	15	83973	.	0	0	0	515	0	0	0	0	0	19886	.	0|0|0|0,0|0|0|0,1|15|0|0,2185|83973|515|19886,0|.0|.,.|.
5HT2cR-ligated-N	135	136	G	2700	2689	11	1	2	2689	7	1	0	39	77	97474	22	.	0	2	2175	7	1	0	0	77	78214	22	.	1	0	514	0	0	0	39	0	19260	0	.	0|0|1|39,2|77|0|0,2175|78214|514|19260,7|22|0|0,1|.0|.,.|.
5HT2cR-ligated-N	136	137	C	2701	2692	9	3	2692	0	6	0	0	24	98527	0	226	.	3	2181	0	4	0	0	24	79373	0	150	.	0	511	0	2	0	0	0	19154	0	76	.	3|24|0|0,2181|79373|511|19154,0|0|0|0,4|150|2|76,0|.0|.,.|.
5HT2cR-ligated-N	137	138	A	2702	2702	0	2702	0	0	0	0	0	99731	0	0	0	.	2189	0	0	0	0	0	80498	0	0	0	.	513	0	0	0	0	0	19233	0	0	0	.	2189|80498|513|19233,0|0|0|0,0|0|0|0,0|0|0|0,0|.0|.,.|.
5HT2cR-ligated-N	138	139	G	2703	2682	21	2	2	2682	17	0	0	6	55	94696	232	.	2	2	2169	17	0	0	6	55	75393	232	.	0	0	513	0	0	0	0	0	19303	0	.	2|6|0|0,2|55|0|0,2169|75393|513|19303,17|232|0|0,0|.0|.,.|.
5HT2cR-ligated-N	139	140	C	2704	2696	8	0	2696	2	6	0	0	0	95505	16	76	.	0	2191	2	5	0	0	0	76782	16	59	.	0	505	0	1	0	0	0	18723	0	17	.	0|0|0|0,2191|76782|505|18723,2|16|0|0,5|59|1|17,0|.0|.,.|.
5HT2cR-ligated-N	140	141	G	2701	2697	4	2	0	2697	2	0	0	54	0	100796	45	.	2	0	2194	2	0	0	54	0	82053	45	.	0	0	503	0	0	0	0	0	18743	0	.	2|54|0|0,0|0|0|0,2194|82053|503|18743,2|45|0|0,0|.0|.,.|.
5HT2cR-ligated-N	141	142	G	2702	2697	5	3	1	2697	1	0	0	75	16	102082	39	.	3	1	2197	0	0	0	75	16	83358	0	.	0	0	500	1	0	0	0	0	18724	39	.	3|75|0|0,1|16|0|0,2197|83358|500|18724,0|0|1|39,0|.0|.,.|.
5HT2cR-ligated-N	142	143	C	2704	2697	7	0	2697	3	4	0	0	0	98495	6	76	.	0	2197	3	4	0	0	0	79396	6	76	.	0	500	0	0	0	0	0	19099	0	0	.	0|0|0|0,2197|79396|500|19099,3|6|0|0,4|76|0|0,0|.0|.,.|.
5HT2cR-ligated-N	143	144	T	2705	2703	2	2	0	0	2703	0	0	40	0	0	102785	.	2	0	0	2204	0	0	40	0	0	83504	.	0	0	0	499	0	0	0	0	0	19281	.	2|40|0|0,0|0|0|0,0|0|0|0,2204|83504|499|19281,0|.0|.,.|.
5HT2cR-ligated-N	144	145	A	2715	2714	1	2714	1	0	0	0	0	101079	2	0	0	.	2212	1	0	0	0	0	81744	2	0	0	.	502	0	0	0	0	0	19335	0	0	0	.	2212|81744|502|19335,1|2|0|0,0|0|0|0,0|0|0|0,0|.0|.,.|.
5HT2cR-ligated-N	145	146	T	2714	2713	1	1	0	0	2713	0	0	39	0	0	103182	.	1	0	0	2215	0	0	39	0	0	83910	.	0	0	0	498	0	0	0	0	0	19272	.	1|39|0|0,0|0|0|0,0|0|0|0,2215|83910|498|19272,0|.0|.,.|.
5HT2cR-ligated-N	146	147	G	2719	2702	17	1	1	2702	15	0	0	2	2	98207	142	.	1	1	2205	14	0	0	2	2	79314	103	.	0	0	497	1	0	0	0	0	18893	39	.	1|2|0|0,1|2|0|0,2205|79314|497|18893,14|103|1|39,0|.0|.,.|.
5HT2cR-ligated-N	147	148	C	2716	2709	7	0	2709	2	4	1	0	0	97183	4	19	.	0	2214	2	4	1	0	0	79121	4	19	.	0	495	0	0	0	0	0	18062	0	0	.	0|0|0|0,2214|79121|495|18062,2|4|0|0,4|19|0|0,1|.0|.,.|.
5HT2cR-ligated-N	148	149	T	2713	2710	3	0	2	1	2710	0	0	0	59	39	102316	.	0	1	1	2218	0	0	0	37	39	83405	.	0	1	0	492	0	0	0	22	0	18911	.	0|0|0|0,1|37|1|22,1|39|0|0,2218|83405|492|18911,0|.0|.,.|.
5HT2cR-ligated-N	149	150	C	2714	2709	5	0	2709	0	4	1	0	0	99767	0	37	.	0	2219	0	4	1	0	0	81296	0	37	.	0	490	0	0	0	0	0	18471	0	0	.	0|0|0|0,2219|81296|490|18471,0|0|0|0,4|37|0|0,1|.0|.,.|.
5HT2cR-ligated-N	150	151	A	2716	2712	4	2712	1	1	2	0	0	102509	16	22	41	.	2221	1	1	2	0	0	83475	16	22	41	.	491	0	0	0	0	0	19034	0	0	0	.	2221|83475|491|19034,1|16|0|0,1|22|0|0,2|41|0|0,0|.0|.,.|.
5HT2cR-ligated-N	151	152	A	2716	2715	1	2715	0	0	1	0	0	103952	0	0	15	.	2224	0	0	1	0	0	84931	0	0	15	.	491	0	0	0	0	0	19021	0	0	0	.	2224|84931|491|19021,0|0|0|0,0|0|0|0,1|15|0|0,0|.0|.,.|.
5HT2cR-ligated-N	152	153	T	2717	2709	8	7	0	1	2709	0	0	100	0	15	99720	.	7	0	1	2218	0	0	100	0	15	80975	.	0	0	0	491	0	0	0	0	0	18745	.	7|100|0|0,0|0|0|0,1|15|0|0,2218|80975|491|18745,0|.0|.,.|.
5HT2cR-ligated-N	153	154	A	2714	2583	131	2583	4	0	127	0	0	88452	58	0	1937	.	2094	4	0	126	0	0	69945	58	0	1919	.	489	0	0	1	0	0	18507	0	0	18	.	2094|69945|489|18507,4|58|0|0,0|0|0|0,126|1919|1|18,0|.0|.,.|.
5HT2cR-ligated-N	154	155	C	2712	2706	6	3	2706	1	0	2	0	44	97679	14	0	.	3	2218	1	0	2	0	44	79355	14	0	.	0	488	0	0	0	0	0	18324	0	0	.	3|44|0|0,2218|79355|488|18324,1|14|0|0,0|0|0|0,2|.0|.,.|.
5HT2cR-ligated-N	155	156	T	2710	2701	9	0	4	1	2701	4	0	0	74	14	96267	.	0	3	1	2217	4	0	0	42	14	78218	.	0	1	0	484	0	0	0	32	0	18049	.	0|0|0|0,3|42|1|32,1|14|0|0,2217|78218|484|18049,4|.0|.,.|.
5HT2cR-ligated-N	156	157	T	2710	2704	6	1	1	1	2704	3	0	38	14	18	101201	.	1	1	0	2220	3	0	38	14	0	82953	.	0	0	1	484	0	0	0	0	18	18248	.	1|38|0|0,1|14|0|0,0|0|1|18,2220|82953|484|18248,3|.0|.,.|.
5HT2cR-ligated-N	157	158	T	2709	2704	5	0	2	0	2704	3	1	0	29	0	99846	.	0	2	0	2220	3	1	0	29	0	81629	C	0	0	0	484	0	0	0	0	0	18217	.	0|0|0|0,2|29|0|0,0|0|0|0,2220|81629|484|18217,3|.0|.,C|.
5HT2cR-ligated-N	158	159	C	2707	2704	3	0	2704	0	1	2	0	0	96968	0	39	.	0	2223	0	1	1	0	0	78910	0	39	.	0	481	0	0	1	0	0	18058	0	0	.	0|0|0|0,2223|78910|481|18058,0|0|0|0,1|39|0|0,1|.1|.,.|.
5HT2cR-ligated-N	159	160	G	2706	2685	21	0	16	2685	5	0	0	0	275	98987	151	.	0	16	2204	5	0	0	0	275	80406	151	.	0	0	481	0	0	0	0	0	18581	0	.	0|0|0|0,16|275|0|0,2204|80406|481|18581,5|151|0|0,0|.0|.,.|.
5HT2cR-ligated-N	160	161	G	2706	2698	8	4	0	2698	4	0	0	89	0	103329	111	.	4	0	2218	4	0	0	89	0	84721	111	.	0	0	480	0	0	0	0	0	18608	0	.	4|89|0|0,0|0|0|0,2218|84721|480|18608,4|111|0|0,0|.0|.,.|.
5HT2cR-ligated-N	161	162	A	2705	2702	3	2702	0	2	1	0	0	100904	0	55	16	.	2222	0	2	1	0	0	82337	0	55	16	.	480	0	0	0	0	0	18567	0	0	0	.	2222|82337|480|18567,0|0|0|0,2|55|0|0,1|16|0|0,0|.0|.,.|.
5HT2cR-ligated-N	162	163	T	2705	2696	9	9	0	0	2696	0	0	136	0	0	97347	.	9	0	0	2216	0	0	136	0	0	78880	.	0	0	0	480	0	0	0	0	0	18467	.	9|136|0|0,0|0|0|0,0|0|0|0,2216|78880|480|18467,0|.0|.,.|.
5HT2cR-ligated-N	163	164	T	2707	2702	5	4	1	0	2702	0	1	103	38	0	102002	.	4	0	0	2223	0	1	103	0	0	83473	A	0	1	0	479	0	0	0	38	0	18529	.	4|103|0|0,0|0|1|38,0|0|0|0,2223|83473|479|18529,0|.0|.,A|.
5HT2cR-ligated-N	164	165	A	2702	2701	1	2701	0	0	1	0	0	100945	0	0	16	.	2223	0	0	1	0	0	82568	0	0	16	.	478	0	0	0	0	0	18377	0	0	0	.	2223|82568|478|18377,0|0|0|0,0|0|0|0,1|16|0|0,0|.0|.,.|.
5HT2cR-ligated-N	165	166	T	2699	2653	46	42	1	3	2653	0	0	724	39	64	94365	.	42	1	3	2178	0	0	724	39	64	76153	.	0	0	0	475	0	0	0	0	0	18212	.	42|724|0|0,1|39|0|0,3|64|0|0,2178|76153|475|18212,0|.0|.,.|.
5HT2cR-ligated-N	166	167	G	2699	2687	12	0	0	2687	12	0	1	0	0	98305	205	.	0	0	2213	12	0	1	0	0	80024	205	T	0	0	474	0	0	0	0	0	18281	0	.	0|0|0|0,0|0|0|0,2213|80024|474|18281,12|205|0|0,0|.0|.,T|.
5HT2cR-ligated-N	167	168	T	2692	2665	27	0	1	26	2665	0	0	0	39	411	95900	.	0	1	26	2196	0	0	0	39	411	77990	.	0	0	0	469	0	0	0	0	0	17910	.	0|0|0|0,1|39|0|0,26|411|0|0,2196|77990|469|17910,0|.0|.,.|.
5HT2cR-ligated-N	168	169	A	2693	2637	56	2637	1	0	54	1	0	92710	16	0	849	.	2168	1	0	54	1	0	74723	16	0	849	.	469	0	0	0	0	0	17987	0	0	0	.	2168|74723|469|17987,1|16|0|0,0|0|0|0,54|849|0|0,1|.0|.,.|.
5HT2cR-ligated-N	169	170	C	2690	2666	24	17	2666	0	7	0	0	285	97089	0	135	.	17	2200	0	5	0	0	285	79287	0	59	.	0	466	0	2	0	0	0	17802	0	76	.	17|285|0|0,2200|79287|466|17802,0|0|0|0,5|59|2|76,0|.0|.,.|.
5HT2cR-ligated-N	170	171	T	2688	2682	6	1	1	4	2682	0	0	39	14	62	100035	.	1	1	4	2215	0	0	39	14	62	81984	.	0	0	0	467	0	0	0	0	0	18051	.	1|39|0|0,1|14|0|0,4|62|0|0,2215|81984|467|18051,0|.0|.,.|.
5HT2cR-ligated-N	171	172	G	2689	2682	7	3	0	2682	4	0	1	76	0	98002	108	.	2	0	2218	4	0	1	37	0	80159	108	C	1	0	464	0	0	0	39	0	17843	0	.	2|37|1|39,0|0|0|0,2218|80159|464|17843,4|108|0|0,0|.0|.,C|.
5HT2cR-ligated-N	172	173	T	2686	2642	44	0	0	44	2642	0	0	0	0	763	94413	.	0	0	44	2180	0	0	0	0	763	76832	.	0	0	0	462	0	0	0	0	0	17581	.	0|0|0|0,0|0|0|0,44|763|0|0,2180|76832|462|17581,0|.0|.,.|.
5HT2cR-ligated-N	173	174	G	2687	2681	6	0	1	2681	5	0	0	0	34	100271	168	.	0	1	2220	4	0	0	0	34	82489	129	.	0	0	461	1	0	0	0	0	17782	39	.	0|0|0|0,1|34|0|0,2220|82489|461|17782,4|129|1|39,0|.0|.,.|.
5HT2cR-ligated-N	174	175	A	2685	2679	6	2679	0	5	1	0	0	96827	0	99	35	.	2218	0	5	1	0	0	78971	0	99	35	.	461	0	0	0	0	0	17856	0	0	0	.	2218|78971|461|17856,0|0|0|0,5|99|0|0,1|35|0|0,0|.0|.,.|.
5HT2cR-ligated-N	175	176	A	2684	2681	3	2681	2	1	0	0	0	100092	52	14	0	.	2221	2	1	0	0	0	82706	52	14	0	.	460	0	0	0	0	0	17386	0	0	0	.	2221|82706|460|17386,2|52|0|0,1|14|0|0,0|0|0|0,0|.0|.,.|.
5HT2cR-ligated-N	176	177	C	2682	2630	52	52	2630	0	0	0	1	804	88983	0	0	.	52	2172	0	0	0	1	804	71395	0	0	A	0	458	0	0	0	0	0	17588	0	0	.	52|804|0|0,2172|71395|458|17588,0|0|0|0,0|0|0|0,0|.0|.,A|.
5HT2cR-ligated-N	177	178	A	2682	2680	2	2680	1	1	0	0	0	100612	39	39	0	.	2223	0	1	0	0	0	82962	0	39	0	.	457	1	0	0	0	0	17650	39	0	0	.	2223|82962|457|17650,0|0|1|39,1|39|0|0,0|0|0|0,0|.0|.,.|.
5HT2cR-ligated-N	178	179	A	2682	2681	1	2681	1	0	0	0	1	102501	14	0	0	.	2223	1	0	0	0	1	84766	14	0	0	C	458	0	0	0	0	0	17735	0	0	0	.	2223|84766|458|17735,1|14|0|0,0|0|0|0,0|0|0|0,0|.0|.,C|.
5HT2cR-ligated-N	179	180	C	2680	2676	4	3	2676	1	0	0	0	48	95890	15	0	.	3	2220	1	0	0	0	48	78295	15	0	.	0	456	0	0	0	0	0	17595	0	0	.	3|48|0|0,2220|78295|456|17595,1|15|0|0,0|0|0|0,0|.0|.,.|.
5HT2cR-ligated-N	180	181	G	2678	2666	12	0	4	2666	8	0	0	0	60	96056	264	.	0	4	2210	8	0	0	0	60	78485	264	.	0	0	456	0	0	0	0	0	17571	0	.	0|0|0|0,4|60|0|0,2210|78485|456|17571,8|264|0|0,0|.0|.,.|.
5HT2cR-ligated-N	181	182	T	2675	2652	23	1	0	22	2652	0	0	15	0	361	93312	.	1	0	22	2197	0	0	15	0	361	75850	.	0	0	0	455	0	0	0	0	0	17462	.	1|15|0|0,0|0|0|0,22|361|0|0,2197|75850|455|17462,0|.0|.,.|.
5HT2cR-ligated-N	182	183	A	2675	2652	23	2652	5	0	18	0	0	95695	72	0	284	.	2197	5	0	18	0	0	78166	72	0	284	.	455	0	0	0	0	0	17529	0	0	0	.	2197|78166|455|17529,5|72|0|0,0|0|0|0,18|284|0|0,0|.0|.,.|.
5HT2cR-ligated-N	183	184	C	2674	2652	22	18	2652	2	1	1	0	260	91163	29	39	.	18	2199	2	0	1	0	260	74192	29	0	.	0	453	0	1	0	0	0	16971	0	39	.	18|260|0|0,2199|74192|453|16971,2|29|0|0,0|0|1|39,1|.0|.,.|.
5HT2cR-ligated-N	184	185	A	2671	2658	13	2658	7	5	1	0	0	93572	99	73	38	.	2206	7	5	0	0	0	76207	99	73	0	.	452	0	0	1	0	0	17365	0	0	38	.	2206|76207|452|17365,7|99|0|0,5|73|0|0,0|0|1|38,0|.0|.,.|.
5HT2cR-ligated-N	185	186	G	2669	2663	6	2	3	2663	1	0	0	30	64	93555	16	.	2	3	2212	1	0	0	30	64	76660	16	.	0	0	451	0	0	0	0	0	16895	0	.	2|30|0|0,3|64|0|0,2212|76660|451|16895,1|16|0|0,0|.0|.,.|.
5HT2cR-ligated-N	186	187	A	2666	2614	52	2614	4	47	1	0	0	90189	58	699	15	.	2165	4	47	1	0	0	73378	58	699	15	.	449	0	0	0	0	0	16811	0	0	0	.	2165|73378|449|16811,4|58|0|0,47|699|0|0,1|15|0|0,0|.0|.,.|.
5HT2cR-ligated-N	187	188	C	2666	2663	3	2	2663	1	0	0	0	30	93925	32	0	.	2	2214	1	0	0	0	30	77243	32	0	.	0	449	0	0	0	0	0	16682	0	0	.	2|30|0|0,2214|77243|449|16682,1|32|0|0,0|0|0|0,0|.0|.,.|.
5HT2cR-ligated-N	188	189	G	2665	2642	23	1	15	2642	7	0	0	37	270	93145	130	.	1	15	2194	7	0	0	37	270	76345	130	.	0	0	448	0	0	0	0	0	16800	0	.	1|37|0|0,15|270|0|0,2194|76345|448|16800,7|130|0|0,0|.0|.,.|.
5HT2cR-ligated-N	189	190	T	2658	2631	27	2	4	20	2631	1	0	30	60	288	92466	.	2	4	20	2187	1	0	30	60	288	76015	.	0	0	0	444	0	0	0	0	0	16451	.	2|30|0|0,4|60|0|0,20|288|0|0,2187|76015|444|16451,1|.0|.,.|.
5HT2cR-ligated-N	190	191	C	2658	2652	6	2	2652	0	4	0	0	55	93425	0	82	.	1	2209	0	4	0	0	16	76846	0	82	.	1	443	0	0	0	0	39	16579	0	0	.	1|16|1|39,2209|76846|443|16579,0|0|0|0,4|82|0|0,0|.0|.,.|.
5HT2cR-ligated-N	191	192	G	2658	2636	22	0	17	2636	5	0	0	0	302	94597	164	.	0	17	2192	5	0	0	0	302	77559	164	.	0	0	444	0	0	0	0	0	17038	0	.	0|0|0|0,17|302|0|0,2192|77559|444|17038,5|164|0|0,0|.0|.,.|.
5HT2cR-ligated-N	192	193	A	2658	2597	61	2597	4	54	1	2	0	93490	61	867	15	.	2155	4	53	1	1	0	76465	61	829	15	.	442	0	1	0	1	0	17025	0	38	0	.	2155|76465|442|17025,4|61|0|0,53|829|1|38,1|15|0|0,1|.1|.,.|.
5HT2cR-ligated-N	193	194	C	2658	2645	13	5	2645	0	7	1	0	90	97540	0	159	.	5	2203	0	6	0	0	90	80565	0	120	.	0	442	0	1	1	0	0	16975	0	39	.	5|90|0|0,2203|80565|442|16975,0|0|0|0,6|120|1|39,0|.1|.,.|.
5HT2cR-ligated-N	194	195	T	2654	2649	5	0	4	0	2649	1	0	0	81	0	98538	.	0	4	0	2208	0	0	0	81	0	81837	.	0	0	0	441	1	0	0	0	0	16701	.	0|0|0|0,4|81|0|0,0|0|0|0,2208|81837|441|16701,0|.1|.,.|.
5HT2cR-ligated-N	195	196	G	2652	2621	31	0	3	2621	27	1	0	0	68	93394	503	.	0	3	2180	27	0	0	0	68	76739	503	.	0	0	441	0	1	0	0	0	16655	0	.	0|0|0|0,3|68|0|0,2180|76739|441|16655,27|503|0|0,0|.1|.,.|.
5HT2cR-ligated-N	196	197	G	2650	2643	7	1	2	2643	3	1	0	38	76	99435	91	.	1	1	2206	1	0	0	38	38	82928	18	.	0	1	437	2	1	0	0	38	16507	73	.	1|38|0|0,1|38|1|38,2206|82928|437|16507,1|18|2|73,0|.1|.,.|.
5HT2cR-ligated-N	197	198	T	2649	2633	16	3	0	12	2633	1	0	37	0	215	95009	.	3	0	12	2194	0	0	37	0	215	78686	.	0	0	0	439	1	0	0	0	0	16323	.	3|37|0|0,0|0|0|0,12|215|0|0,2194|78686|439|16323,0|.1|.,.|.
5HT2cR-ligated-N	198	199	A	2648	2643	5	2643	0	2	2	1	1	96064	0	76	36	.	2205	0	2	2	0	1	79506	0	76	36	AC	438	0	0	0	1	0	16558	0	0	0	.	2205|79506|438|16558,0|0|0|0,2|76|0|0,2|36|0|0,0|.1|.,AC|.
5HT2cR-ligated-N	199	200	A	2646	2637	9	2637	6	1	2	0	0	99660	156	35	73	.	2202	5	1	1	0	0	83191	118	35	38	.	435	1	0	1	0	0	16469	38	0	35	.	2202|83191|435|16469,5|118|1|38,1|35|0|0,1|38|1|35,0|.0|.,.|.
5HT2cR-ligated-N	200	201	C	2645	2638	7	6	2638	1	0	0	4	186	97691	37	0	.	6	2203	0	0	0	4	186	81294	0	0	A,A,A,A	0	435	1	0	0	0	0	16397	37	0	.	6|186|0|0,2203|81294|435|16397,0|0|1|37,0|0|0|0,0|.0|.,A,A,A,A|.
5HT2cR-ligated-N	201	202	A	2643	2632	11	2632	8	1	1	1	0	95174	141	34	16	.	2196	8	1	1	1	0	78701	141	34	16	.	436	0	0	0	0	0	16473	0	0	0	.	2196|78701|436|16473,8|141|0|0,1|34|0|0,1|16|0|0,1|.0|.,.|.
5HT2cR-ligated-N	202	203	T	2641	2596	45	42	0	3	2596	0	0	664	0	45	90871	.	42	0	3	2161	0	0	664	0	45	74608	.	0	0	0	435	0	0	0	0	0	16263	.	42|664|0|0,0|0|0|0,3|45|0|0,2161|74608|435|16263,0|.0|.,.|.
5HT2cR-ligated-N	203	204	T	2641	2639	2	1	1	0	2639	0	0	38	38	0	98002	.	0	1	0	2205	0	0	0	38	0	81969	.	1	0	0	434	0	0	38	0	0	16033	.	0|0|1|38,1|38|0|0,0|0|0|0,2205|81969|434|16033,0|.0|.,.|.
5HT2cR-ligated-N	204	205	T	2640	2637	3	0	0	3	2637	0	0	0	0	49	96564	.	0	0	2	2204	0	0	0	0	32	81146	.	0	0	1	433	0	0	0	0	17	15418	.	0|0|0|0,0|0|0|0,2|32|1|17,2204|81146|433|15418,0|.0|.,.|.
5HT2cR-ligated-N	205	206	G	2640	2627	13	0	2	2627	11	0	0	0	32	89567	175	.	0	2	2193	11	0	0	0	32	74819	175	.	0	0	434	0	0	0	0	0	14748	0	.	0|0|0|0,2|32|0|0,2193|74819|434|14748,11|175|0|0,0|.0|.,.|.
5HT2cR-ligated-N	206	207	C	2637	2630	7	0	2630	5	2	0	0	0	83876	80	32	.	0	2198	5	2	0	0	0	69502	80	32	.	0	432	0	0	0	0	0	14374	0	0	.	0|0|0|0,2198|69502|432|14374,5|80|0|0,2|32|0|0,0|.0|.,.|.
5HT2cR-ligated-N	207	208	G	2637	2606	31	2	26	2606	3	0	0	36	416	90327	48	.	2	26	2174	3	0	0	36	416	74548	48	.	0	0	432	0	0	0	0	0	15779	0	.	2|36|0|0,26|416|0|0,2174|74548|432|15779,3|48|0|0,0|.0|.,.|.
5HT2cR-ligated-N	208	209	T	2636	2609	27	0	1	26	2609	0	0	0	16	424	90907	.	0	1	25	2179	0	0	0	16	408	75413	.	0	0	1	430	0	0	0	0	16	15494	.	0|0|0|0,1|16|0|0,25|408|1|16,2179|75413|430|15494,0|.0|.,.|.
5HT2cR-ligated-N	209	210	T	2636	2634	2	0	0	2	2634	0	0	0	0	48	96557	.	0	0	0	2205	0	0	0	0	0	81072	.	0	0	2	429	0	0	0	0	48	15485	.	0|0|0|0,0|0|0|0,0|0|2|48,2205|81072|429|15485,0|.0|.,.|.
5HT2cR-ligated-N	210	211	T	2633	2633	0	0	0	0	2633	0	0	0	0	0	86465	.	0	0	0	2205	0	0	0	0	0	72264	.	0	0	0	428	0	0	0	0	0	14201	.	0|0|0|0,0|0|0|0,0|0|0|0,2205|72264|428|14201,0|.0|.,.|.
5HT2cR-ligated-N	211	212	G	2632	2624	8	0	0	2624	8	0	0	0	0	84467	118	.	0	0	2196	8	0	0	0	0	70048	118	.	0	0	428	0	0	0	0	0	14419	0	.	0|0|0|0,0|0|0|0,2196|70048|428|14419,8|118|0|0,0|.0|.,.|.
5HT2cR-ligated-N	212	213	A	2628	2618	10	2618	0	10	0	0	0	81394	0	160	0	.	2190	0	10	0	0	0	67105	0	160	0	.	428	0	0	0	0	0	14289	0	0	0	.	2190|67105|428|14289,0|0|0|0,10|160|0|0,0|0|0|0,0|.0|.,.|.
5HT2cR-ligated-N	213	214	T	2624	2605	19	16	1	0	2605	2	0	258	16	0	77864	.	15	1	0	2180	2	0	226	16	0	63937	.	1	0	0	425	0	0	32	0	0	13927	.	15|226|1|32,1|16|0|0,0|0|0|0,2180|63937|425|13927,2|.0|.,.|.
5HT2cR-ligated-N	214	215	C	2617	2612	5	0	2612	1	4	0	0	0	82498	16	50	.	0	2193	1	4	0	0	0	68590	16	50	.	0	419	0	0	0	0	0	13908	0	0	.	0|0|0|0,2193|68590|419|13908,1|16|0|0,4|50|0|0,0|.0|.,.|.
5HT2cR-ligated-N	215	216	G	2572	2572	0	0	0	2572	0	0	0	0	0	77074	0	.	0	0	2193	0	0	0	0	0	64577	0	.	0	0	379	0	0	0	0	0	12497	0	.	0|0|0|0,0|0|0|0,2193|64577|379|12497,0|0|0|0,0|.0|.,.|.
5HT2cR-ligated-N	216	217	G	2358	2358	0	0	0	2358	0	0	0	0	0	71673	0	.	0	0	2122	0	0	0	0	0	64061	0	.	0	0	236	0	0	0	0	0	7612	0	.	0|0|0|0,0|0|0|0,2122|64061|236|7612,0|0|0|0,0|.0|.,.|.
5HT2cR-ligated-N	217	218	G	1659	1659	0	0	0	1659	0	0	0	0	0	45520	0	.	0	0	1625	0	0	0	0	0	44543	0	.	0	0	34	0	0	0	0	0	977	0	.	0|0|0|0,0|0|0|0,1625|44543|34|977,0|0|0|0,0|.0|.,.|.
