chrom	start	end	ref	depth	r_depth	a_depth	num_A	num_C	num_G	num_T	num_D	num_I	totQ_A	totQ_C	totQ_G	totQ_T	all_ins	num_F_A	num_F_C	num_F_G	num_F_T	num_F_D	num_F_I	totQ_F_A	totQ_F_C	totQ_F_G	totQ_F_T	all_F_ins	num_R_A	num_R_C	num_R_G	num_R_T	num_R_D	num_R_I	totQ_R_A	totQ_R_C	totQ_R_G	totQ_R_T	all_R_ins	sample_1
5HT2cR-ligated-N	91	92	G	1	1	0	0	0	1	0	0	0	0	0	14	0	.	0	0	0	0	0	0	0	0	0	0	.	0	0	1	0	0	0	0	0	14	0	.	0|0|0|0,0|0|0|0,0|0|1|14,0|0|0|0,0|.0|.,.|.
5HT2cR-ligated-N	92	93	G	1	1	0	0	0	1	0	0	0	0	0	29	0	.	0	0	0	0	0	0	0	0	0	0	.	0	0	1	0	0	0	0	0	29	0	.	0|0|0|0,0|0|0|0,0|0|1|29,0|0|0|0,0|.0|.,.|.
5HT2cR-ligated-N	93	94	G	1	1	0	0	0	1	0	0	0	0	0	36	0	.	0	0	0	0	0	0	0	0	0	0	.	0	0	1	0	0	0	0	0	36	0	.	0|0|0|0,0|0|0|0,0|0|1|36,0|0|0|0,0|.0|.,.|.
5HT2cR-ligated-N	94	95	C	1	0	1	0	0	0	1	0	0	0	0	0	14	.	0	0	0	0	0	0	0	0	0	0	.	0	0	0	1	0	0	0	0	0	14	.	0|0|0|0,0|0|0|0,0|0|0|0,0|0|1|14,0|.0|.,.|.
5HT2cR-ligated-N	95	96	A	1	1	0	1	0	0	0	0	0	14	0	0	0	.	0	0	0	0	0	0	0	0	0	0	.	1	0	0	0	0	0	14	0	0	0	.	0|0|1|14,0|0|0|0,0|0|0|0,0|0|0|0,0|.0|.,.|.
5HT2cR-ligated-N	96	97	A	1	1	0	1	0	0	0	0	0	37	0	0	0	.	0	0	0	0	0	0	0	0	0	0	.	1	0	0	0	0	0	37	0	0	0	.	0|0|1|37,0|0|0|0,0|0|0|0,0|0|0|0,0|.0|.,.|.
5HT2cR-ligated-N	97	98	T	1	1	0	0	0	0	1	0	0	0	0	0	33	.	0	0	0	0	0	0	0	0	0	0	.	0	0	0	1	0	0	0	0	0	33	.	0|0|0|0,0|0|0|0,0|0|0|0,0|0|1|33,0|.0|.,.|.
5HT2cR-ligated-N	98	99	T	1	1	0	0	0	0	1	0	0	0	0	0	35	.	0	0	0	0	0	0	0	0	0	0	.	0	0	0	1	0	0	0	0	0	35	.	0|0|0|0,0|0|0|0,0|0|0|0,0|0|1|35,0|.0|.,.|.
5HT2cR-ligated-N	99	100	T	1	1	0	0	0	0	1	0	0	0	0	0	38	.	0	0	0	0	0	0	0	0	0	0	.	0	0	0	1	0	0	0	0	0	38	.	0|0|0|0,0|0|0|0,0|0|0|0,0|0|1|38,0|.0|.,.|.
5HT2cR-ligated-N	100	101	C	1	1	0	0	1	0	0	0	0	0	38	0	0	.	0	0	0	0	0	0	0	0	0	0	.	0	1	0	0	0	0	0	38	0	0	.	0|0|0|0,0|0|1|38,0|0|0|0,0|0|0|0,0|.0|.,.|.
5HT2cR-ligated-N	101	102	T	1	1	0	0	0	0	1	0	0	0	0	0	35	.	0	0	0	0	0	0	0	0	0	0	.	0	0	0	1	0	0	0	0	0	35	.	0|0|0|0,0|0|0|0,0|0|0|0,0|0|1|35,0|.0|.,.|.
5HT2cR-ligated-N	102	103	A	1	1	0	1	0	0	0	0	0	37	0	0	0	.	0	0	0	0	0	0	0	0	0	0	.	1	0	0	0	0	0	37	0	0	0	.	0|0|1|37,0|0|0|0,0|0|0|0,0|0|0|0,0|.0|.,.|.
5HT2cR-ligated-N	103	104	T	1	1	0	0	0	0	1	0	0	0	0	0	11	.	0	0	0	0	0	0	0	0	0	0	.	0	0	0	1	0	0	0	0	0	11	.	0|0|0|0,0|0|0|0,0|0|0|0,0|0|1|11,0|.0|.,.|.
5HT2cR-ligated-N	104	105	A	1	1	0	1	0	0	0	0	0	33	0	0	0	.	0	0	0	0	0	0	0	0	0	0	.	1	0	0	0	0	0	33	0	0	0	.	0|0|1|33,0|0|0|0,0|0|0|0,0|0|0|0,0|.0|.,.|.
5HT2cR-ligated-N	105	106	G	1	0	1	1	0	0	0	0	0	2	0	0	0	.	0	0	0	0	0	0	0	0	0	0	.	1	0	0	0	0	0	2	0	0	0	.	0|0|1|2,0|0|0|0,0|0|0|0,0|0|0|0,0|.0|.,.|.
5HT2cR-ligated-N	106	107	G	1	0	1	1	0	0	0	0	0	13	0	0	0	.	0	0	0	0	0	0	0	0	0	0	.	1	0	0	0	0	0	13	0	0	0	.	0|0|1|13,0|0|0|0,0|0|0|0,0|0|0|0,0|.0|.,.|.
5HT2cR-ligated-N	107	108	T	1	1	0	0	0	0	1	0	0	0	0	0	2	.	0	0	0	0	0	0	0	0	0	0	.	0	0	0	1	0	0	0	0	0	2	.	0|0|0|0,0|0|0|0,0|0|0|0,0|0|1|2,0|.0|.,.|.
5HT2cR-ligated-N	108	109	A	1	1	0	1	0	0	0	0	0	27	0	0	0	.	0	0	0	0	0	0	0	0	0	0	.	1	0	0	0	0	0	27	0	0	0	.	0|0|1|27,0|0|0|0,0|0|0|0,0|0|0|0,0|.0|.,.|.
5HT2cR-ligated-N	109	110	A	1	1	0	1	0	0	0	0	0	36	0	0	0	.	0	0	0	0	0	0	0	0	0	0	.	1	0	0	0	0	0	36	0	0	0	.	0|0|1|36,0|0|0|0,0|0|0|0,0|0|0|0,0|.0|.,.|.
5HT2cR-ligated-N	110	111	A	1	1	0	1	0	0	0	0	0	38	0	0	0	.	0	0	0	0	0	0	0	0	0	0	.	1	0	0	0	0	0	38	0	0	0	.	0|0|1|38,0|0|0|0,0|0|0|0,0|0|0|0,0|.0|.,.|.
5HT2cR-ligated-N	111	112	T	1	1	0	0	0	0	1	0	0	0	0	0	32	.	0	0	0	0	0	0	0	0	0	0	.	0	0	0	1	0	0	0	0	0	32	.	0|0|0|0,0|0|0|0,0|0|0|0,0|0|1|32,0|.0|.,.|.
5HT2cR-ligated-N	112	113	A	1	1	0	1	0	0	0	0	0	38	0	0	0	.	0	0	0	0	0	0	0	0	0	0	.	1	0	0	0	0	0	38	0	0	0	.	0|0|1|38,0|0|0|0,0|0|0|0,0|0|0|0,0|.0|.,.|.
5HT2cR-ligated-N	113	114	A	1	1	0	1	0	0	0	0	0	33	0	0	0	.	0	0	0	0	0	0	0	0	0	0	.	1	0	0	0	0	0	33	0	0	0	.	0|0|1|33,0|0|0|0,0|0|0|0,0|0|0|0,0|.0|.,.|.
5HT2cR-ligated-N	114	115	A	1	1	0	1	0	0	0	0	0	16	0	0	0	.	0	0	0	0	0	0	0	0	0	0	.	1	0	0	0	0	0	16	0	0	0	.	0|0|1|16,0|0|0|0,0|0|0|0,0|0|0|0,0|.0|.,.|.
5HT2cR-ligated-N	115	116	A	1	1	0	1	0	0	0	0	0	30	0	0	0	.	0	0	0	0	0	0	0	0	0	0	.	1	0	0	0	0	0	30	0	0	0	.	0|0|1|30,0|0|0|0,0|0|0|0,0|0|0|0,0|.0|.,.|.
5HT2cR-ligated-N	116	117	C	1	1	0	0	1	0	0	0	0	0	16	0	0	.	0	0	0	0	0	0	0	0	0	0	.	0	1	0	0	0	0	0	16	0	0	.	0|0|0|0,0|0|1|16,0|0|0|0,0|0|0|0,0|.0|.,.|.
5HT2cR-ligated-N	117	118	T	1	1	0	0	0	0	1	0	0	0	0	0	38	.	0	0	0	0	0	0	0	0	0	0	.	0	0	0	1	0	0	0	0	0	38	.	0|0|0|0,0|0|0|0,0|0|0|0,0|0|1|38,0|.0|.,.|.
5HT2cR-ligated-N	118	119	T	1	1	0	0	0	0	1	0	0	0	0	0	34	.	0	0	0	0	0	0	0	0	0	0	.	0	0	0	1	0	0	0	0	0	34	.	0|0|0|0,0|0|0|0,0|0|0|0,0|0|1|34,0|.0|.,.|.
5HT2cR-ligated-N	119	120	T	1	1	0	0	0	0	1	0	0	0	0	0	33	.	0	0	0	0	0	0	0	0	0	0	.	0	0	0	1	0	0	0	0	0	33	.	0|0|0|0,0|0|0|0,0|0|0|0,0|0|1|33,0|.0|.,.|.
5HT2cR-ligated-N	120	121	T	1	1	0	0	0	0	1	0	0	0	0	0	16	.	0	0	0	0	0	0	0	0	0	0	.	0	0	0	1	0	0	0	0	0	16	.	0|0|0|0,0|0|0|0,0|0|0|0,0|0|1|16,0|.0|.,.|.
5HT2cR-ligated-N	121	122	T	1	1	0	0	0	0	1	0	0	0	0	0	30	.	0	0	0	0	0	0	0	0	0	0	.	0	0	0	1	0	0	0	0	0	30	.	0|0|0|0,0|0|0|0,0|0|0|0,0|0|1|30,0|.0|.,.|.
5HT2cR-ligated-N	122	123	G	1	1	0	0	0	1	0	0	0	0	0	15	0	.	0	0	0	0	0	0	0	0	0	0	.	0	0	1	0	0	0	0	0	15	0	.	0|0|0|0,0|0|0|0,0|0|1|15,0|0|0|0,0|.0|.,.|.
5HT2cR-ligated-N	123	124	G	1	1	0	0	0	1	0	0	0	0	0	30	0	.	0	0	0	0	0	0	0	0	0	0	.	0	0	1	0	0	0	0	0	30	0	.	0|0|0|0,0|0|0|0,0|0|1|30,0|0|0|0,0|.0|.,.|.
5HT2cR-ligated-N	124	125	C	1	1	0	0	1	0	0	0	0	0	30	0	0	.	0	0	0	0	0	0	0	0	0	0	.	0	1	0	0	0	0	0	30	0	0	.	0|0|0|0,0|0|1|30,0|0|0|0,0|0|0|0,0|.0|.,.|.
5HT2cR-ligated-N	125	126	C	1	1	0	0	1	0	0	0	0	0	27	0	0	.	0	0	0	0	0	0	0	0	0	0	.	0	1	0	0	0	0	0	27	0	0	.	0|0|0|0,0|0|1|27,0|0|0|0,0|0|0|0,0|.0|.,.|.
5HT2cR-ligated-N	126	127	A	1	1	0	1	0	0	0	0	0	31	0	0	0	.	0	0	0	0	0	0	0	0	0	0	.	1	0	0	0	0	0	31	0	0	0	.	0|0|1|31,0|0|0|0,0|0|0|0,0|0|0|0,0|.0|.,.|.
5HT2cR-ligated-N	127	128	T	1	1	0	0	0	0	1	0	0	0	0	0	30	.	0	0	0	0	0	0	0	0	0	0	.	0	0	0	1	0	0	0	0	0	30	.	0|0|0|0,0|0|0|0,0|0|0|0,0|0|1|30,0|.0|.,.|.
5HT2cR-ligated-N	128	129	A	1	1	0	1	0	0	0	0	0	34	0	0	0	.	0	0	0	0	0	0	0	0	0	0	.	1	0	0	0	0	0	34	0	0	0	.	0|0|1|34,0|0|0|0,0|0|0|0,0|0|0|0,0|.0|.,.|.
5HT2cR-ligated-N	129	130	A	1	1	0	1	0	0	0	0	0	17	0	0	0	.	0	0	0	0	0	0	0	0	0	0	.	1	0	0	0	0	0	17	0	0	0	.	0|0|1|17,0|0|0|0,0|0|0|0,0|0|0|0,0|.0|.,.|.
5HT2cR-ligated-N	130	131	G	1	1	0	0	0	1	0	0	0	0	0	21	0	.	0	0	0	0	0	0	0	0	0	0	.	0	0	1	0	0	0	0	0	21	0	.	0|0|0|0,0|0|0|0,0|0|1|21,0|0|0|0,0|.0|.,.|.
5HT2cR-ligated-N	131	132	A	1	1	0	1	0	0	0	0	0	18	0	0	0	.	0	0	0	0	0	0	0	0	0	0	.	1	0	0	0	0	0	18	0	0	0	.	0|0|1|18,0|0|0|0,0|0|0|0,0|0|0|0,0|.0|.,.|.
5HT2cR-ligated-N	132	133	A	1	1	0	1	0	0	0	0	0	39	0	0	0	.	0	0	0	0	0	0	0	0	0	0	.	1	0	0	0	0	0	39	0	0	0	.	0|0|1|39,0|0|0|0,0|0|0|0,0|0|0|0,0|.0|.,.|.
5HT2cR-ligated-N	133	134	T	1	1	0	0	0	0	1	0	0	0	0	0	38	.	0	0	0	0	0	0	0	0	0	0	.	0	0	0	1	0	0	0	0	0	38	.	0|0|0|0,0|0|0|0,0|0|0|0,0|0|1|38,0|.0|.,.|.
5HT2cR-ligated-N	134	135	T	1	1	0	0	0	0	1	0	0	0	0	0	27	.	0	0	0	0	0	0	0	0	0	0	.	0	0	0	1	0	0	0	0	0	27	.	0|0|0|0,0|0|0|0,0|0|0|0,0|0|1|27,0|.0|.,.|.
5HT2cR-ligated-N	135	136	G	1	1	0	0	0	1	0	0	0	0	0	16	0	.	0	0	0	0	0	0	0	0	0	0	.	0	0	1	0	0	0	0	0	16	0	.	0|0|0|0,0|0|0|0,0|0|1|16,0|0|0|0,0|.0|.,.|.
5HT2cR-ligated-N	136	137	C	1	1	0	0	1	0	0	0	0	0	16	0	0	.	0	0	0	0	0	0	0	0	0	0	.	0	1	0	0	0	0	0	16	0	0	.	0|0|0|0,0|0|1|16,0|0|0|0,0|0|0|0,0|.0|.,.|.
5HT2cR-ligated-N	137	138	A	1	1	0	1	0	0	0	0	0	29	0	0	0	.	0	0	0	0	0	0	0	0	0	0	.	1	0	0	0	0	0	29	0	0	0	.	0|0|1|29,0|0|0|0,0|0|0|0,0|0|0|0,0|.0|.,.|.
5HT2cR-ligated-N	138	139	G	1	1	0	0	0	1	0	0	0	0	0	16	0	.	0	0	0	0	0	0	0	0	0	0	.	0	0	1	0	0	0	0	0	16	0	.	0|0|0|0,0|0|0|0,0|0|1|16,0|0|0|0,0|.0|.,.|.
5HT2cR-ligated-N	139	140	C	1	1	0	0	1	0	0	0	0	0	27	0	0	.	0	0	0	0	0	0	0	0	0	0	.	0	1	0	0	0	0	0	27	0	0	.	0|0|0|0,0|0|1|27,0|0|0|0,0|0|0|0,0|.0|.,.|.
5HT2cR-ligated-N	140	141	G	1	1	0	0	0	1	0	0	0	0	0	15	0	.	0	0	0	0	0	0	0	0	0	0	.	0	0	1	0	0	0	0	0	15	0	.	0|0|0|0,0|0|0|0,0|0|1|15,0|0|0|0,0|.0|.,.|.
5HT2cR-ligated-N	141	142	G	1	1	0	0	0	1	0	0	0	0	0	17	0	.	0	0	0	0	0	0	0	0	0	0	.	0	0	1	0	0	0	0	0	17	0	.	0|0|0|0,0|0|0|0,0|0|1|17,0|0|0|0,0|.0|.,.|.
5HT2cR-ligated-N	142	143	C	1	1	0	0	1	0	0	0	0	0	30	0	0	.	0	0	0	0	0	0	0	0	0	0	.	0	1	0	0	0	0	0	30	0	0	.	0|0|0|0,0|0|1|30,0|0|0|0,0|0|0|0,0|.0|.,.|.
5HT2cR-ligated-N	143	144	T	1	1	0	0	0	0	1	0	0	0	0	0	2	.	0	0	0	0	0	0	0	0	0	0	.	0	0	0	1	0	0	0	0	0	2	.	0|0|0|0,0|0|0|0,0|0|0|0,0|0|1|2,0|.0|.,.|.
5HT2cR-ligated-N	144	145	A	1	1	0	1	0	0	0	0	0	17	0	0	0	.	0	0	0	0	0	0	0	0	0	0	.	1	0	0	0	0	0	17	0	0	0	.	0|0|1|17,0|0|0|0,0|0|0|0,0|0|0|0,0|.0|.,.|.
5HT2cR-ligated-N	145	146	T	1	1	0	0	0	0	1	0	0	0	0	0	14	.	0	0	0	0	0	0	0	0	0	0	.	0	0	0	1	0	0	0	0	0	14	.	0|0|0|0,0|0|0|0,0|0|0|0,0|0|1|14,0|.0|.,.|.
5HT2cR-ligated-N	146	147	G	1	1	0	0	0	1	0	0	0	0	0	17	0	.	0	0	0	0	0	0	0	0	0	0	.	0	0	1	0	0	0	0	0	17	0	.	0|0|0|0,0|0|0|0,0|0|1|17,0|0|0|0,0|.0|.,.|.
5HT2cR-ligated-N	147	148	C	1	0	1	1	0	0	0	0	0	3	0	0	0	.	0	0	0	0	0	0	0	0	0	0	.	1	0	0	0	0	0	3	0	0	0	.	0|0|1|3,0|0|0|0,0|0|0|0,0|0|0|0,0|.0|.,.|.
5HT2cR-ligated-N	148	149	T	1	1	0	0	0	0	1	0	0	0	0	0	27	.	0	0	0	0	0	0	0	0	0	0	.	0	0	0	1	0	0	0	0	0	27	.	0|0|0|0,0|0|0|0,0|0|0|0,0|0|1|27,0|.0|.,.|.
5HT2cR-ligated-N	149	150	C	1	1	0	0	1	0	0	0	0	0	38	0	0	.	0	0	0	0	0	0	0	0	0	0	.	0	1	0	0	0	0	0	38	0	0	.	0|0|0|0,0|0|1|38,0|0|0|0,0|0|0|0,0|.0|.,.|.
5HT2cR-ligated-N	150	151	A	1	1	0	1	0	0	0	0	0	37	0	0	0	.	0	0	0	0	0	0	0	0	0	0	.	1	0	0	0	0	0	37	0	0	0	.	0|0|1|37,0|0|0|0,0|0|0|0,0|0|0|0,0|.0|.,.|.
5HT2cR-ligated-N	151	152	A	1	1	0	1	0	0	0	0	0	30	0	0	0	.	0	0	0	0	0	0	0	0	0	0	.	1	0	0	0	0	0	30	0	0	0	.	0|0|1|30,0|0|0|0,0|0|0|0,0|0|0|0,0|.0|.,.|.
5HT2cR-ligated-N	152	153	T	1	1	0	0	0	0	1	0	0	0	0	0	33	.	0	0	0	0	0	0	0	0	0	0	.	0	0	0	1	0	0	0	0	0	33	.	0|0|0|0,0|0|0|0,0|0|0|0,0|0|1|33,0|.0|.,.|.
5HT2cR-ligated-N	153	154	A	1	1	0	1	0	0	0	0	0	30	0	0	0	.	0	0	0	0	0	0	0	0	0	0	.	1	0	0	0	0	0	30	0	0	0	.	0|0|1|30,0|0|0|0,0|0|0|0,0|0|0|0,0|.0|.,.|.
5HT2cR-ligated-N	154	155	C	1	1	0	0	1	0	0	0	0	0	16	0	0	.	0	0	0	0	0	0	0	0	0	0	.	0	1	0	0	0	0	0	16	0	0	.	0|0|0|0,0|0|1|16,0|0|0|0,0|0|0|0,0|.0|.,.|.
5HT2cR-ligated-N	155	156	T	1	1	0	0	0	0	1	0	0	0	0	0	29	.	0	0	0	0	0	0	0	0	0	0	.	0	0	0	1	0	0	0	0	0	29	.	0|0|0|0,0|0|0|0,0|0|0|0,0|0|1|29,0|.0|.,.|.
5HT2cR-ligated-N	156	157	T	1	1	0	0	0	0	1	0	0	0	0	0	16	.	0	0	0	0	0	0	0	0	0	0	.	0	0	0	1	0	0	0	0	0	16	.	0|0|0|0,0|0|0|0,0|0|0|0,0|0|1|16,0|.0|.,.|.
5HT2cR-ligated-N	157	158	T	1	1	0	0	0	0	1	0	0	0	0	0	29	.	0	0	0	0	0	0	0	0	0	0	.	0	0	0	1	0	0	0	0	0	29	.	0|0|0|0,0|0|0|0,0|0|0|0,0|0|1|29,0|.0|.,.|.
5HT2cR-ligated-N	158	159	C	1	1	0	0	1	0	0	0	0	0	16	0	0	.	0	0	0	0	0	0	0	0	0	0	.	0	1	0	0	0	0	0	16	0	0	.	0|0|0|0,0|0|1|16,0|0|0|0,0|0|0|0,0|.0|.,.|.
5HT2cR-ligated-N	159	160	G	1	1	0	0	0	1	0	0	0	0	0	33	0	.	0	0	0	0	0	0	0	0	0	0	.	0	0	1	0	0	0	0	0	33	0	.	0|0|0|0,0|0|0|0,0|0|1|33,0|0|0|0,0|.0|.,.|.
5HT2cR-ligated-N	160	161	G	1	1	0	0	0	1	0	0	0	0	0	4	0	.	0	0	0	0	0	0	0	0	0	0	.	0	0	1	0	0	0	0	0	4	0	.	0|0|0|0,0|0|0|0,0|0|1|4,0|0|0|0,0|.0|.,.|.
5HT2cR-ligated-N	161	162	A	1	1	0	1	0	0	0	0	0	19	0	0	0	.	0	0	0	0	0	0	0	0	0	0	.	1	0	0	0	0	0	19	0	0	0	.	0|0|1|19,0|0|0|0,0|0|0|0,0|0|0|0,0|.0|.,.|.
5HT2cR-ligated-N	162	163	T	1	1	0	0	0	0	1	0	0	0	0	0	18	.	0	0	0	0	0	0	0	0	0	0	.	0	0	0	1	0	0	0	0	0	18	.	0|0|0|0,0|0|0|0,0|0|0|0,0|0|1|18,0|.0|.,.|.
5HT2cR-ligated-N	163	164	T	1	1	0	0	0	0	1	0	0	0	0	0	33	.	0	0	0	0	0	0	0	0	0	0	.	0	0	0	1	0	0	0	0	0	33	.	0|0|0|0,0|0|0|0,0|0|0|0,0|0|1|33,0|.0|.,.|.
5HT2cR-ligated-N	164	165	A	1	1	0	1	0	0	0	0	0	28	0	0	0	.	0	0	0	0	0	0	0	0	0	0	.	1	0	0	0	0	0	28	0	0	0	.	0|0|1|28,0|0|0|0,0|0|0|0,0|0|0|0,0|.0|.,.|.
5HT2cR-ligated-N	165	166	T	1	1	0	0	0	0	1	0	0	0	0	0	35	.	0	0	0	0	0	0	0	0	0	0	.	0	0	0	1	0	0	0	0	0	35	.	0|0|0|0,0|0|0|0,0|0|0|0,0|0|1|35,0|.0|.,.|.
5HT2cR-ligated-N	166	167	G	1	1	0	0	0	1	0	0	0	0	0	17	0	.	0	0	0	0	0	0	0	0	0	0	.	0	0	1	0	0	0	0	0	17	0	.	0|0|0|0,0|0|0|0,0|0|1|17,0|0|0|0,0|.0|.,.|.
5HT2cR-ligated-N	167	168	T	1	1	0	0	0	0	1	0	0	0	0	0	18	.	0	0	0	0	0	0	0	0	0	0	.	0	0	0	1	0	0	0	0	0	18	.	0|0|0|0,0|0|0|0,0|0|0|0,0|0|1|18,0|.0|.,.|.
5HT2cR-ligated-N	168	169	A	1	1	0	1	0	0	0	0	0	13	0	0	0	.	0	0	0	0	0	0	0	0	0	0	.	1	0	0	0	0	0	13	0	0	0	.	0|0|1|13,0|0|0|0,0|0|0|0,0|0|0|0,0|.0|.,.|.
5HT2cR-ligated-N	169	170	C	1	1	0	0	1	0	0	0	0	0	16	0	0	.	0	0	0	0	0	0	0	0	0	0	.	0	1	0	0	0	0	0	16	0	0	.	0|0|0|0,0|0|1|16,0|0|0|0,0|0|0|0,0|.0|.,.|.
5HT2cR-ligated-N	170	171	T	1	1	0	0	0	0	1	0	0	0	0	0	29	.	0	0	0	0	0	0	0	0	0	0	.	0	0	0	1	0	0	0	0	0	29	.	0|0|0|0,0|0|0|0,0|0|0|0,0|0|1|29,0|.0|.,.|.
5HT2cR-ligated-N	171	172	G	1	1	0	0	0	1	0	0	0	0	0	2	0	.	0	0	0	0	0	0	0	0	0	0	.	0	0	1	0	0	0	0	0	2	0	.	0|0|0|0,0|0|0|0,0|0|1|2,0|0|0|0,0|.0|.,.|.
5HT2cR-ligated-N	172	173	T	1	1	0	0	0	0	1	0	0	0	0	0	38	.	0	0	0	0	0	0	0	0	0	0	.	0	0	0	1	0	0	0	0	0	38	.	0|0|0|0,0|0|0|0,0|0|0|0,0|0|1|38,0|.0|.,.|.
