chrom	start	end	ref	depth	r_depth	a_depth	num_A	num_C	num_G	num_T	num_D	num_I	totQ_A	totQ_C	totQ_G	totQ_T	all_ins	num_F_A	num_F_C	num_F_G	num_F_T	num_F_D	num_F_I	totQ_F_A	totQ_F_C	totQ_F_G	totQ_F_T	all_F_ins	num_R_A	num_R_C	num_R_G	num_R_T	num_R_D	num_R_I	totQ_R_A	totQ_R_C	totQ_R_G	totQ_R_T	all_R_ins	sample_1
5HT2cR-ligated-N	8	9	C	1	1	0	0	1	0	0	0	0	0	15	0	0	.	0	0	0	0	0	0	0	0	0	0	.	0	1	0	0	0	0	0	15	0	0	.	0|0|0|0,0|0|1|15,0|0|0|0,0|0|0|0,0|.0|.,.|.
5HT2cR-ligated-N	9	10	G	1	1	0	0	0	1	0	0	0	0	0	32	0	.	0	0	0	0	0	0	0	0	0	0	.	0	0	1	0	0	0	0	0	32	0	.	0|0|0|0,0|0|0|0,0|0|1|32,0|0|0|0,0|.0|.,.|.
5HT2cR-ligated-N	10	11	G	1	1	0	0	0	1	0	0	0	0	0	14	0	.	0	0	0	0	0	0	0	0	0	0	.	0	0	1	0	0	0	0	0	14	0	.	0|0|0|0,0|0|0|0,0|0|1|14,0|0|0|0,0|.0|.,.|.
5HT2cR-ligated-N	11	12	T	1	1	0	0	0	0	1	0	0	0	0	0	14	.	0	0	0	0	0	0	0	0	0	0	.	0	0	0	1	0	0	0	0	0	14	.	0|0|0|0,0|0|0|0,0|0|0|0,0|0|1|14,0|.0|.,.|.
5HT2cR-ligated-N	12	13	A	1	1	0	1	0	0	0	0	0	14	0	0	0	.	0	0	0	0	0	0	0	0	0	0	.	1	0	0	0	0	0	14	0	0	0	.	0|0|1|14,0|0|0|0,0|0|0|0,0|0|0|0,0|.0|.,.|.
5HT2cR-ligated-N	13	14	T	1	0	1	0	0	1	0	0	0	0	0	14	0	.	0	0	0	0	0	0	0	0	0	0	.	0	0	1	0	0	0	0	0	14	0	.	0|0|0|0,0|0|0|0,0|0|1|14,0|0|0|0,0|.0|.,.|.
5HT2cR-ligated-N	14	15	G	1	1	0	0	0	1	0	0	0	0	0	32	0	.	0	0	0	0	0	0	0	0	0	0	.	0	0	1	0	0	0	0	0	32	0	.	0|0|0|0,0|0|0|0,0|0|1|32,0|0|0|0,0|.0|.,.|.
5HT2cR-ligated-N	15	16	T	1	0	1	0	0	1	0	0	0	0	0	14	0	.	0	0	0	0	0	0	0	0	0	0	.	0	0	1	0	0	0	0	0	14	0	.	0|0|0|0,0|0|0|0,0|0|1|14,0|0|0|0,0|.0|.,.|.
5HT2cR-ligated-N	16	17	A	1	1	0	1	0	0	0	0	0	33	0	0	0	.	0	0	0	0	0	0	0	0	0	0	.	1	0	0	0	0	0	33	0	0	0	.	0|0|1|33,0|0|0|0,0|0|0|0,0|0|0|0,0|.0|.,.|.
5HT2cR-ligated-N	17	18	G	1	0	1	1	0	0	0	0	0	15	0	0	0	.	0	0	0	0	0	0	0	0	0	0	.	1	0	0	0	0	0	15	0	0	0	.	0|0|1|15,0|0|0|0,0|0|0|0,0|0|0|0,0|.0|.,.|.
5HT2cR-ligated-N	18	19	C	1	0	1	1	0	0	0	0	0	14	0	0	0	.	0	0	0	0	0	0	0	0	0	0	.	1	0	0	0	0	0	14	0	0	0	.	0|0|1|14,0|0|0|0,0|0|0|0,0|0|0|0,0|.0|.,.|.
5HT2cR-ligated-N	19	20	A	1	1	0	1	0	0	0	0	0	15	0	0	0	.	0	0	0	0	0	0	0	0	0	0	.	1	0	0	0	0	0	15	0	0	0	.	0|0|1|15,0|0|0|0,0|0|0|0,0|0|0|0,0|.0|.,.|.
5HT2cR-ligated-N	20	21	N	1	0	1	0	0	1	0	0	0	0	0	15	0	.	0	0	0	0	0	0	0	0	0	0	.	0	0	1	0	0	0	0	0	15	0	.	0|0|0|0,0|0|0|0,0|0|1|15,0|0|0|0,0|.0|.,.|.
5HT2cR-ligated-N	21	22	T	1	1	0	0	0	0	1	0	0	0	0	0	32	.	0	0	0	0	0	0	0	0	0	0	.	0	0	0	1	0	0	0	0	0	32	.	0|0|0|0,0|0|0|0,0|0|0|0,0|0|1|32,0|.0|.,.|.
5HT2cR-ligated-N	22	23	N	1	0	1	0	0	1	0	0	0	0	0	35	0	.	0	0	0	0	0	0	0	0	0	0	.	0	0	1	0	0	0	0	0	35	0	.	0|0|0|0,0|0|0|0,0|0|1|35,0|0|0|0,0|.0|.,.|.
5HT2cR-ligated-N	23	24	C	1	1	0	0	1	0	0	0	0	0	16	0	0	.	0	0	0	0	0	0	0	0	0	0	.	0	1	0	0	0	0	0	16	0	0	.	0|0|0|0,0|0|1|16,0|0|0|0,0|0|0|0,0|.0|.,.|.
5HT2cR-ligated-N	24	25	G	1	1	0	0	0	1	0	0	0	0	0	14	0	.	0	0	0	0	0	0	0	0	0	0	.	0	0	1	0	0	0	0	0	14	0	.	0|0|0|0,0|0|0|0,0|0|1|14,0|0|0|0,0|.0|.,.|.
5HT2cR-ligated-N	25	26	T	1	1	0	0	0	0	1	0	0	0	0	0	14	.	0	0	0	0	0	0	0	0	0	0	.	0	0	0	1	0	0	0	0	0	14	.	0|0|0|0,0|0|0|0,0|0|0|0,0|0|1|14,0|.0|.,.|.
5HT2cR-ligated-N	26	27	N	1	0	1	0	0	1	0	0	0	0	0	14	0	.	0	0	0	0	0	0	0	0	0	0	.	0	0	1	0	0	0	0	0	14	0	.	0|0|0|0,0|0|0|0,0|0|1|14,0|0|0|0,0|.0|.,.|.
5HT2cR-ligated-N	27	28	N	1	0	1	0	0	1	0	0	0	0	0	14	0	.	0	0	0	0	0	0	0	0	0	0	.	0	0	1	0	0	0	0	0	14	0	.	0|0|0|0,0|0|0|0,0|0|1|14,0|0|0|0,0|.0|.,.|.
5HT2cR-ligated-N	28	29	T	1	1	0	0	0	0	1	0	0	0	0	0	14	.	0	0	0	0	0	0	0	0	0	0	.	0	0	0	1	0	0	0	0	0	14	.	0|0|0|0,0|0|0|0,0|0|0|0,0|0|1|14,0|.0|.,.|.
5HT2cR-ligated-N	29	30	C	1	1	0	0	1	0	0	0	0	0	33	0	0	.	0	0	0	0	0	0	0	0	0	0	.	0	1	0	0	0	0	0	33	0	0	.	0|0|0|0,0|0|1|33,0|0|0|0,0|0|0|0,0|.0|.,.|.
5HT2cR-ligated-N	30	31	C	1	1	0	0	1	0	0	0	0	0	33	0	0	.	0	0	0	0	0	0	0	0	0	0	.	0	1	0	0	0	0	0	33	0	0	.	0|0|0|0,0|0|1|33,0|0|0|0,0|0|0|0,0|.0|.,.|.
5HT2cR-ligated-N	31	32	T	1	1	0	0	0	0	1	0	0	0	0	0	16	.	0	0	0	0	0	0	0	0	0	0	.	0	0	0	1	0	0	0	0	0	16	.	0|0|0|0,0|0|0|0,0|0|0|0,0|0|1|16,0|.0|.,.|.
5HT2cR-ligated-N	32	33	N	1	0	1	0	0	1	0	0	0	0	0	16	0	.	0	0	0	0	0	0	0	0	0	0	.	0	0	1	0	0	0	0	0	16	0	.	0|0|0|0,0|0|0|0,0|0|1|16,0|0|0|0,0|.0|.,.|.
5HT2cR-ligated-N	33	34	T	1	1	0	0	0	0	1	0	0	0	0	0	16	.	0	0	0	0	0	0	0	0	0	0	.	0	0	0	1	0	0	0	0	0	16	.	0|0|0|0,0|0|0|0,0|0|0|0,0|0|1|16,0|.0|.,.|.
5HT2cR-ligated-N	34	35	T	1	0	1	0	0	1	0	0	0	0	0	16	0	.	0	0	0	0	0	0	0	0	0	0	.	0	0	1	0	0	0	0	0	16	0	.	0|0|0|0,0|0|0|0,0|0|1|16,0|0|0|0,0|.0|.,.|.
5HT2cR-ligated-N	35	36	G	1	1	0	0	0	1	0	0	0	0	0	15	0	.	0	0	0	0	0	0	0	0	0	0	.	0	0	1	0	0	0	0	0	15	0	.	0|0|0|0,0|0|0|0,0|0|1|15,0|0|0|0,0|.0|.,.|.
5HT2cR-ligated-N	36	37	A	1	1	0	1	0	0	0	0	0	16	0	0	0	.	0	0	0	0	0	0	0	0	0	0	.	1	0	0	0	0	0	16	0	0	0	.	0|0|1|16,0|0|0|0,0|0|0|0,0|0|0|0,0|.0|.,.|.
5HT2cR-ligated-N	37	38	G	1	1	0	0	0	1	0	0	0	0	0	32	0	.	0	0	0	0	0	0	0	0	0	0	.	0	0	1	0	0	0	0	0	32	0	.	0|0|0|0,0|0|0|0,0|0|1|32,0|0|0|0,0|.0|.,.|.
5HT2cR-ligated-N	38	39	C	1	1	0	0	1	0	0	0	0	0	15	0	0	.	0	0	0	0	0	0	0	0	0	0	.	0	1	0	0	0	0	0	15	0	0	.	0|0|0|0,0|0|1|15,0|0|0|0,0|0|0|0,0|.0|.,.|.
5HT2cR-ligated-N	39	40	A	1	1	0	1	0	0	0	0	0	14	0	0	0	.	0	0	0	0	0	0	0	0	0	0	.	1	0	0	0	0	0	14	0	0	0	.	0|0|1|14,0|0|0|0,0|0|0|0,0|0|0|0,0|.0|.,.|.
5HT2cR-ligated-N	40	41	T	1	1	0	0	0	0	1	0	0	0	0	0	33	.	0	0	0	0	0	0	0	0	0	0	.	0	0	0	1	0	0	0	0	0	33	.	0|0|0|0,0|0|0|0,0|0|0|0,0|0|1|33,0|.0|.,.|.
5HT2cR-ligated-N	41	42	A	1	1	0	1	0	0	0	0	0	16	0	0	0	.	0	0	0	0	0	0	0	0	0	0	.	1	0	0	0	0	0	16	0	0	0	.	0|0|1|16,0|0|0|0,0|0|0|0,0|0|0|0,0|.0|.,.|.
5HT2cR-ligated-N	42	43	G	1	0	1	0	0	0	1	0	0	0	0	0	17	.	0	0	0	0	0	0	0	0	0	0	.	0	0	0	1	0	0	0	0	0	17	.	0|0|0|0,0|0|0|0,0|0|0|0,0|0|1|17,0|.0|.,.|.
5HT2cR-ligated-N	43	44	C	1	1	0	0	1	0	0	0	0	0	17	0	0	.	0	0	0	0	0	0	0	0	0	0	.	0	1	0	0	0	0	0	17	0	0	.	0|0|0|0,0|0|1|17,0|0|0|0,0|0|0|0,0|.0|.,.|.
5HT2cR-ligated-N	44	45	C	1	1	0	0	1	0	0	0	0	0	17	0	0	.	0	0	0	0	0	0	0	0	0	0	.	0	1	0	0	0	0	0	17	0	0	.	0|0|0|0,0|0|1|17,0|0|0|0,0|0|0|0,0|.0|.,.|.
5HT2cR-ligated-N	45	46	G	1	1	0	0	0	1	0	0	0	0	0	30	0	.	0	0	0	0	0	0	0	0	0	0	.	0	0	1	0	0	0	0	0	30	0	.	0|0|0|0,0|0|0|0,0|0|1|30,0|0|0|0,0|.0|.,.|.
5HT2cR-ligated-N	46	47	G	1	1	0	0	0	1	0	0	0	0	0	14	0	.	0	0	0	0	0	0	0	0	0	0	.	0	0	1	0	0	0	0	0	14	0	.	0|0|0|0,0|0|0|0,0|0|1|14,0|0|0|0,0|.0|.,.|.
5HT2cR-ligated-N	47	48	T	1	0	1	0	0	1	0	0	0	0	0	14	0	.	0	0	0	0	0	0	0	0	0	0	.	0	0	1	0	0	0	0	0	14	0	.	0|0|0|0,0|0|0|0,0|0|1|14,0|0|0|0,0|.0|.,.|.
5HT2cR-ligated-N	48	49	T	1	0	1	0	0	1	0	0	0	0	0	14	0	.	0	0	0	0	0	0	0	0	0	0	.	0	0	1	0	0	0	0	0	14	0	.	0|0|0|0,0|0|0|0,0|0|1|14,0|0|0|0,0|.0|.,.|.
5HT2cR-ligated-N	49	50	T	1	1	0	0	0	0	1	0	0	0	0	0	29	.	0	0	0	0	0	0	0	0	0	0	.	0	0	0	1	0	0	0	0	0	29	.	0|0|0|0,0|0|0|0,0|0|0|0,0|0|1|29,0|.0|.,.|.
5HT2cR-ligated-N	50	51	C	1	1	0	0	1	0	0	0	0	0	29	0	0	.	0	0	0	0	0	0	0	0	0	0	.	0	1	0	0	0	0	0	29	0	0	.	0|0|0|0,0|0|1|29,0|0|0|0,0|0|0|0,0|.0|.,.|.
5HT2cR-ligated-N	51	52	A	1	0	1	0	0	1	0	0	0	0	0	14	0	.	0	0	0	0	0	0	0	0	0	0	.	0	0	1	0	0	0	0	0	14	0	.	0|0|0|0,0|0|0|0,0|0|1|14,0|0|0|0,0|.0|.,.|.
5HT2cR-ligated-N	52	53	A	1	0	1	0	1	0	0	0	0	0	14	0	0	.	0	0	0	0	0	0	0	0	0	0	.	0	1	0	0	0	0	0	14	0	0	.	0|0|0|0,0|0|1|14,0|0|0|0,0|0|0|0,0|.0|.,.|.
5HT2cR-ligated-N	53	54	T	1	1	0	0	0	0	1	0	0	0	0	0	14	.	0	0	0	0	0	0	0	0	0	0	.	0	0	0	1	0	0	0	0	0	14	.	0|0|0|0,0|0|0|0,0|0|0|0,0|0|1|14,0|.0|.,.|.
5HT2cR-ligated-N	54	55	T	1	1	0	0	0	0	1	0	0	0	0	0	14	.	0	0	0	0	0	0	0	0	0	0	.	0	0	0	1	0	0	0	0	0	14	.	0|0|0|0,0|0|0|0,0|0|0|0,0|0|1|14,0|.0|.,.|.
5HT2cR-ligated-N	55	56	C	1	1	0	0	1	0	0	0	0	0	30	0	0	.	0	0	0	0	0	0	0	0	0	0	.	0	1	0	0	0	0	0	30	0	0	.	0|0|0|0,0|0|1|30,0|0|0|0,0|0|0|0,0|.0|.,.|.
5HT2cR-ligated-N	56	57	G	1	0	1	0	0	0	1	0	0	0	0	0	16	.	0	0	0	0	0	0	0	0	0	0	.	0	0	0	1	0	0	0	0	0	16	.	0|0|0|0,0|0|0|0,0|0|0|0,0|0|1|16,0|.0|.,.|.
5HT2cR-ligated-N	57	58	C	1	1	0	0	1	0	0	0	0	0	33	0	0	.	0	0	0	0	0	0	0	0	0	0	.	0	1	0	0	0	0	0	33	0	0	.	0|0|0|0,0|0|1|33,0|0|0|0,0|0|0|0,0|.0|.,.|.
5HT2cR-ligated-N	58	59	G	1	0	1	0	0	0	1	0	0	0	0	0	17	.	0	0	0	0	0	0	0	0	0	0	.	0	0	0	1	0	0	0	0	0	17	.	0|0|0|0,0|0|0|0,0|0|0|0,0|0|1|17,0|.0|.,.|.
5HT2cR-ligated-N	59	60	G	1	0	1	1	0	0	0	0	0	17	0	0	0	.	0	0	0	0	0	0	0	0	0	0	.	1	0	0	0	0	0	17	0	0	0	.	0|0|1|17,0|0|0|0,0|0|0|0,0|0|0|0,0|.0|.,.|.
5HT2cR-ligated-N	60	61	A	1	0	1	0	0	0	1	0	0	0	0	0	17	.	0	0	0	0	0	0	0	0	0	0	.	0	0	0	1	0	0	0	0	0	17	.	0|0|0|0,0|0|0|0,0|0|0|0,0|0|1|17,0|.0|.,.|.
5HT2cR-ligated-N	61	62	C	1	1	0	0	1	0	0	0	0	0	17	0	0	.	0	0	0	0	0	0	0	0	0	0	.	0	1	0	0	0	0	0	17	0	0	.	0|0|0|0,0|0|1|17,0|0|0|0,0|0|0|0,0|.0|.,.|.
5HT2cR-ligated-N	62	63	T	1	1	0	0	0	0	1	0	0	0	0	0	16	.	0	0	0	0	0	0	0	0	0	0	.	0	0	0	1	0	0	0	0	0	16	.	0|0|0|0,0|0|0|0,0|0|0|0,0|0|1|16,0|.0|.,.|.
5HT2cR-ligated-N	63	64	A	1	1	0	1	0	0	0	0	0	29	0	0	0	.	0	0	0	0	0	0	0	0	0	0	.	1	0	0	0	0	0	29	0	0	0	.	0|0|1|29,0|0|0|0,0|0|0|0,0|0|0|0,0|.0|.,.|.
5HT2cR-ligated-N	64	65	A	1	1	0	1	0	0	0	0	0	33	0	0	0	.	0	0	0	0	0	0	0	0	0	0	.	1	0	0	0	0	0	33	0	0	0	.	0|0|1|33,0|0|0|0,0|0|0|0,0|0|0|0,0|.0|.,.|.
5HT2cR-ligated-N	65	66	G	1	0	1	1	0	0	0	0	0	16	0	0	0	.	0	0	0	0	0	0	0	0	0	0	.	1	0	0	0	0	0	16	0	0	0	.	0|0|1|16,0|0|0|0,0|0|0|0,0|0|0|0,0|.0|.,.|.
5HT2cR-ligated-N	66	67	G	1	0	1	1	0	0	0	0	0	16	0	0	0	.	0	0	0	0	0	0	0	0	0	0	.	1	0	0	0	0	0	16	0	0	0	.	0|0|1|16,0|0|0|0,0|0|0|0,0|0|0|0,0|.0|.,.|.
5HT2cR-ligated-N	67	68	C	1	0	1	1	0	0	0	0	0	4	0	0	0	.	0	0	0	0	0	0	0	0	0	0	.	1	0	0	0	0	0	4	0	0	0	.	0|0|1|4,0|0|0|0,0|0|0|0,0|0|0|0,0|.0|.,.|.
5HT2cR-ligated-N	68	69	C	1	1	0	0	1	0	0	0	0	0	2	0	0	.	0	0	0	0	0	0	0	0	0	0	.	0	1	0	0	0	0	0	2	0	0	.	0|0|0|0,0|0|1|2,0|0|0|0,0|0|0|0,0|.0|.,.|.
5HT2cR-ligated-N	69	70	A	1	1	0	1	0	0	0	0	0	29	0	0	0	.	0	0	0	0	0	0	0	0	0	0	.	1	0	0	0	0	0	29	0	0	0	.	0|0|1|29,0|0|0|0,0|0|0|0,0|0|0|0,0|.0|.,.|.
5HT2cR-ligated-N	70	71	T	1	1	0	0	0	0	1	0	0	0	0	0	16	.	0	0	0	0	0	0	0	0	0	0	.	0	0	0	1	0	0	0	0	0	16	.	0|0|0|0,0|0|0|0,0|0|0|0,0|0|1|16,0|.0|.,.|.
5HT2cR-ligated-N	71	72	C	1	1	0	0	1	0	0	0	0	0	33	0	0	.	0	0	0	0	0	0	0	0	0	0	.	0	1	0	0	0	0	0	33	0	0	.	0|0|0|0,0|0|1|33,0|0|0|0,0|0|0|0,0|.0|.,.|.
5HT2cR-ligated-N	72	73	A	1	1	0	1	0	0	0	0	0	37	0	0	0	.	0	0	0	0	0	0	0	0	0	0	.	1	0	0	0	0	0	37	0	0	0	.	0|0|1|37,0|0|0|0,0|0|0|0,0|0|0|0,0|.0|.,.|.
5HT2cR-ligated-N	73	74	T	1	1	0	0	0	0	1	0	0	0	0	0	35	.	0	0	0	0	0	0	0	0	0	0	.	0	0	0	1	0	0	0	0	0	35	.	0|0|0|0,0|0|0|0,0|0|0|0,0|0|1|35,0|.0|.,.|.
5HT2cR-ligated-N	74	75	G	1	1	0	0	0	1	0	0	0	0	0	16	0	.	0	0	0	0	0	0	0	0	0	0	.	0	0	1	0	0	0	0	0	16	0	.	0|0|0|0,0|0|0|0,0|0|1|16,0|0|0|0,0|.0|.,.|.
5HT2cR-ligated-N	75	76	A	1	1	0	1	0	0	0	0	0	30	0	0	0	.	0	0	0	0	0	0	0	0	0	0	.	1	0	0	0	0	0	30	0	0	0	.	0|0|1|30,0|0|0|0,0|0|0|0,0|0|0|0,0|.0|.,.|.
5HT2cR-ligated-N	76	77	A	1	1	0	1	0	0	0	0	0	16	0	0	0	.	0	0	0	0	0	0	0	0	0	0	.	1	0	0	0	0	0	16	0	0	0	.	0|0|1|16,0|0|0|0,0|0|0|0,0|0|0|0,0|.0|.,.|.
5HT2cR-ligated-N	77	78	G	1	1	0	0	0	1	0	0	0	0	0	16	0	.	0	0	0	0	0	0	0	0	0	0	.	0	0	1	0	0	0	0	0	16	0	.	0|0|0|0,0|0|0|0,0|0|1|16,0|0|0|0,0|.0|.,.|.
5HT2cR-ligated-N	78	79	A	1	1	0	1	0	0	0	0	0	37	0	0	0	.	0	0	0	0	0	0	0	0	0	0	.	1	0	0	0	0	0	37	0	0	0	.	0|0|1|37,0|0|0|0,0|0|0|0,0|0|0|0,0|.0|.,.|.
5HT2cR-ligated-N	79	80	T	1	1	0	0	0	0	1	0	0	0	0	0	33	.	0	0	0	0	0	0	0	0	0	0	.	0	0	0	1	0	0	0	0	0	33	.	0|0|0|0,0|0|0|0,0|0|0|0,0|0|1|33,0|.0|.,.|.
5HT2cR-ligated-N	80	81	T	1	1	0	0	0	0	1	0	0	0	0	0	33	.	0	0	0	0	0	0	0	0	0	0	.	0	0	0	1	0	0	0	0	0	33	.	0|0|0|0,0|0|0|0,0|0|0|0,0|0|1|33,0|.0|.,.|.
5HT2cR-ligated-N	81	82	G	1	1	0	0	0	1	0	0	0	0	0	37	0	.	0	0	0	0	0	0	0	0	0	0	.	0	0	1	0	0	0	0	0	37	0	.	0|0|0|0,0|0|0|0,0|0|1|37,0|0|0|0,0|.0|.,.|.
5HT2cR-ligated-N	82	83	C	1	1	0	0	1	0	0	0	0	0	38	0	0	.	0	0	0	0	0	0	0	0	0	0	.	0	1	0	0	0	0	0	38	0	0	.	0|0|0|0,0|0|1|38,0|0|0|0,0|0|0|0,0|.0|.,.|.
5HT2cR-ligated-N	83	84	T	1	1	0	0	0	0	1	0	0	0	0	0	34	.	0	0	0	0	0	0	0	0	0	0	.	0	0	0	1	0	0	0	0	0	34	.	0|0|0|0,0|0|0|0,0|0|0|0,0|0|1|34,0|.0|.,.|.
5HT2cR-ligated-N	84	85	A	1	1	0	1	0	0	0	0	0	14	0	0	0	.	0	0	0	0	0	0	0	0	0	0	.	1	0	0	0	0	0	14	0	0	0	.	0|0|1|14,0|0|0|0,0|0|0|0,0|0|0|0,0|.0|.,.|.
5HT2cR-ligated-N	85	86	T	1	1	0	0	0	0	1	0	0	0	0	0	2	.	0	0	0	0	0	0	0	0	0	0	.	0	0	0	1	0	0	0	0	0	2	.	0|0|0|0,0|0|0|0,0|0|0|0,0|0|1|2,0|.0|.,.|.
5HT2cR-ligated-N	86	87	T	1	1	0	0	0	0	1	0	0	0	0	0	37	.	0	0	0	0	0	0	0	0	0	0	.	0	0	0	1	0	0	0	0	0	37	.	0|0|0|0,0|0|0|0,0|0|0|0,0|0|1|37,0|.0|.,.|.
5HT2cR-ligated-N	87	88	G	1	1	0	0	0	1	0	0	0	0	0	37	0	.	0	0	0	0	0	0	0	0	0	0	.	0	0	1	0	0	0	0	0	37	0	.	0|0|0|0,0|0|0|0,0|0|1|37,0|0|0|0,0|.0|.,.|.
5HT2cR-ligated-N	88	89	T	1	1	0	0	0	0	1	0	0	0	0	0	14	.	0	0	0	0	0	0	0	0	0	0	.	0	0	0	1	0	0	0	0	0	14	.	0|0|0|0,0|0|0|0,0|0|0|0,0|0|1|14,0|.0|.,.|.
5HT2cR-ligated-N	89	90	T	1	1	0	0	0	0	1	0	0	0	0	0	29	.	0	0	0	0	0	0	0	0	0	0	.	0	0	0	1	0	0	0	0	0	29	.	0|0|0|0,0|0|0|0,0|0|0|0,0|0|1|29,0|.0|.,.|.
5HT2cR-ligated-N	90	91	T	1	1	0	0	0	0	1	0	0	0	0	0	39	.	0	0	0	0	0	0	0	0	0	0	.	0	0	0	1	0	0	0	0	0	39	.	0|0|0|0,0|0|0|0,0|0|0|0,0|0|1|39,0|.0|.,.|.
5HT2cR-ligated-N	91	92	G	1	1	0	0	0	1	0	0	0	0	0	38	0	.	0	0	0	0	0	0	0	0	0	0	.	0	0	1	0	0	0	0	0	38	0	.	0|0|0|0,0|0|0|0,0|0|1|38,0|0|0|0,0|.0|.,.|.
5HT2cR-ligated-N	92	93	G	1	1	0	0	0	1	0	0	0	0	0	37	0	.	0	0	0	0	0	0	0	0	0	0	.	0	0	1	0	0	0	0	0	37	0	.	0|0|0|0,0|0|0|0,0|0|1|37,0|0|0|0,0|.0|.,.|.
5HT2cR-ligated-N	93	94	G	1	1	0	0	0	1	0	0	0	0	0	22	0	.	0	0	0	0	0	0	0	0	0	0	.	0	0	1	0	0	0	0	0	22	0	.	0|0|0|0,0|0|0|0,0|0|1|22,0|0|0|0,0|.0|.,.|.
5HT2cR-ligated-N	94	95	C	1	1	0	0	1	0	0	0	0	0	30	0	0	.	0	0	0	0	0	0	0	0	0	0	.	0	1	0	0	0	0	0	30	0	0	.	0|0|0|0,0|0|1|30,0|0|0|0,0|0|0|0,0|.0|.,.|.
5HT2cR-ligated-N	95	96	A	1	1	0	1	0	0	0	0	0	33	0	0	0	.	0	0	0	0	0	0	0	0	0	0	.	1	0	0	0	0	0	33	0	0	0	.	0|0|1|33,0|0|0|0,0|0|0|0,0|0|0|0,0|.0|.,.|.
5HT2cR-ligated-N	96	97	A	1	1	0	1	0	0	0	0	0	35	0	0	0	.	0	0	0	0	0	0	0	0	0	0	.	1	0	0	0	0	0	35	0	0	0	.	0|0|1|35,0|0|0|0,0|0|0|0,0|0|0|0,0|.0|.,.|.
5HT2cR-ligated-N	97	98	T	1	1	0	0	0	0	1	0	0	0	0	0	29	.	0	0	0	0	0	0	0	0	0	0	.	0	0	0	1	0	0	0	0	0	29	.	0|0|0|0,0|0|0|0,0|0|0|0,0|0|1|29,0|.0|.,.|.
5HT2cR-ligated-N	98	99	T	1	1	0	0	0	0	1	0	0	0	0	0	16	.	0	0	0	0	0	0	0	0	0	0	.	0	0	0	1	0	0	0	0	0	16	.	0|0|0|0,0|0|0|0,0|0|0|0,0|0|1|16,0|.0|.,.|.
5HT2cR-ligated-N	99	100	T	1	1	0	0	0	0	1	0	0	0	0	0	30	.	0	0	0	0	0	0	0	0	0	0	.	0	0	0	1	0	0	0	0	0	30	.	0|0|0|0,0|0|0|0,0|0|0|0,0|0|1|30,0|.0|.,.|.
5HT2cR-ligated-N	100	101	C	1	1	0	0	1	0	0	0	0	0	17	0	0	.	0	0	0	0	0	0	0	0	0	0	.	0	1	0	0	0	0	0	17	0	0	.	0|0|0|0,0|0|1|17,0|0|0|0,0|0|0|0,0|.0|.,.|.
5HT2cR-ligated-N	101	102	T	1	1	0	0	0	0	1	0	0	0	0	0	38	.	0	0	0	0	0	0	0	0	0	0	.	0	0	0	1	0	0	0	0	0	38	.	0|0|0|0,0|0|0|0,0|0|0|0,0|0|1|38,0|.0|.,.|.
5HT2cR-ligated-N	102	103	A	1	0	1	0	1	0	0	0	0	0	2	0	0	.	0	0	0	0	0	0	0	0	0	0	.	0	1	0	0	0	0	0	2	0	0	.	0|0|0|0,0|0|1|2,0|0|0|0,0|0|0|0,0|.0|.,.|.
5HT2cR-ligated-N	103	104	T	1	1	0	0	0	0	1	0	0	0	0	0	17	.	0	0	0	0	0	0	0	0	0	0	.	0	0	0	1	0	0	0	0	0	17	.	0|0|0|0,0|0|0|0,0|0|0|0,0|0|1|17,0|.0|.,.|.
5HT2cR-ligated-N	104	105	A	1	1	0	1	0	0	0	0	0	39	0	0	0	.	0	0	0	0	0	0	0	0	0	0	.	1	0	0	0	0	0	39	0	0	0	.	0|0|1|39,0|0|0|0,0|0|0|0,0|0|0|0,0|.0|.,.|.
5HT2cR-ligated-N	105	106	G	1	1	0	0	0	1	0	0	0	0	0	38	0	.	0	0	0	0	0	0	0	0	0	0	.	0	0	1	0	0	0	0	0	38	0	.	0|0|0|0,0|0|0|0,0|0|1|38,0|0|0|0,0|.0|.,.|.
5HT2cR-ligated-N	106	107	G	1	1	0	0	0	1	0	0	0	0	0	35	0	.	0	0	0	0	0	0	0	0	0	0	.	0	0	1	0	0	0	0	0	35	0	.	0|0|0|0,0|0|0|0,0|0|1|35,0|0|0|0,0|.0|.,.|.
5HT2cR-ligated-N	107	108	T	1	1	0	0	0	0	1	0	0	0	0	0	37	.	0	0	0	0	0	0	0	0	0	0	.	0	0	0	1	0	0	0	0	0	37	.	0|0|0|0,0|0|0|0,0|0|0|0,0|0|1|37,0|.0|.,.|.
5HT2cR-ligated-N	108	109	A	1	1	0	1	0	0	0	0	0	30	0	0	0	.	0	0	0	0	0	0	0	0	0	0	.	1	0	0	0	0	0	30	0	0	0	.	0|0|1|30,0|0|0|0,0|0|0|0,0|0|0|0,0|.0|.,.|.
5HT2cR-ligated-N	109	110	A	1	1	0	1	0	0	0	0	0	17	0	0	0	.	0	0	0	0	0	0	0	0	0	0	.	1	0	0	0	0	0	17	0	0	0	.	0|0|1|17,0|0|0|0,0|0|0|0,0|0|0|0,0|.0|.,.|.
5HT2cR-ligated-N	110	111	A	1	1	0	1	0	0	0	0	0	38	0	0	0	.	0	0	0	0	0	0	0	0	0	0	.	1	0	0	0	0	0	38	0	0	0	.	0|0|1|38,0|0|0|0,0|0|0|0,0|0|0|0,0|.0|.,.|.
5HT2cR-ligated-N	111	112	T	1	1	0	0	0	0	1	0	0	0	0	0	37	.	0	0	0	0	0	0	0	0	0	0	.	0	0	0	1	0	0	0	0	0	37	.	0|0|0|0,0|0|0|0,0|0|0|0,0|0|1|37,0|.0|.,.|.
5HT2cR-ligated-N	112	113	A	1	1	0	1	0	0	0	0	0	37	0	0	0	.	0	0	0	0	0	0	0	0	0	0	.	1	0	0	0	0	0	37	0	0	0	.	0|0|1|37,0|0|0|0,0|0|0|0,0|0|0|0,0|.0|.,.|.
5HT2cR-ligated-N	113	114	A	1	1	0	1	0	0	0	0	0	38	0	0	0	.	0	0	0	0	0	0	0	0	0	0	.	1	0	0	0	0	0	38	0	0	0	.	0|0|1|38,0|0|0|0,0|0|0|0,0|0|0|0,0|.0|.,.|.
5HT2cR-ligated-N	114	115	A	1	1	0	1	0	0	0	0	0	37	0	0	0	.	0	0	0	0	0	0	0	0	0	0	.	1	0	0	0	0	0	37	0	0	0	.	0|0|1|37,0|0|0|0,0|0|0|0,0|0|0|0,0|.0|.,.|.
5HT2cR-ligated-N	115	116	A	1	1	0	1	0	0	0	0	0	30	0	0	0	.	0	0	0	0	0	0	0	0	0	0	.	1	0	0	0	0	0	30	0	0	0	.	0|0|1|30,0|0|0|0,0|0|0|0,0|0|0|0,0|.0|.,.|.
5HT2cR-ligated-N	116	117	C	1	1	0	0	1	0	0	0	0	0	30	0	0	.	0	0	0	0	0	0	0	0	0	0	.	0	1	0	0	0	0	0	30	0	0	.	0|0|0|0,0|0|1|30,0|0|0|0,0|0|0|0,0|.0|.,.|.
5HT2cR-ligated-N	117	118	T	1	1	0	0	0	0	1	0	0	0	0	0	34	.	0	0	0	0	0	0	0	0	0	0	.	0	0	0	1	0	0	0	0	0	34	.	0|0|0|0,0|0|0|0,0|0|0|0,0|0|1|34,0|.0|.,.|.
5HT2cR-ligated-N	118	119	T	1	1	0	0	0	0	1	0	0	0	0	0	36	.	0	0	0	0	0	0	0	0	0	0	.	0	0	0	1	0	0	0	0	0	36	.	0|0|0|0,0|0|0|0,0|0|0|0,0|0|1|36,0|.0|.,.|.
5HT2cR-ligated-N	119	120	T	1	1	0	0	0	0	1	0	0	0	0	0	37	.	0	0	0	0	0	0	0	0	0	0	.	0	0	0	1	0	0	0	0	0	37	.	0|0|0|0,0|0|0|0,0|0|0|0,0|0|1|37,0|.0|.,.|.
5HT2cR-ligated-N	120	121	T	1	1	0	0	0	0	1	0	0	0	0	0	38	.	0	0	0	0	0	0	0	0	0	0	.	0	0	0	1	0	0	0	0	0	38	.	0|0|0|0,0|0|0|0,0|0|0|0,0|0|1|38,0|.0|.,.|.
5HT2cR-ligated-N	121	122	T	1	1	0	0	0	0	1	0	0	0	0	0	30	.	0	0	0	0	0	0	0	0	0	0	.	0	0	0	1	0	0	0	0	0	30	.	0|0|0|0,0|0|0|0,0|0|0|0,0|0|1|30,0|.0|.,.|.
5HT2cR-ligated-N	122	123	G	1	1	0	0	0	1	0	0	0	0	0	30	0	.	0	0	0	0	0	0	0	0	0	0	.	0	0	1	0	0	0	0	0	30	0	.	0|0|0|0,0|0|0|0,0|0|1|30,0|0|0|0,0|.0|.,.|.
5HT2cR-ligated-N	123	124	G	1	1	0	0	0	1	0	0	0	0	0	30	0	.	0	0	0	0	0	0	0	0	0	0	.	0	0	1	0	0	0	0	0	30	0	.	0|0|0|0,0|0|0|0,0|0|1|30,0|0|0|0,0|.0|.,.|.
5HT2cR-ligated-N	124	125	C	1	1	0	0	1	0	0	0	0	0	18	0	0	.	0	0	0	0	0	0	0	0	0	0	.	0	1	0	0	0	0	0	18	0	0	.	0|0|0|0,0|0|1|18,0|0|0|0,0|0|0|0,0|.0|.,.|.
5HT2cR-ligated-N	125	126	C	1	1	0	0	1	0	0	0	0	0	33	0	0	.	0	0	0	0	0	0	0	0	0	0	.	0	1	0	0	0	0	0	33	0	0	.	0|0|0|0,0|0|1|33,0|0|0|0,0|0|0|0,0|.0|.,.|.
5HT2cR-ligated-N	126	127	A	1	1	0	1	0	0	0	0	0	19	0	0	0	.	0	0	0	0	0	0	0	0	0	0	.	1	0	0	0	0	0	19	0	0	0	.	0|0|1|19,0|0|0|0,0|0|0|0,0|0|0|0,0|.0|.,.|.
5HT2cR-ligated-N	127	128	T	1	1	0	0	0	0	1	0	0	0	0	0	33	.	0	0	0	0	0	0	0	0	0	0	.	0	0	0	1	0	0	0	0	0	33	.	0|0|0|0,0|0|0|0,0|0|0|0,0|0|1|33,0|.0|.,.|.
5HT2cR-ligated-N	128	129	A	1	1	0	1	0	0	0	0	0	33	0	0	0	.	0	0	0	0	0	0	0	0	0	0	.	1	0	0	0	0	0	33	0	0	0	.	0|0|1|33,0|0|0|0,0|0|0|0,0|0|0|0,0|.0|.,.|.
5HT2cR-ligated-N	129	130	A	1	1	0	1	0	0	0	0	0	19	0	0	0	.	0	0	0	0	0	0	0	0	0	0	.	1	0	0	0	0	0	19	0	0	0	.	0|0|1|19,0|0|0|0,0|0|0|0,0|0|0|0,0|.0|.,.|.
5HT2cR-ligated-N	130	131	G	1	1	0	0	0	1	0	0	0	0	0	29	0	.	0	0	0	0	0	0	0	0	0	0	.	0	0	1	0	0	0	0	0	29	0	.	0|0|0|0,0|0|0|0,0|0|1|29,0|0|0|0,0|.0|.,.|.
5HT2cR-ligated-N	131	132	A	1	1	0	1	0	0	0	0	0	33	0	0	0	.	0	0	0	0	0	0	0	0	0	0	.	1	0	0	0	0	0	33	0	0	0	.	0|0|1|33,0|0|0|0,0|0|0|0,0|0|0|0,0|.0|.,.|.
5HT2cR-ligated-N	132	133	A	1	1	0	1	0	0	0	0	0	30	0	0	0	.	0	0	0	0	0	0	0	0	0	0	.	1	0	0	0	0	0	30	0	0	0	.	0|0|1|30,0|0|0|0,0|0|0|0,0|0|0|0,0|.0|.,.|.
5HT2cR-ligated-N	133	134	T	1	1	0	0	0	0	1	0	0	0	0	0	30	.	0	0	0	0	0	0	0	0	0	0	.	0	0	0	1	0	0	0	0	0	30	.	0|0|0|0,0|0|0|0,0|0|0|0,0|0|1|30,0|.0|.,.|.
5HT2cR-ligated-N	134	135	T	1	1	0	0	0	0	1	0	0	0	0	0	18	.	0	0	0	0	0	0	0	0	0	0	.	0	0	0	1	0	0	0	0	0	18	.	0|0|0|0,0|0|0|0,0|0|0|0,0|0|1|18,0|.0|.,.|.
5HT2cR-ligated-N	135	136	G	1	1	0	0	0	1	0	0	0	0	0	30	0	.	0	0	0	0	0	0	0	0	0	0	.	0	0	1	0	0	0	0	0	30	0	.	0|0|0|0,0|0|0|0,0|0|1|30,0|0|0|0,0|.0|.,.|.
5HT2cR-ligated-N	136	137	C	1	1	0	0	1	0	0	0	0	0	38	0	0	.	0	0	0	0	0	0	0	0	0	0	.	0	1	0	0	0	0	0	38	0	0	.	0|0|0|0,0|0|1|38,0|0|0|0,0|0|0|0,0|.0|.,.|.
5HT2cR-ligated-N	137	138	A	1	1	0	1	0	0	0	0	0	16	0	0	0	.	0	0	0	0	0	0	0	0	0	0	.	1	0	0	0	0	0	16	0	0	0	.	0|0|1|16,0|0|0|0,0|0|0|0,0|0|0|0,0|.0|.,.|.
5HT2cR-ligated-N	138	139	G	1	1	0	0	0	1	0	0	0	0	0	29	0	.	0	0	0	0	0	0	0	0	0	0	.	0	0	1	0	0	0	0	0	29	0	.	0|0|0|0,0|0|0|0,0|0|1|29,0|0|0|0,0|.0|.,.|.
5HT2cR-ligated-N	139	140	C	1	1	0	0	1	0	0	0	0	0	34	0	0	.	0	0	0	0	0	0	0	0	0	0	.	0	1	0	0	0	0	0	34	0	0	.	0|0|0|0,0|0|1|34,0|0|0|0,0|0|0|0,0|.0|.,.|.
5HT2cR-ligated-N	140	141	G	1	1	0	0	0	1	0	0	0	0	0	16	0	.	0	0	0	0	0	0	0	0	0	0	.	0	0	1	0	0	0	0	0	16	0	.	0|0|0|0,0|0|0|0,0|0|1|16,0|0|0|0,0|.0|.,.|.
